tiempo,semaforo_id,num_vehiculos,fase,duracion_verde
1.0,2496228891,1,0,15
1.0,cluster_12013799525_12013799526_2496228894,1,0,15
1.0,cluster_12013799527_12013799528_2190601967,1,0,15
1.0,cluster_12013799529_12013799530_473195061,1,0,15
2.0,2496228891,1,0,15
2.0,cluster_12013799525_12013799526_2496228894,1,0,15
2.0,cluster_12013799527_12013799528_2190601967,1,0,15
2.0,cluster_12013799529_12013799530_473195061,1,0,15
3.0,2496228891,1,0,15
3.0,cluster_12013799525_12013799526_2496228894,1,0,15
3.0,cluster_12013799527_12013799528_2190601967,1,0,15
3.0,cluster_12013799529_12013799530_473195061,1,0,15
4.0,2496228891,1,0,15
4.0,cluster_12013799525_12013799526_2496228894,1,0,15
4.0,cluster_12013799527_12013799528_2190601967,1,0,15
4.0,cluster_12013799529_12013799530_473195061,1,0,15
5.0,2496228891,2,0,15
5.0,cluster_12013799525_12013799526_2496228894,2,0,15
5.0,cluster_12013799527_12013799528_2190601967,2,0,15
5.0,cluster_12013799529_12013799530_473195061,2,0,15
6.0,2496228891,2,0,15
6.0,cluster_12013799525_12013799526_2496228894,2,0,15
6.0,cluster_12013799527_12013799528_2190601967,2,0,15
6.0,cluster_12013799529_12013799530_473195061,2,0,15
7.0,2496228891,2,0,15
7.0,cluster_12013799525_12013799526_2496228894,2,0,15
7.0,cluster_12013799527_12013799528_2190601967,2,0,15
7.0,cluster_12013799529_12013799530_473195061,2,0,15
8.0,2496228891,2,0,15
8.0,cluster_12013799525_12013799526_2496228894,2,0,15
8.0,cluster_12013799527_12013799528_2190601967,2,0,15
8.0,cluster_12013799529_12013799530_473195061,2,0,15
9.0,2496228891,3,0,15
9.0,cluster_12013799525_12013799526_2496228894,2,0,15
9.0,cluster_12013799527_12013799528_2190601967,3,0,15
9.0,cluster_12013799529_12013799530_473195061,3,0,15
10.0,2496228891,3,0,15
10.0,cluster_12013799525_12013799526_2496228894,3,0,15
10.0,cluster_12013799527_12013799528_2190601967,3,0,15
10.0,cluster_12013799529_12013799530_473195061,3,0,15
11.0,2496228891,3,0,15
11.0,cluster_12013799525_12013799526_2496228894,2,0,15
11.0,cluster_12013799527_12013799528_2190601967,3,0,15
11.0,cluster_12013799529_12013799530_473195061,3,0,15
12.0,2496228891,3,0,15
12.0,cluster_12013799525_12013799526_2496228894,2,0,15
12.0,cluster_12013799527_12013799528_2190601967,3,0,15
12.0,cluster_12013799529_12013799530_473195061,3,0,15
13.0,2496228891,4,0,23
13.0,cluster_12013799525_12013799526_2496228894,2,0,15
13.0,cluster_12013799527_12013799528_2190601967,4,0,23
13.0,cluster_12013799529_12013799530_473195061,4,0,21
14.0,2496228891,4,0,21
14.0,cluster_12013799525_12013799526_2496228894,3,0,15
14.0,cluster_12013799527_12013799528_2190601967,4,0,21
14.0,cluster_12013799529_12013799530_473195061,4,0,21
15.0,2496228891,4,0,21
15.0,cluster_12013799525_12013799526_2496228894,3,0,15
15.0,cluster_12013799527_12013799528_2190601967,4,0,21
15.0,cluster_12013799529_12013799530_473195061,4,0,21
16.0,2496228891,4,0,21
16.0,cluster_12013799525_12013799526_2496228894,2,0,15
16.0,cluster_12013799527_12013799528_2190601967,4,0,21
16.0,cluster_12013799529_12013799530_473195061,4,0,21
17.0,2496228891,5,0,23
17.0,cluster_12013799525_12013799526_2496228894,2,0,15
17.0,cluster_12013799527_12013799528_2190601967,5,0,23
17.0,cluster_12013799529_12013799530_473195061,5,0,21
18.0,2496228891,5,0,21
18.0,cluster_12013799525_12013799526_2496228894,2,0,15
18.0,cluster_12013799527_12013799528_2190601967,4,0,21
18.0,cluster_12013799529_12013799530_473195061,5,0,21
19.0,2496228891,4,0,21
19.0,cluster_12013799525_12013799526_2496228894,1,0,15
19.0,cluster_12013799527_12013799528_2190601967,4,0,21
19.0,cluster_12013799529_12013799530_473195061,4,0,21
20.0,2496228891,4,0,21
20.0,cluster_12013799525_12013799526_2496228894,1,0,15
20.0,cluster_12013799527_12013799528_2190601967,4,0,21
20.0,cluster_12013799529_12013799530_473195061,4,0,21
21.0,2496228891,5,0,23
21.0,cluster_12013799525_12013799526_2496228894,1,0,15
21.0,cluster_12013799527_12013799528_2190601967,5,0,23
21.0,cluster_12013799529_12013799530_473195061,3,0,15
22.0,2496228891,5,0,21
22.0,cluster_12013799525_12013799526_2496228894,1,0,15
22.0,cluster_12013799527_12013799528_2190601967,4,0,21
22.0,cluster_12013799529_12013799530_473195061,3,0,15
23.0,2496228891,7,0,23
23.0,cluster_12013799525_12013799526_2496228894,1,0,15
23.0,cluster_12013799527_12013799528_2190601967,4,0,21
23.0,cluster_12013799529_12013799530_473195061,3,0,15
24.0,2496228891,7,0,21
24.0,cluster_12013799525_12013799526_2496228894,0,0,15
24.0,cluster_12013799527_12013799528_2190601967,4,0,21
24.0,cluster_12013799529_12013799530_473195061,3,0,15
25.0,2496228891,7,0,21
25.0,cluster_12013799525_12013799526_2496228894,0,0,15
25.0,cluster_12013799527_12013799528_2190601967,5,0,23
25.0,cluster_12013799529_12013799530_473195061,3,0,15
26.0,2496228891,5,0,21
26.0,cluster_12013799525_12013799526_2496228894,0,0,15
26.0,cluster_12013799527_12013799528_2190601967,5,0,21
26.0,cluster_12013799529_12013799530_473195061,3,0,15
27.0,2496228891,5,0,21
27.0,cluster_12013799525_12013799526_2496228894,0,0,15
27.0,cluster_12013799527_12013799528_2190601967,4,0,21
27.0,cluster_12013799529_12013799530_473195061,3,0,15
28.0,2496228891,3,0,15
28.0,cluster_12013799525_12013799526_2496228894,0,0,15
28.0,cluster_12013799527_12013799528_2190601967,4,0,21
28.0,cluster_12013799529_12013799530_473195061,2,0,15
29.0,2496228891,3,0,15
29.0,cluster_12013799525_12013799526_2496228894,0,0,15
29.0,cluster_12013799527_12013799528_2190601967,4,0,21
29.0,cluster_12013799529_12013799530_473195061,2,0,15
30.0,2496228891,3,0,15
30.0,cluster_12013799525_12013799526_2496228894,0,0,15
30.0,cluster_12013799527_12013799528_2190601967,4,0,21
30.0,cluster_12013799529_12013799530_473195061,1,0,15
31.0,2496228891,3,0,15
31.0,cluster_12013799525_12013799526_2496228894,0,0,15
31.0,cluster_12013799527_12013799528_2190601967,3,0,15
31.0,cluster_12013799529_12013799530_473195061,1,0,15
32.0,2496228891,3,0,15
32.0,cluster_12013799525_12013799526_2496228894,0,0,15
32.0,cluster_12013799527_12013799528_2190601967,3,0,15
32.0,cluster_12013799529_12013799530_473195061,1,0,15
33.0,2496228891,2,0,15
33.0,cluster_12013799525_12013799526_2496228894,0,0,15
33.0,cluster_12013799527_12013799528_2190601967,3,0,15
33.0,cluster_12013799529_12013799530_473195061,1,0,15
34.0,2496228891,2,0,15
34.0,cluster_12013799525_12013799526_2496228894,0,0,15
34.0,cluster_12013799527_12013799528_2190601967,3,0,15
34.0,cluster_12013799529_12013799530_473195061,1,0,15
35.0,2496228891,1,0,15
35.0,cluster_12013799525_12013799526_2496228894,0,0,15
35.0,cluster_12013799527_12013799528_2190601967,2,0,15
35.0,cluster_12013799529_12013799530_473195061,0,0,15
36.0,2496228891,0,0,15
36.0,cluster_12013799525_12013799526_2496228894,0,0,15
36.0,cluster_12013799527_12013799528_2190601967,2,0,15
36.0,cluster_12013799529_12013799530_473195061,0,0,15
37.0,2496228891,1,0,15
37.0,cluster_12013799525_12013799526_2496228894,0,0,15
37.0,cluster_12013799527_12013799528_2190601967,2,0,15
37.0,cluster_12013799529_12013799530_473195061,0,0,15
38.0,2496228891,1,0,15
38.0,cluster_12013799525_12013799526_2496228894,0,0,15
38.0,cluster_12013799527_12013799528_2190601967,1,0,15
38.0,cluster_12013799529_12013799530_473195061,0,0,15
39.0,2496228891,2,0,15
39.0,cluster_12013799525_12013799526_2496228894,0,0,15
39.0,cluster_12013799527_12013799528_2190601967,1,0,15
39.0,cluster_12013799529_12013799530_473195061,0,0,15
40.0,2496228891,2,0,15
40.0,cluster_12013799525_12013799526_2496228894,0,0,15
40.0,cluster_12013799527_12013799528_2190601967,1,0,15
40.0,cluster_12013799529_12013799530_473195061,0,0,15
41.0,2496228891,2,0,15
41.0,cluster_12013799525_12013799526_2496228894,0,0,15
41.0,cluster_12013799527_12013799528_2190601967,1,0,15
41.0,cluster_12013799529_12013799530_473195061,0,0,15
42.0,2496228891,2,0,15
42.0,cluster_12013799525_12013799526_2496228894,0,0,15
42.0,cluster_12013799527_12013799528_2190601967,0,0,15
42.0,cluster_12013799529_12013799530_473195061,0,0,15
46.0,2496228891,3,2,15
46.0,cluster_12013799525_12013799526_2496228894,3,2,15
46.0,cluster_12013799527_12013799528_2190601967,3,2,15
46.0,cluster_12013799529_12013799530_473195061,6,2,21
47.0,2496228891,2,2,15
47.0,cluster_12013799525_12013799526_2496228894,2,2,15
47.0,cluster_12013799527_12013799528_2190601967,2,2,15
47.0,cluster_12013799529_12013799530_473195061,4,2,21
48.0,2496228891,2,2,15
48.0,cluster_12013799525_12013799526_2496228894,2,2,15
48.0,cluster_12013799527_12013799528_2190601967,2,2,15
48.0,cluster_12013799529_12013799530_473195061,4,2,21
49.0,2496228891,2,2,15
49.0,cluster_12013799525_12013799526_2496228894,2,2,15
49.0,cluster_12013799527_12013799528_2190601967,2,2,15
49.0,cluster_12013799529_12013799530_473195061,4,2,21
50.0,2496228891,2,2,15
50.0,cluster_12013799525_12013799526_2496228894,2,2,15
50.0,cluster_12013799527_12013799528_2190601967,1,2,15
50.0,cluster_12013799529_12013799530_473195061,4,2,21
51.0,2496228891,1,2,15
51.0,cluster_12013799525_12013799526_2496228894,2,2,15
51.0,cluster_12013799527_12013799528_2190601967,1,2,15
51.0,cluster_12013799529_12013799530_473195061,3,2,15
52.0,2496228891,1,2,15
52.0,cluster_12013799525_12013799526_2496228894,2,2,15
52.0,cluster_12013799527_12013799528_2190601967,1,2,15
52.0,cluster_12013799529_12013799530_473195061,3,2,15
53.0,2496228891,1,2,15
53.0,cluster_12013799525_12013799526_2496228894,2,2,15
53.0,cluster_12013799527_12013799528_2190601967,0,2,15
53.0,cluster_12013799529_12013799530_473195061,4,2,23
54.0,2496228891,0,2,15
54.0,cluster_12013799525_12013799526_2496228894,2,2,15
54.0,cluster_12013799527_12013799528_2190601967,0,2,15
54.0,cluster_12013799529_12013799530_473195061,3,2,15
55.0,2496228891,0,2,15
55.0,cluster_12013799525_12013799526_2496228894,2,2,15
55.0,cluster_12013799527_12013799528_2190601967,0,2,15
55.0,cluster_12013799529_12013799530_473195061,4,2,23
56.0,2496228891,0,2,15
56.0,cluster_12013799525_12013799526_2496228894,3,2,15
56.0,cluster_12013799527_12013799528_2190601967,0,2,15
56.0,cluster_12013799529_12013799530_473195061,3,2,15
57.0,2496228891,0,2,15
57.0,cluster_12013799525_12013799526_2496228894,3,2,15
57.0,cluster_12013799527_12013799528_2190601967,0,2,15
57.0,cluster_12013799529_12013799530_473195061,3,2,15
58.0,2496228891,0,2,15
58.0,cluster_12013799525_12013799526_2496228894,3,2,15
58.0,cluster_12013799527_12013799528_2190601967,0,2,15
58.0,cluster_12013799529_12013799530_473195061,3,2,15
59.0,2496228891,0,2,15
59.0,cluster_12013799525_12013799526_2496228894,3,2,15
59.0,cluster_12013799527_12013799528_2190601967,0,2,15
59.0,cluster_12013799529_12013799530_473195061,3,2,15
60.0,2496228891,0,2,15
60.0,cluster_12013799525_12013799526_2496228894,3,2,15
60.0,cluster_12013799527_12013799528_2190601967,0,2,15
60.0,cluster_12013799529_12013799530_473195061,3,2,15
61.0,2496228891,0,2,15
61.0,cluster_12013799525_12013799526_2496228894,3,2,15
61.0,cluster_12013799527_12013799528_2190601967,0,2,15
61.0,cluster_12013799529_12013799530_473195061,2,2,15
62.0,cluster_12013799529_12013799530_473195061,2,2,15
63.0,cluster_12013799529_12013799530_473195061,1,2,15
64.0,cluster_12013799529_12013799530_473195061,1,2,15
65.0,2496228891,6,0,21
65.0,cluster_12013799525_12013799526_2496228894,0,0,15
65.0,cluster_12013799527_12013799528_2190601967,0,0,15
65.0,cluster_12013799529_12013799530_473195061,1,2,15
66.0,2496228891,6,0,21
66.0,cluster_12013799525_12013799526_2496228894,0,0,15
66.0,cluster_12013799527_12013799528_2190601967,0,0,15
66.0,cluster_12013799529_12013799530_473195061,0,2,15
67.0,2496228891,6,0,23
67.0,cluster_12013799525_12013799526_2496228894,0,0,15
67.0,cluster_12013799527_12013799528_2190601967,0,0,15
67.0,cluster_12013799529_12013799530_473195061,0,2,15
68.0,2496228891,4,0,21
68.0,cluster_12013799525_12013799526_2496228894,0,0,15
68.0,cluster_12013799527_12013799528_2190601967,0,0,15
69.0,2496228891,4,0,23
69.0,cluster_12013799525_12013799526_2496228894,0,0,15
69.0,cluster_12013799527_12013799528_2190601967,0,0,15
70.0,2496228891,4,0,21
70.0,cluster_12013799525_12013799526_2496228894,0,0,15
70.0,cluster_12013799527_12013799528_2190601967,0,0,15
71.0,2496228891,4,0,23
71.0,cluster_12013799525_12013799526_2496228894,0,0,15
71.0,cluster_12013799527_12013799528_2190601967,0,0,15
71.0,cluster_12013799529_12013799530_473195061,0,0,15
72.0,2496228891,3,0,15
72.0,cluster_12013799525_12013799526_2496228894,0,0,15
72.0,cluster_12013799527_12013799528_2190601967,0,0,15
72.0,cluster_12013799529_12013799530_473195061,0,0,15
73.0,2496228891,3,0,15
73.0,cluster_12013799525_12013799526_2496228894,0,0,15
73.0,cluster_12013799527_12013799528_2190601967,0,0,15
73.0,cluster_12013799529_12013799530_473195061,0,0,15
74.0,2496228891,3,0,15
74.0,cluster_12013799525_12013799526_2496228894,0,0,15
74.0,cluster_12013799527_12013799528_2190601967,0,0,15
74.0,cluster_12013799529_12013799530_473195061,0,0,15
75.0,2496228891,2,0,15
75.0,cluster_12013799525_12013799526_2496228894,0,0,15
75.0,cluster_12013799527_12013799528_2190601967,0,0,15
75.0,cluster_12013799529_12013799530_473195061,0,0,15
76.0,2496228891,2,0,15
76.0,cluster_12013799525_12013799526_2496228894,0,0,15
76.0,cluster_12013799527_12013799528_2190601967,0,0,15
76.0,cluster_12013799529_12013799530_473195061,0,0,15
77.0,2496228891,2,0,15
77.0,cluster_12013799525_12013799526_2496228894,0,0,15
77.0,cluster_12013799527_12013799528_2190601967,0,0,15
77.0,cluster_12013799529_12013799530_473195061,0,0,15
78.0,2496228891,1,0,15
78.0,cluster_12013799525_12013799526_2496228894,0,0,15
78.0,cluster_12013799527_12013799528_2190601967,0,0,15
78.0,cluster_12013799529_12013799530_473195061,0,0,15
79.0,2496228891,1,0,15
79.0,cluster_12013799525_12013799526_2496228894,0,0,15
79.0,cluster_12013799527_12013799528_2190601967,0,0,15
79.0,cluster_12013799529_12013799530_473195061,0,0,15
80.0,2496228891,1,0,15
80.0,cluster_12013799525_12013799526_2496228894,0,0,15
80.0,cluster_12013799527_12013799528_2190601967,0,0,15
80.0,cluster_12013799529_12013799530_473195061,0,0,15
81.0,2496228891,0,0,15
81.0,cluster_12013799529_12013799530_473195061,0,0,15
82.0,2496228891,0,0,15
82.0,cluster_12013799529_12013799530_473195061,0,0,15
83.0,2496228891,0,0,15
83.0,cluster_12013799529_12013799530_473195061,0,0,15
84.0,2496228891,0,0,15
84.0,cluster_12013799525_12013799526_2496228894,7,2,21
84.0,cluster_12013799527_12013799528_2190601967,0,2,15
84.0,cluster_12013799529_12013799530_473195061,0,0,15
85.0,2496228891,0,0,15
85.0,cluster_12013799525_12013799526_2496228894,7,2,21
85.0,cluster_12013799527_12013799528_2190601967,0,2,15
85.0,cluster_12013799529_12013799530_473195061,0,0,15
86.0,2496228891,0,0,15
86.0,cluster_12013799525_12013799526_2496228894,6,2,21
86.0,cluster_12013799527_12013799528_2190601967,0,2,15
86.0,cluster_12013799529_12013799530_473195061,0,0,15
87.0,cluster_12013799525_12013799526_2496228894,6,2,21
87.0,cluster_12013799527_12013799528_2190601967,0,2,15
88.0,cluster_12013799525_12013799526_2496228894,5,2,21
88.0,cluster_12013799527_12013799528_2190601967,0,2,15
89.0,cluster_12013799525_12013799526_2496228894,5,2,21
89.0,cluster_12013799527_12013799528_2190601967,1,2,15
90.0,2496228891,0,2,15
90.0,cluster_12013799525_12013799526_2496228894,5,2,21
90.0,cluster_12013799527_12013799528_2190601967,1,2,15
90.0,cluster_12013799529_12013799530_473195061,0,2,15
91.0,2496228891,0,2,15
91.0,cluster_12013799525_12013799526_2496228894,4,2,21
91.0,cluster_12013799527_12013799528_2190601967,2,2,15
91.0,cluster_12013799529_12013799530_473195061,0,2,15
92.0,2496228891,0,2,15
92.0,cluster_12013799525_12013799526_2496228894,3,2,15
92.0,cluster_12013799527_12013799528_2190601967,2,2,15
92.0,cluster_12013799529_12013799530_473195061,0,2,15
93.0,2496228891,0,2,15
93.0,cluster_12013799525_12013799526_2496228894,3,2,15
93.0,cluster_12013799527_12013799528_2190601967,2,2,15
93.0,cluster_12013799529_12013799530_473195061,0,2,15
94.0,2496228891,0,2,15
94.0,cluster_12013799525_12013799526_2496228894,3,2,15
94.0,cluster_12013799527_12013799528_2190601967,3,2,15
94.0,cluster_12013799529_12013799530_473195061,0,2,15
95.0,2496228891,0,2,15
95.0,cluster_12013799525_12013799526_2496228894,2,2,15
95.0,cluster_12013799527_12013799528_2190601967,3,2,15
95.0,cluster_12013799529_12013799530_473195061,0,2,15
96.0,2496228891,0,2,15
96.0,cluster_12013799525_12013799526_2496228894,2,2,15
96.0,cluster_12013799527_12013799528_2190601967,2,2,15
96.0,cluster_12013799529_12013799530_473195061,0,2,15
97.0,2496228891,0,2,15
97.0,cluster_12013799525_12013799526_2496228894,1,2,15
97.0,cluster_12013799527_12013799528_2190601967,3,2,15
97.0,cluster_12013799529_12013799530_473195061,0,2,15
98.0,2496228891,0,2,15
98.0,cluster_12013799525_12013799526_2496228894,1,2,15
98.0,cluster_12013799527_12013799528_2190601967,3,2,15
98.0,cluster_12013799529_12013799530_473195061,0,2,15
99.0,2496228891,0,2,15
99.0,cluster_12013799525_12013799526_2496228894,0,2,15
99.0,cluster_12013799527_12013799528_2190601967,3,2,15
99.0,cluster_12013799529_12013799530_473195061,0,2,15
100.0,2496228891,0,2,15
100.0,cluster_12013799525_12013799526_2496228894,0,2,15
100.0,cluster_12013799529_12013799530_473195061,0,2,15
101.0,2496228891,0,2,15
101.0,cluster_12013799525_12013799526_2496228894,0,2,15
101.0,cluster_12013799529_12013799530_473195061,0,2,15
102.0,2496228891,0,2,15
102.0,cluster_12013799525_12013799526_2496228894,0,2,15
102.0,cluster_12013799529_12013799530_473195061,0,2,15
103.0,2496228891,0,2,15
103.0,cluster_12013799525_12013799526_2496228894,0,2,15
103.0,cluster_12013799527_12013799528_2190601967,0,0,15
103.0,cluster_12013799529_12013799530_473195061,0,2,15
104.0,2496228891,0,2,15
104.0,cluster_12013799525_12013799526_2496228894,0,2,15
104.0,cluster_12013799527_12013799528_2190601967,0,0,15
104.0,cluster_12013799529_12013799530_473195061,0,2,15
105.0,2496228891,0,2,15
105.0,cluster_12013799525_12013799526_2496228894,0,2,15
105.0,cluster_12013799527_12013799528_2190601967,0,0,15
105.0,cluster_12013799529_12013799530_473195061,0,2,15
106.0,cluster_12013799527_12013799528_2190601967,0,0,15
107.0,cluster_12013799527_12013799528_2190601967,0,0,15
108.0,cluster_12013799527_12013799528_2190601967,0,0,15
109.0,2496228891,0,0,15
109.0,cluster_12013799525_12013799526_2496228894,0,0,15
109.0,cluster_12013799527_12013799528_2190601967,0,0,15
109.0,cluster_12013799529_12013799530_473195061,0,0,15
110.0,2496228891,0,0,15
110.0,cluster_12013799525_12013799526_2496228894,0,0,15
110.0,cluster_12013799527_12013799528_2190601967,0,0,15
110.0,cluster_12013799529_12013799530_473195061,0,0,15
111.0,2496228891,0,0,15
111.0,cluster_12013799525_12013799526_2496228894,0,0,15
111.0,cluster_12013799527_12013799528_2190601967,0,0,15
111.0,cluster_12013799529_12013799530_473195061,0,0,15
112.0,2496228891,0,0,15
112.0,cluster_12013799525_12013799526_2496228894,0,0,15
112.0,cluster_12013799527_12013799528_2190601967,0,0,15
112.0,cluster_12013799529_12013799530_473195061,0,0,15
113.0,2496228891,0,0,15
113.0,cluster_12013799525_12013799526_2496228894,0,0,15
113.0,cluster_12013799527_12013799528_2190601967,0,0,15
113.0,cluster_12013799529_12013799530_473195061,0,0,15
114.0,2496228891,0,0,15
114.0,cluster_12013799525_12013799526_2496228894,0,0,15
114.0,cluster_12013799527_12013799528_2190601967,0,0,15
114.0,cluster_12013799529_12013799530_473195061,0,0,15
115.0,2496228891,0,0,15
115.0,cluster_12013799525_12013799526_2496228894,0,0,15
115.0,cluster_12013799527_12013799528_2190601967,0,0,15
115.0,cluster_12013799529_12013799530_473195061,0,0,15
116.0,2496228891,0,0,15
116.0,cluster_12013799525_12013799526_2496228894,0,0,15
116.0,cluster_12013799527_12013799528_2190601967,0,0,15
116.0,cluster_12013799529_12013799530_473195061,0,0,15
117.0,2496228891,0,0,15
117.0,cluster_12013799525_12013799526_2496228894,0,0,15
117.0,cluster_12013799527_12013799528_2190601967,0,0,15
117.0,cluster_12013799529_12013799530_473195061,0,0,15
118.0,2496228891,0,0,15
118.0,cluster_12013799525_12013799526_2496228894,0,0,15
118.0,cluster_12013799527_12013799528_2190601967,0,0,15
118.0,cluster_12013799529_12013799530_473195061,0,0,15
119.0,2496228891,0,0,15
119.0,cluster_12013799525_12013799526_2496228894,0,0,15
119.0,cluster_12013799529_12013799530_473195061,0,0,15
120.0,2496228891,0,0,15
120.0,cluster_12013799525_12013799526_2496228894,0,0,15
120.0,cluster_12013799529_12013799530_473195061,0,0,15
121.0,2496228891,0,0,15
121.0,cluster_12013799525_12013799526_2496228894,0,0,15
121.0,cluster_12013799529_12013799530_473195061,0,0,15
122.0,2496228891,0,0,15
122.0,cluster_12013799525_12013799526_2496228894,0,0,15
122.0,cluster_12013799527_12013799528_2190601967,1,2,15
122.0,cluster_12013799529_12013799530_473195061,0,0,15
123.0,2496228891,0,0,15
123.0,cluster_12013799525_12013799526_2496228894,0,0,15
123.0,cluster_12013799527_12013799528_2190601967,1,2,15
123.0,cluster_12013799529_12013799530_473195061,0,0,15
124.0,2496228891,0,0,15
124.0,cluster_12013799525_12013799526_2496228894,0,0,15
124.0,cluster_12013799527_12013799528_2190601967,1,2,15
124.0,cluster_12013799529_12013799530_473195061,0,0,15
125.0,cluster_12013799527_12013799528_2190601967,1,2,15
126.0,cluster_12013799527_12013799528_2190601967,0,2,15
127.0,cluster_12013799527_12013799528_2190601967,0,2,15
128.0,2496228891,0,2,15
128.0,cluster_12013799525_12013799526_2496228894,0,2,15
128.0,cluster_12013799527_12013799528_2190601967,0,2,15
128.0,cluster_12013799529_12013799530_473195061,1,2,15
129.0,2496228891,0,2,15
129.0,cluster_12013799525_12013799526_2496228894,0,2,15
129.0,cluster_12013799527_12013799528_2190601967,0,2,15
129.0,cluster_12013799529_12013799530_473195061,1,2,15
130.0,2496228891,0,2,15
130.0,cluster_12013799525_12013799526_2496228894,0,2,15
130.0,cluster_12013799527_12013799528_2190601967,0,2,15
130.0,cluster_12013799529_12013799530_473195061,1,2,15
131.0,2496228891,0,2,15
131.0,cluster_12013799525_12013799526_2496228894,0,2,15
131.0,cluster_12013799527_12013799528_2190601967,0,2,15
131.0,cluster_12013799529_12013799530_473195061,1,2,15
132.0,2496228891,0,2,15
132.0,cluster_12013799525_12013799526_2496228894,0,2,15
132.0,cluster_12013799527_12013799528_2190601967,0,2,15
132.0,cluster_12013799529_12013799530_473195061,1,2,15
133.0,2496228891,0,2,15
133.0,cluster_12013799525_12013799526_2496228894,0,2,15
133.0,cluster_12013799527_12013799528_2190601967,0,2,15
133.0,cluster_12013799529_12013799530_473195061,1,2,15
134.0,2496228891,0,2,15
134.0,cluster_12013799525_12013799526_2496228894,0,2,15
134.0,cluster_12013799527_12013799528_2190601967,0,2,15
134.0,cluster_12013799529_12013799530_473195061,1,2,15
135.0,2496228891,0,2,15
135.0,cluster_12013799525_12013799526_2496228894,0,2,15
135.0,cluster_12013799527_12013799528_2190601967,0,2,15
135.0,cluster_12013799529_12013799530_473195061,1,2,15
136.0,2496228891,0,2,15
136.0,cluster_12013799525_12013799526_2496228894,0,2,15
136.0,cluster_12013799527_12013799528_2190601967,0,2,15
136.0,cluster_12013799529_12013799530_473195061,0,2,15
137.0,2496228891,0,2,15
137.0,cluster_12013799525_12013799526_2496228894,0,2,15
137.0,cluster_12013799527_12013799528_2190601967,0,2,15
137.0,cluster_12013799529_12013799530_473195061,0,2,15
138.0,2496228891,0,2,15
138.0,cluster_12013799525_12013799526_2496228894,0,2,15
138.0,cluster_12013799529_12013799530_473195061,0,2,15
139.0,2496228891,0,2,15
139.0,cluster_12013799525_12013799526_2496228894,0,2,15
139.0,cluster_12013799529_12013799530_473195061,0,2,15
140.0,2496228891,1,2,15
140.0,cluster_12013799525_12013799526_2496228894,1,2,15
140.0,cluster_12013799529_12013799530_473195061,1,2,15
141.0,2496228891,1,2,15
141.0,cluster_12013799525_12013799526_2496228894,1,2,15
141.0,cluster_12013799527_12013799528_2190601967,1,0,15
141.0,cluster_12013799529_12013799530_473195061,1,2,15
142.0,2496228891,1,2,15
142.0,cluster_12013799525_12013799526_2496228894,1,2,15
142.0,cluster_12013799527_12013799528_2190601967,1,0,15
142.0,cluster_12013799529_12013799530_473195061,1,2,15
143.0,2496228891,1,2,15
143.0,cluster_12013799525_12013799526_2496228894,1,2,15
143.0,cluster_12013799527_12013799528_2190601967,1,0,15
143.0,cluster_12013799529_12013799530_473195061,1,2,15
144.0,cluster_12013799527_12013799528_2190601967,2,0,15
145.0,cluster_12013799527_12013799528_2190601967,2,0,15
146.0,cluster_12013799527_12013799528_2190601967,2,0,15
147.0,2496228891,2,0,15
147.0,cluster_12013799525_12013799526_2496228894,2,0,15
147.0,cluster_12013799527_12013799528_2190601967,2,0,15
147.0,cluster_12013799529_12013799530_473195061,2,0,15
148.0,2496228891,3,0,15
148.0,cluster_12013799525_12013799526_2496228894,3,0,15
148.0,cluster_12013799527_12013799528_2190601967,3,0,15
148.0,cluster_12013799529_12013799530_473195061,3,0,15
149.0,2496228891,3,0,15
149.0,cluster_12013799525_12013799526_2496228894,3,0,15
149.0,cluster_12013799527_12013799528_2190601967,3,0,15
149.0,cluster_12013799529_12013799530_473195061,3,0,15
150.0,2496228891,3,0,15
150.0,cluster_12013799525_12013799526_2496228894,2,0,15
150.0,cluster_12013799527_12013799528_2190601967,3,0,15
150.0,cluster_12013799529_12013799530_473195061,3,0,15
151.0,2496228891,3,0,15
151.0,cluster_12013799525_12013799526_2496228894,2,0,15
151.0,cluster_12013799527_12013799528_2190601967,3,0,15
151.0,cluster_12013799529_12013799530_473195061,3,0,15
152.0,2496228891,4,0,23
152.0,cluster_12013799525_12013799526_2496228894,3,0,15
152.0,cluster_12013799527_12013799528_2190601967,4,0,23
152.0,cluster_12013799529_12013799530_473195061,4,0,21
153.0,2496228891,4,0,21
153.0,cluster_12013799525_12013799526_2496228894,3,0,15
153.0,cluster_12013799527_12013799528_2190601967,4,0,21
153.0,cluster_12013799529_12013799530_473195061,4,0,21
154.0,2496228891,4,0,21
154.0,cluster_12013799525_12013799526_2496228894,3,0,15
154.0,cluster_12013799527_12013799528_2190601967,4,0,21
154.0,cluster_12013799529_12013799530_473195061,4,0,21
155.0,2496228891,4,0,21
155.0,cluster_12013799525_12013799526_2496228894,2,0,15
155.0,cluster_12013799527_12013799528_2190601967,4,0,21
155.0,cluster_12013799529_12013799530_473195061,4,0,21
156.0,2496228891,4,0,21
156.0,cluster_12013799525_12013799526_2496228894,2,0,15
156.0,cluster_12013799527_12013799528_2190601967,5,0,23
156.0,cluster_12013799529_12013799530_473195061,4,0,21
157.0,2496228891,4,0,21
157.0,cluster_12013799525_12013799526_2496228894,2,0,15
157.0,cluster_12013799529_12013799530_473195061,4,0,21
158.0,2496228891,6,0,23
158.0,cluster_12013799525_12013799526_2496228894,1,0,15
158.0,cluster_12013799529_12013799530_473195061,4,0,21
159.0,2496228891,6,0,21
159.0,cluster_12013799525_12013799526_2496228894,1,0,15
159.0,cluster_12013799529_12013799530_473195061,4,0,21
160.0,2496228891,5,0,21
160.0,cluster_12013799525_12013799526_2496228894,1,0,15
160.0,cluster_12013799527_12013799528_2190601967,4,2,21
160.0,cluster_12013799529_12013799530_473195061,3,0,15
161.0,2496228891,5,0,21
161.0,cluster_12013799525_12013799526_2496228894,1,0,15
161.0,cluster_12013799527_12013799528_2190601967,4,2,21
161.0,cluster_12013799529_12013799530_473195061,3,0,15
162.0,2496228891,7,0,23
162.0,cluster_12013799525_12013799526_2496228894,0,0,15
162.0,cluster_12013799527_12013799528_2190601967,3,2,15
162.0,cluster_12013799529_12013799530_473195061,3,0,15
163.0,cluster_12013799527_12013799528_2190601967,2,2,15
164.0,cluster_12013799527_12013799528_2190601967,2,2,15
165.0,cluster_12013799527_12013799528_2190601967,3,2,15
166.0,2496228891,3,2,15
166.0,cluster_12013799525_12013799526_2496228894,3,2,15
166.0,cluster_12013799527_12013799528_2190601967,1,2,15
166.0,cluster_12013799529_12013799530_473195061,7,2,21
167.0,2496228891,2,2,15
167.0,cluster_12013799525_12013799526_2496228894,2,2,15
167.0,cluster_12013799527_12013799528_2190601967,3,2,15
167.0,cluster_12013799529_12013799530_473195061,7,2,21
168.0,2496228891,2,2,15
168.0,cluster_12013799525_12013799526_2496228894,2,2,15
168.0,cluster_12013799527_12013799528_2190601967,3,2,15
168.0,cluster_12013799529_12013799530_473195061,7,2,21
169.0,2496228891,2,2,15
169.0,cluster_12013799525_12013799526_2496228894,2,2,15
169.0,cluster_12013799527_12013799528_2190601967,3,2,15
169.0,cluster_12013799529_12013799530_473195061,7,2,21
170.0,2496228891,2,2,15
170.0,cluster_12013799525_12013799526_2496228894,2,2,15
170.0,cluster_12013799527_12013799528_2190601967,2,2,15
170.0,cluster_12013799529_12013799530_473195061,7,2,21
171.0,2496228891,1,2,15
171.0,cluster_12013799525_12013799526_2496228894,2,2,15
171.0,cluster_12013799527_12013799528_2190601967,3,2,15
171.0,cluster_12013799529_12013799530_473195061,7,2,21
172.0,2496228891,1,2,15
172.0,cluster_12013799525_12013799526_2496228894,2,2,15
172.0,cluster_12013799527_12013799528_2190601967,2,2,15
172.0,cluster_12013799529_12013799530_473195061,7,2,21
173.0,2496228891,1,2,15
173.0,cluster_12013799525_12013799526_2496228894,2,2,15
173.0,cluster_12013799527_12013799528_2190601967,1,2,15
173.0,cluster_12013799529_12013799530_473195061,6,2,21
174.0,2496228891,0,2,15
174.0,cluster_12013799525_12013799526_2496228894,2,2,15
174.0,cluster_12013799527_12013799528_2190601967,1,2,15
174.0,cluster_12013799529_12013799530_473195061,7,2,23
175.0,2496228891,0,2,15
175.0,cluster_12013799525_12013799526_2496228894,2,2,15
175.0,cluster_12013799527_12013799528_2190601967,1,2,15
175.0,cluster_12013799529_12013799530_473195061,7,2,21
176.0,2496228891,0,2,15
176.0,cluster_12013799525_12013799526_2496228894,3,2,15
176.0,cluster_12013799527_12013799528_2190601967,0,2,15
176.0,cluster_12013799529_12013799530_473195061,7,2,21
177.0,2496228891,0,2,15
177.0,cluster_12013799525_12013799526_2496228894,3,2,15
177.0,cluster_12013799527_12013799528_2190601967,0,2,15
177.0,cluster_12013799529_12013799530_473195061,7,2,21
178.0,2496228891,0,2,15
178.0,cluster_12013799525_12013799526_2496228894,3,2,15
178.0,cluster_12013799527_12013799528_2190601967,0,2,15
178.0,cluster_12013799529_12013799530_473195061,8,2,24
179.0,2496228891,0,2,15
179.0,cluster_12013799525_12013799526_2496228894,3,2,15
179.0,cluster_12013799527_12013799528_2190601967,0,2,15
179.0,cluster_12013799529_12013799530_473195061,8,2,21
180.0,2496228891,0,2,15
180.0,cluster_12013799525_12013799526_2496228894,3,2,15
180.0,cluster_12013799527_12013799528_2190601967,0,2,15
180.0,cluster_12013799529_12013799530_473195061,8,2,21
181.0,2496228891,0,2,15
181.0,cluster_12013799525_12013799526_2496228894,3,2,15
181.0,cluster_12013799527_12013799528_2190601967,0,2,15
181.0,cluster_12013799529_12013799530_473195061,8,2,21
182.0,cluster_12013799529_12013799530_473195061,8,2,21
183.0,cluster_12013799529_12013799530_473195061,8,2,21
184.0,cluster_12013799529_12013799530_473195061,7,2,21
185.0,2496228891,4,0,21
185.0,cluster_12013799525_12013799526_2496228894,0,0,15
185.0,cluster_12013799527_12013799528_2190601967,6,0,21
185.0,cluster_12013799529_12013799530_473195061,7,2,21
186.0,2496228891,5,0,23
186.0,cluster_12013799525_12013799526_2496228894,0,0,15
186.0,cluster_12013799527_12013799528_2190601967,5,0,21
186.0,cluster_12013799529_12013799530_473195061,6,2,21
187.0,2496228891,5,0,21
187.0,cluster_12013799525_12013799526_2496228894,0,0,15
187.0,cluster_12013799527_12013799528_2190601967,5,0,21
187.0,cluster_12013799529_12013799530_473195061,6,2,21
188.0,2496228891,5,0,21
188.0,cluster_12013799525_12013799526_2496228894,0,0,15
188.0,cluster_12013799527_12013799528_2190601967,5,0,21
189.0,2496228891,5,0,21
189.0,cluster_12013799525_12013799526_2496228894,0,0,15
189.0,cluster_12013799527_12013799528_2190601967,5,0,21
190.0,2496228891,5,0,21
190.0,cluster_12013799525_12013799526_2496228894,0,0,15
190.0,cluster_12013799527_12013799528_2190601967,4,0,21
191.0,2496228891,3,0,15
191.0,cluster_12013799525_12013799526_2496228894,0,0,15
191.0,cluster_12013799527_12013799528_2190601967,4,0,21
191.0,cluster_12013799529_12013799530_473195061,3,0,15
192.0,2496228891,3,0,15
192.0,cluster_12013799525_12013799526_2496228894,0,0,15
192.0,cluster_12013799527_12013799528_2190601967,3,0,15
192.0,cluster_12013799529_12013799530_473195061,2,0,15
193.0,2496228891,3,0,15
193.0,cluster_12013799525_12013799526_2496228894,0,0,15
193.0,cluster_12013799527_12013799528_2190601967,3,0,15
193.0,cluster_12013799529_12013799530_473195061,2,0,15
194.0,2496228891,3,0,15
194.0,cluster_12013799525_12013799526_2496228894,0,0,15
194.0,cluster_12013799527_12013799528_2190601967,3,0,15
194.0,cluster_12013799529_12013799530_473195061,2,0,15
195.0,2496228891,3,0,15
195.0,cluster_12013799525_12013799526_2496228894,0,0,15
195.0,cluster_12013799527_12013799528_2190601967,2,0,15
195.0,cluster_12013799529_12013799530_473195061,2,0,15
196.0,2496228891,3,0,15
196.0,cluster_12013799525_12013799526_2496228894,0,0,15
196.0,cluster_12013799527_12013799528_2190601967,2,0,15
196.0,cluster_12013799529_12013799530_473195061,1,0,15
197.0,2496228891,3,0,15
197.0,cluster_12013799525_12013799526_2496228894,0,0,15
197.0,cluster_12013799527_12013799528_2190601967,1,0,15
197.0,cluster_12013799529_12013799530_473195061,1,0,15
198.0,2496228891,1,0,15
198.0,cluster_12013799525_12013799526_2496228894,0,0,15
198.0,cluster_12013799527_12013799528_2190601967,1,0,15
198.0,cluster_12013799529_12013799530_473195061,0,0,15
199.0,2496228891,1,0,15
199.0,cluster_12013799525_12013799526_2496228894,0,0,15
199.0,cluster_12013799527_12013799528_2190601967,0,0,15
199.0,cluster_12013799529_12013799530_473195061,0,0,15
200.0,2496228891,1,0,15
200.0,cluster_12013799525_12013799526_2496228894,0,0,15
200.0,cluster_12013799527_12013799528_2190601967,0,0,15
200.0,cluster_12013799529_12013799530_473195061,0,0,15
201.0,2496228891,1,0,15
201.0,cluster_12013799527_12013799528_2190601967,0,0,15
201.0,cluster_12013799529_12013799530_473195061,0,0,15
202.0,2496228891,1,0,15
202.0,cluster_12013799527_12013799528_2190601967,0,0,15
202.0,cluster_12013799529_12013799530_473195061,0,0,15
203.0,2496228891,1,0,15
203.0,cluster_12013799527_12013799528_2190601967,0,0,15
203.0,cluster_12013799529_12013799530_473195061,0,0,15
204.0,2496228891,1,0,15
204.0,cluster_12013799525_12013799526_2496228894,3,2,15
204.0,cluster_12013799527_12013799528_2190601967,0,0,15
204.0,cluster_12013799529_12013799530_473195061,0,0,15
205.0,2496228891,2,0,15
205.0,cluster_12013799525_12013799526_2496228894,2,2,15
205.0,cluster_12013799527_12013799528_2190601967,0,0,15
205.0,cluster_12013799529_12013799530_473195061,0,0,15
206.0,2496228891,2,0,15
206.0,cluster_12013799525_12013799526_2496228894,2,2,15
206.0,cluster_12013799527_12013799528_2190601967,0,0,15
206.0,cluster_12013799529_12013799530_473195061,0,0,15
207.0,cluster_12013799525_12013799526_2496228894,2,2,15
208.0,cluster_12013799525_12013799526_2496228894,1,2,15
209.0,cluster_12013799525_12013799526_2496228894,1,2,15
210.0,2496228891,0,2,15
210.0,cluster_12013799525_12013799526_2496228894,1,2,15
210.0,cluster_12013799527_12013799528_2190601967,1,2,15
210.0,cluster_12013799529_12013799530_473195061,6,2,21
211.0,2496228891,0,2,15
211.0,cluster_12013799525_12013799526_2496228894,1,2,15
211.0,cluster_12013799527_12013799528_2190601967,2,2,15
211.0,cluster_12013799529_12013799530_473195061,4,2,21
212.0,2496228891,0,2,15
212.0,cluster_12013799525_12013799526_2496228894,1,2,15
212.0,cluster_12013799527_12013799528_2190601967,2,2,15
212.0,cluster_12013799529_12013799530_473195061,4,2,21
213.0,2496228891,0,2,15
213.0,cluster_12013799525_12013799526_2496228894,1,2,15
213.0,cluster_12013799527_12013799528_2190601967,2,2,15
213.0,cluster_12013799529_12013799530_473195061,4,2,21
214.0,2496228891,0,2,15
214.0,cluster_12013799525_12013799526_2496228894,1,2,15
214.0,cluster_12013799527_12013799528_2190601967,2,2,15
214.0,cluster_12013799529_12013799530_473195061,3,2,15
215.0,2496228891,0,2,15
215.0,cluster_12013799525_12013799526_2496228894,0,2,15
215.0,cluster_12013799527_12013799528_2190601967,1,2,15
215.0,cluster_12013799529_12013799530_473195061,2,2,15
216.0,2496228891,0,2,15
216.0,cluster_12013799525_12013799526_2496228894,0,2,15
216.0,cluster_12013799527_12013799528_2190601967,2,2,15
216.0,cluster_12013799529_12013799530_473195061,2,2,15
217.0,2496228891,0,2,15
217.0,cluster_12013799525_12013799526_2496228894,0,2,15
217.0,cluster_12013799527_12013799528_2190601967,2,2,15
217.0,cluster_12013799529_12013799530_473195061,2,2,15
218.0,2496228891,0,2,15
218.0,cluster_12013799525_12013799526_2496228894,0,2,15
218.0,cluster_12013799527_12013799528_2190601967,1,2,15
218.0,cluster_12013799529_12013799530_473195061,1,2,15
219.0,2496228891,0,2,15
219.0,cluster_12013799525_12013799526_2496228894,0,2,15
219.0,cluster_12013799527_12013799528_2190601967,2,2,15
219.0,cluster_12013799529_12013799530_473195061,1,2,15
220.0,2496228891,0,2,15
220.0,cluster_12013799527_12013799528_2190601967,2,2,15
220.0,cluster_12013799529_12013799530_473195061,0,2,15
221.0,2496228891,0,2,15
221.0,cluster_12013799527_12013799528_2190601967,1,2,15
221.0,cluster_12013799529_12013799530_473195061,0,2,15
222.0,2496228891,0,2,15
222.0,cluster_12013799527_12013799528_2190601967,1,2,15
222.0,cluster_12013799529_12013799530_473195061,0,2,15
223.0,2496228891,0,2,15
223.0,cluster_12013799525_12013799526_2496228894,0,0,15
223.0,cluster_12013799527_12013799528_2190601967,1,2,15
223.0,cluster_12013799529_12013799530_473195061,0,2,15
224.0,2496228891,0,2,15
224.0,cluster_12013799525_12013799526_2496228894,0,0,15
224.0,cluster_12013799527_12013799528_2190601967,0,2,15
224.0,cluster_12013799529_12013799530_473195061,0,2,15
225.0,2496228891,0,2,15
225.0,cluster_12013799525_12013799526_2496228894,0,0,15
225.0,cluster_12013799527_12013799528_2190601967,0,2,15
225.0,cluster_12013799529_12013799530_473195061,0,2,15
226.0,cluster_12013799525_12013799526_2496228894,0,0,15
226.0,cluster_12013799529_12013799530_473195061,1,2,15
227.0,cluster_12013799525_12013799526_2496228894,0,0,15
227.0,cluster_12013799529_12013799530_473195061,1,2,15
228.0,cluster_12013799525_12013799526_2496228894,0,0,15
228.0,cluster_12013799529_12013799530_473195061,1,2,15
229.0,2496228891,4,0,21
229.0,cluster_12013799525_12013799526_2496228894,0,0,15
229.0,cluster_12013799527_12013799528_2190601967,0,0,15
229.0,cluster_12013799529_12013799530_473195061,1,2,15
230.0,2496228891,4,0,21
230.0,cluster_12013799525_12013799526_2496228894,0,0,15
230.0,cluster_12013799527_12013799528_2190601967,0,0,15
230.0,cluster_12013799529_12013799530_473195061,1,2,15
231.0,2496228891,4,0,23
231.0,cluster_12013799525_12013799526_2496228894,0,0,15
231.0,cluster_12013799527_12013799528_2190601967,0,0,15
231.0,cluster_12013799529_12013799530_473195061,1,2,15
232.0,2496228891,4,0,21
232.0,cluster_12013799525_12013799526_2496228894,0,0,15
232.0,cluster_12013799527_12013799528_2190601967,0,0,15
233.0,2496228891,4,0,21
233.0,cluster_12013799525_12013799526_2496228894,0,0,15
233.0,cluster_12013799527_12013799528_2190601967,0,0,15
234.0,2496228891,3,0,15
234.0,cluster_12013799525_12013799526_2496228894,0,0,15
234.0,cluster_12013799527_12013799528_2190601967,0,0,15
235.0,2496228891,3,0,15
235.0,cluster_12013799525_12013799526_2496228894,0,0,15
235.0,cluster_12013799527_12013799528_2190601967,0,0,15
235.0,cluster_12013799529_12013799530_473195061,0,0,15
236.0,2496228891,2,0,15
236.0,cluster_12013799525_12013799526_2496228894,0,0,15
236.0,cluster_12013799527_12013799528_2190601967,0,0,15
236.0,cluster_12013799529_12013799530_473195061,0,0,15
237.0,2496228891,2,0,15
237.0,cluster_12013799525_12013799526_2496228894,0,0,15
237.0,cluster_12013799527_12013799528_2190601967,0,0,15
237.0,cluster_12013799529_12013799530_473195061,0,0,15
238.0,2496228891,2,0,15
238.0,cluster_12013799525_12013799526_2496228894,0,0,15
238.0,cluster_12013799527_12013799528_2190601967,0,0,15
238.0,cluster_12013799529_12013799530_473195061,0,0,15
239.0,2496228891,1,0,15
239.0,cluster_12013799527_12013799528_2190601967,0,0,15
239.0,cluster_12013799529_12013799530_473195061,0,0,15
240.0,2496228891,1,0,15
240.0,cluster_12013799527_12013799528_2190601967,0,0,15
240.0,cluster_12013799529_12013799530_473195061,0,0,15
241.0,2496228891,0,0,15
241.0,cluster_12013799527_12013799528_2190601967,0,0,15
241.0,cluster_12013799529_12013799530_473195061,0,0,15
242.0,2496228891,0,0,15
242.0,cluster_12013799525_12013799526_2496228894,4,2,21
242.0,cluster_12013799527_12013799528_2190601967,0,0,15
242.0,cluster_12013799529_12013799530_473195061,0,0,15
243.0,2496228891,0,0,15
243.0,cluster_12013799525_12013799526_2496228894,4,2,21
243.0,cluster_12013799527_12013799528_2190601967,0,0,15
243.0,cluster_12013799529_12013799530_473195061,0,0,15
244.0,2496228891,0,0,15
244.0,cluster_12013799525_12013799526_2496228894,4,2,21
244.0,cluster_12013799527_12013799528_2190601967,0,0,15
244.0,cluster_12013799529_12013799530_473195061,0,0,15
245.0,2496228891,0,0,15
245.0,cluster_12013799525_12013799526_2496228894,3,2,15
245.0,cluster_12013799529_12013799530_473195061,0,0,15
246.0,2496228891,0,0,15
246.0,cluster_12013799525_12013799526_2496228894,3,2,15
246.0,cluster_12013799529_12013799530_473195061,0,0,15
247.0,2496228891,0,0,15
247.0,cluster_12013799525_12013799526_2496228894,3,2,15
247.0,cluster_12013799529_12013799530_473195061,0,0,15
248.0,2496228891,0,0,15
248.0,cluster_12013799525_12013799526_2496228894,3,2,15
248.0,cluster_12013799527_12013799528_2190601967,0,2,15
248.0,cluster_12013799529_12013799530_473195061,0,0,15
249.0,2496228891,0,0,15
249.0,cluster_12013799525_12013799526_2496228894,3,2,15
249.0,cluster_12013799527_12013799528_2190601967,0,2,15
249.0,cluster_12013799529_12013799530_473195061,0,0,15
250.0,2496228891,0,0,15
250.0,cluster_12013799525_12013799526_2496228894,3,2,15
250.0,cluster_12013799527_12013799528_2190601967,0,2,15
250.0,cluster_12013799529_12013799530_473195061,0,0,15
251.0,cluster_12013799525_12013799526_2496228894,2,2,15
251.0,cluster_12013799527_12013799528_2190601967,0,2,15
252.0,cluster_12013799525_12013799526_2496228894,2,2,15
252.0,cluster_12013799527_12013799528_2190601967,0,2,15
253.0,cluster_12013799525_12013799526_2496228894,1,2,15
253.0,cluster_12013799527_12013799528_2190601967,1,2,15
254.0,2496228891,0,2,15
254.0,cluster_12013799525_12013799526_2496228894,1,2,15
254.0,cluster_12013799527_12013799528_2190601967,1,2,15
254.0,cluster_12013799529_12013799530_473195061,1,2,15
255.0,2496228891,0,2,15
255.0,cluster_12013799525_12013799526_2496228894,0,2,15
255.0,cluster_12013799527_12013799528_2190601967,1,2,15
255.0,cluster_12013799529_12013799530_473195061,0,2,15
256.0,2496228891,0,2,15
256.0,cluster_12013799525_12013799526_2496228894,0,2,15
256.0,cluster_12013799527_12013799528_2190601967,1,2,15
256.0,cluster_12013799529_12013799530_473195061,0,2,15
257.0,2496228891,0,2,15
257.0,cluster_12013799525_12013799526_2496228894,0,2,15
257.0,cluster_12013799527_12013799528_2190601967,1,2,15
257.0,cluster_12013799529_12013799530_473195061,0,2,15
258.0,2496228891,0,2,15
258.0,cluster_12013799525_12013799526_2496228894,0,2,15
258.0,cluster_12013799527_12013799528_2190601967,1,2,15
258.0,cluster_12013799529_12013799530_473195061,0,2,15
259.0,2496228891,0,2,15
259.0,cluster_12013799525_12013799526_2496228894,0,2,15
259.0,cluster_12013799527_12013799528_2190601967,1,2,15
259.0,cluster_12013799529_12013799530_473195061,0,2,15
260.0,2496228891,0,2,15
260.0,cluster_12013799525_12013799526_2496228894,0,2,15
260.0,cluster_12013799527_12013799528_2190601967,0,2,15
260.0,cluster_12013799529_12013799530_473195061,0,2,15
261.0,2496228891,0,2,15
261.0,cluster_12013799525_12013799526_2496228894,0,2,15
261.0,cluster_12013799527_12013799528_2190601967,1,2,15
261.0,cluster_12013799529_12013799530_473195061,0,2,15
262.0,2496228891,0,2,15
262.0,cluster_12013799525_12013799526_2496228894,0,2,15
262.0,cluster_12013799527_12013799528_2190601967,1,2,15
262.0,cluster_12013799529_12013799530_473195061,0,2,15
263.0,2496228891,0,2,15
263.0,cluster_12013799525_12013799526_2496228894,0,2,15
263.0,cluster_12013799527_12013799528_2190601967,1,2,15
263.0,cluster_12013799529_12013799530_473195061,0,2,15
264.0,2496228891,0,2,15
264.0,cluster_12013799529_12013799530_473195061,0,2,15
265.0,2496228891,0,2,15
265.0,cluster_12013799529_12013799530_473195061,0,2,15
266.0,2496228891,0,2,15
266.0,cluster_12013799529_12013799530_473195061,0,2,15
267.0,2496228891,0,2,15
267.0,cluster_12013799525_12013799526_2496228894,0,0,15
267.0,cluster_12013799527_12013799528_2190601967,0,0,15
267.0,cluster_12013799529_12013799530_473195061,0,2,15
268.0,2496228891,0,2,15
268.0,cluster_12013799525_12013799526_2496228894,0,0,15
268.0,cluster_12013799527_12013799528_2190601967,0,0,15
268.0,cluster_12013799529_12013799530_473195061,0,2,15
269.0,2496228891,0,2,15
269.0,cluster_12013799525_12013799526_2496228894,0,0,15
269.0,cluster_12013799527_12013799528_2190601967,0,0,15
269.0,cluster_12013799529_12013799530_473195061,0,2,15
270.0,cluster_12013799525_12013799526_2496228894,0,0,15
270.0,cluster_12013799527_12013799528_2190601967,0,0,15
271.0,cluster_12013799525_12013799526_2496228894,0,0,15
271.0,cluster_12013799527_12013799528_2190601967,0,0,15
272.0,cluster_12013799525_12013799526_2496228894,0,0,15
272.0,cluster_12013799527_12013799528_2190601967,0,0,15
273.0,2496228891,0,0,15
273.0,cluster_12013799525_12013799526_2496228894,0,0,15
273.0,cluster_12013799527_12013799528_2190601967,0,0,15
273.0,cluster_12013799529_12013799530_473195061,0,0,15
274.0,2496228891,0,0,15
274.0,cluster_12013799525_12013799526_2496228894,0,0,15
274.0,cluster_12013799527_12013799528_2190601967,0,0,15
274.0,cluster_12013799529_12013799530_473195061,0,0,15
275.0,2496228891,0,0,15
275.0,cluster_12013799525_12013799526_2496228894,0,0,15
275.0,cluster_12013799527_12013799528_2190601967,0,0,15
275.0,cluster_12013799529_12013799530_473195061,0,0,15
276.0,2496228891,0,0,15
276.0,cluster_12013799525_12013799526_2496228894,0,0,15
276.0,cluster_12013799527_12013799528_2190601967,0,0,15
276.0,cluster_12013799529_12013799530_473195061,0,0,15
277.0,2496228891,0,0,15
277.0,cluster_12013799525_12013799526_2496228894,0,0,15
277.0,cluster_12013799527_12013799528_2190601967,0,0,15
277.0,cluster_12013799529_12013799530_473195061,0,0,15
278.0,2496228891,1,0,15
278.0,cluster_12013799525_12013799526_2496228894,1,0,15
278.0,cluster_12013799527_12013799528_2190601967,1,0,15
278.0,cluster_12013799529_12013799530_473195061,1,0,15
279.0,2496228891,1,0,15
279.0,cluster_12013799525_12013799526_2496228894,1,0,15
279.0,cluster_12013799527_12013799528_2190601967,1,0,15
279.0,cluster_12013799529_12013799530_473195061,1,0,15
280.0,2496228891,1,0,15
280.0,cluster_12013799525_12013799526_2496228894,1,0,15
280.0,cluster_12013799527_12013799528_2190601967,1,0,15
280.0,cluster_12013799529_12013799530_473195061,1,0,15
281.0,2496228891,1,0,15
281.0,cluster_12013799525_12013799526_2496228894,1,0,15
281.0,cluster_12013799527_12013799528_2190601967,1,0,15
281.0,cluster_12013799529_12013799530_473195061,1,0,15
282.0,2496228891,2,0,15
282.0,cluster_12013799525_12013799526_2496228894,2,0,15
282.0,cluster_12013799527_12013799528_2190601967,2,0,15
282.0,cluster_12013799529_12013799530_473195061,2,0,15
283.0,2496228891,2,0,15
283.0,cluster_12013799529_12013799530_473195061,2,0,15
284.0,2496228891,2,0,15
284.0,cluster_12013799529_12013799530_473195061,2,0,15
285.0,2496228891,2,0,15
285.0,cluster_12013799529_12013799530_473195061,2,0,15
286.0,2496228891,3,0,15
286.0,cluster_12013799525_12013799526_2496228894,2,2,15
286.0,cluster_12013799527_12013799528_2190601967,3,2,15
286.0,cluster_12013799529_12013799530_473195061,3,0,15
287.0,2496228891,3,0,15
287.0,cluster_12013799525_12013799526_2496228894,3,2,15
287.0,cluster_12013799527_12013799528_2190601967,3,2,15
287.0,cluster_12013799529_12013799530_473195061,3,0,15
288.0,2496228891,3,0,15
288.0,cluster_12013799525_12013799526_2496228894,3,2,15
288.0,cluster_12013799527_12013799528_2190601967,3,2,15
288.0,cluster_12013799529_12013799530_473195061,3,0,15
289.0,cluster_12013799525_12013799526_2496228894,3,2,15
289.0,cluster_12013799527_12013799528_2190601967,3,2,15
290.0,cluster_12013799525_12013799526_2496228894,2,2,15
290.0,cluster_12013799527_12013799528_2190601967,4,2,23
291.0,cluster_12013799525_12013799526_2496228894,3,2,15
291.0,cluster_12013799527_12013799528_2190601967,4,2,21
292.0,2496228891,3,2,15
292.0,cluster_12013799525_12013799526_2496228894,3,2,15
292.0,cluster_12013799527_12013799528_2190601967,4,2,21
292.0,cluster_12013799529_12013799530_473195061,4,2,21
293.0,2496228891,3,2,15
293.0,cluster_12013799525_12013799526_2496228894,3,2,15
293.0,cluster_12013799527_12013799528_2190601967,4,2,21
293.0,cluster_12013799529_12013799530_473195061,4,2,21
294.0,2496228891,2,2,15
294.0,cluster_12013799525_12013799526_2496228894,2,2,15
294.0,cluster_12013799527_12013799528_2190601967,4,2,21
294.0,cluster_12013799529_12013799530_473195061,5,2,23
295.0,2496228891,3,2,15
295.0,cluster_12013799525_12013799526_2496228894,3,2,15
295.0,cluster_12013799527_12013799528_2190601967,4,2,21
295.0,cluster_12013799529_12013799530_473195061,5,2,21
296.0,2496228891,3,2,15
296.0,cluster_12013799525_12013799526_2496228894,3,2,15
296.0,cluster_12013799527_12013799528_2190601967,4,2,21
296.0,cluster_12013799529_12013799530_473195061,5,2,21
297.0,2496228891,3,2,15
297.0,cluster_12013799525_12013799526_2496228894,3,2,15
297.0,cluster_12013799527_12013799528_2190601967,4,2,21
297.0,cluster_12013799529_12013799530_473195061,5,2,21
298.0,2496228891,2,2,15
298.0,cluster_12013799525_12013799526_2496228894,2,2,15
298.0,cluster_12013799527_12013799528_2190601967,4,2,21
298.0,cluster_12013799529_12013799530_473195061,6,2,23
299.0,2496228891,2,2,15
299.0,cluster_12013799525_12013799526_2496228894,2,2,15
299.0,cluster_12013799527_12013799528_2190601967,4,2,21
299.0,cluster_12013799529_12013799530_473195061,6,2,21
300.0,2496228891,1,2,15
300.0,cluster_12013799525_12013799526_2496228894,2,2,15
300.0,cluster_12013799527_12013799528_2190601967,4,2,21
300.0,cluster_12013799529_12013799530_473195061,6,2,21
301.0,2496228891,1,2,15
301.0,cluster_12013799525_12013799526_2496228894,2,2,15
301.0,cluster_12013799527_12013799528_2190601967,4,2,21
301.0,cluster_12013799529_12013799530_473195061,6,2,21
302.0,2496228891,1,2,15
302.0,cluster_12013799529_12013799530_473195061,7,2,23
303.0,2496228891,0,2,15
303.0,cluster_12013799529_12013799530_473195061,7,2,21
304.0,2496228891,0,2,15
304.0,cluster_12013799529_12013799530_473195061,7,2,21
305.0,2496228891,0,2,15
305.0,cluster_12013799525_12013799526_2496228894,4,0,21
305.0,cluster_12013799527_12013799528_2190601967,7,0,21
305.0,cluster_12013799529_12013799530_473195061,7,2,21
306.0,2496228891,0,2,15
306.0,cluster_12013799525_12013799526_2496228894,3,0,15
306.0,cluster_12013799527_12013799528_2190601967,6,0,21
306.0,cluster_12013799529_12013799530_473195061,6,2,21
307.0,2496228891,0,2,15
307.0,cluster_12013799525_12013799526_2496228894,3,0,15
307.0,cluster_12013799527_12013799528_2190601967,6,0,21
307.0,cluster_12013799529_12013799530_473195061,6,2,21
308.0,cluster_12013799525_12013799526_2496228894,3,0,15
308.0,cluster_12013799527_12013799528_2190601967,6,0,21
308.0,cluster_12013799529_12013799530_473195061,6,2,21
309.0,cluster_12013799525_12013799526_2496228894,3,0,15
309.0,cluster_12013799527_12013799528_2190601967,6,0,21
309.0,cluster_12013799529_12013799530_473195061,6,2,21
310.0,cluster_12013799525_12013799526_2496228894,2,0,15
310.0,cluster_12013799527_12013799528_2190601967,5,0,21
310.0,cluster_12013799529_12013799530_473195061,5,2,21
311.0,2496228891,5,0,21
311.0,cluster_12013799525_12013799526_2496228894,2,0,15
311.0,cluster_12013799527_12013799528_2190601967,5,0,21
311.0,cluster_12013799529_12013799530_473195061,5,2,21
312.0,2496228891,5,0,21
312.0,cluster_12013799525_12013799526_2496228894,2,0,15
312.0,cluster_12013799527_12013799528_2190601967,5,0,21
312.0,cluster_12013799529_12013799530_473195061,5,2,21
313.0,2496228891,5,0,21
313.0,cluster_12013799525_12013799526_2496228894,1,0,15
313.0,cluster_12013799527_12013799528_2190601967,4,0,21
313.0,cluster_12013799529_12013799530_473195061,5,2,23
314.0,2496228891,5,0,21
314.0,cluster_12013799525_12013799526_2496228894,1,0,15
314.0,cluster_12013799527_12013799528_2190601967,4,0,21
315.0,2496228891,5,0,21
315.0,cluster_12013799525_12013799526_2496228894,1,0,15
315.0,cluster_12013799527_12013799528_2190601967,3,0,15
316.0,2496228891,5,0,21
316.0,cluster_12013799525_12013799526_2496228894,0,0,15
316.0,cluster_12013799527_12013799528_2190601967,3,0,15
317.0,2496228891,5,0,21
317.0,cluster_12013799525_12013799526_2496228894,0,0,15
317.0,cluster_12013799527_12013799528_2190601967,3,0,15
317.0,cluster_12013799529_12013799530_473195061,5,0,21
318.0,2496228891,4,0,21
318.0,cluster_12013799525_12013799526_2496228894,0,0,15
318.0,cluster_12013799527_12013799528_2190601967,2,0,15
318.0,cluster_12013799529_12013799530_473195061,4,0,21
319.0,2496228891,4,0,21
319.0,cluster_12013799525_12013799526_2496228894,0,0,15
319.0,cluster_12013799527_12013799528_2190601967,2,0,15
319.0,cluster_12013799529_12013799530_473195061,4,0,21
320.0,2496228891,4,0,21
320.0,cluster_12013799525_12013799526_2496228894,0,0,15
320.0,cluster_12013799527_12013799528_2190601967,1,0,15
320.0,cluster_12013799529_12013799530_473195061,4,0,21
321.0,2496228891,4,0,21
321.0,cluster_12013799525_12013799526_2496228894,0,0,15
321.0,cluster_12013799527_12013799528_2190601967,1,0,15
321.0,cluster_12013799529_12013799530_473195061,4,0,21
322.0,2496228891,5,0,23
322.0,cluster_12013799525_12013799526_2496228894,0,0,15
322.0,cluster_12013799527_12013799528_2190601967,0,0,15
322.0,cluster_12013799529_12013799530_473195061,3,0,15
323.0,2496228891,5,0,21
323.0,cluster_12013799525_12013799526_2496228894,0,0,15
323.0,cluster_12013799527_12013799528_2190601967,0,0,15
323.0,cluster_12013799529_12013799530_473195061,3,0,15
324.0,2496228891,5,0,21
324.0,cluster_12013799525_12013799526_2496228894,0,0,15
324.0,cluster_12013799527_12013799528_2190601967,0,0,15
324.0,cluster_12013799529_12013799530_473195061,3,0,15
325.0,2496228891,6,0,23
325.0,cluster_12013799525_12013799526_2496228894,0,0,15
325.0,cluster_12013799527_12013799528_2190601967,0,0,15
325.0,cluster_12013799529_12013799530_473195061,2,0,15
326.0,2496228891,4,0,21
326.0,cluster_12013799525_12013799526_2496228894,0,0,15
326.0,cluster_12013799527_12013799528_2190601967,0,0,15
326.0,cluster_12013799529_12013799530_473195061,2,0,15
327.0,2496228891,3,0,15
327.0,cluster_12013799529_12013799530_473195061,1,0,15
328.0,2496228891,4,0,23
328.0,cluster_12013799529_12013799530_473195061,1,0,15
329.0,2496228891,3,0,15
329.0,cluster_12013799529_12013799530_473195061,0,0,15
330.0,2496228891,3,0,15
330.0,cluster_12013799525_12013799526_2496228894,2,2,15
330.0,cluster_12013799527_12013799528_2190601967,4,2,21
330.0,cluster_12013799529_12013799530_473195061,0,0,15
331.0,2496228891,1,0,15
331.0,cluster_12013799525_12013799526_2496228894,1,2,15
331.0,cluster_12013799527_12013799528_2190601967,2,2,15
331.0,cluster_12013799529_12013799530_473195061,0,0,15
332.0,2496228891,0,0,15
332.0,cluster_12013799525_12013799526_2496228894,1,2,15
332.0,cluster_12013799527_12013799528_2190601967,2,2,15
332.0,cluster_12013799529_12013799530_473195061,0,0,15
333.0,cluster_12013799525_12013799526_2496228894,1,2,15
333.0,cluster_12013799527_12013799528_2190601967,2,2,15
333.0,cluster_12013799529_12013799530_473195061,0,0,15
334.0,cluster_12013799525_12013799526_2496228894,0,2,15
334.0,cluster_12013799527_12013799528_2190601967,2,2,15
334.0,cluster_12013799529_12013799530_473195061,0,0,15
335.0,cluster_12013799525_12013799526_2496228894,0,2,15
335.0,cluster_12013799527_12013799528_2190601967,2,2,15
335.0,cluster_12013799529_12013799530_473195061,0,0,15
336.0,2496228891,0,2,15
336.0,cluster_12013799525_12013799526_2496228894,0,2,15
336.0,cluster_12013799527_12013799528_2190601967,2,2,15
336.0,cluster_12013799529_12013799530_473195061,0,0,15
337.0,2496228891,0,2,15
337.0,cluster_12013799525_12013799526_2496228894,0,2,15
337.0,cluster_12013799527_12013799528_2190601967,1,2,15
337.0,cluster_12013799529_12013799530_473195061,0,0,15
338.0,2496228891,0,2,15
338.0,cluster_12013799525_12013799526_2496228894,0,2,15
338.0,cluster_12013799527_12013799528_2190601967,2,2,15
338.0,cluster_12013799529_12013799530_473195061,0,0,15
339.0,2496228891,0,2,15
339.0,cluster_12013799525_12013799526_2496228894,0,2,15
339.0,cluster_12013799527_12013799528_2190601967,2,2,15
340.0,2496228891,0,2,15
340.0,cluster_12013799525_12013799526_2496228894,0,2,15
340.0,cluster_12013799527_12013799528_2190601967,2,2,15
341.0,2496228891,0,2,15
341.0,cluster_12013799525_12013799526_2496228894,0,2,15
341.0,cluster_12013799527_12013799528_2190601967,2,2,15
342.0,2496228891,0,2,15
342.0,cluster_12013799525_12013799526_2496228894,0,2,15
342.0,cluster_12013799527_12013799528_2190601967,1,2,15
342.0,cluster_12013799529_12013799530_473195061,9,2,22
343.0,2496228891,0,2,15
343.0,cluster_12013799525_12013799526_2496228894,0,2,15
343.0,cluster_12013799527_12013799528_2190601967,2,2,15
343.0,cluster_12013799529_12013799530_473195061,7,2,21
344.0,2496228891,0,2,15
344.0,cluster_12013799525_12013799526_2496228894,0,2,15
344.0,cluster_12013799527_12013799528_2190601967,2,2,15
344.0,cluster_12013799529_12013799530_473195061,7,2,21
345.0,2496228891,0,2,15
345.0,cluster_12013799525_12013799526_2496228894,0,2,15
345.0,cluster_12013799527_12013799528_2190601967,2,2,15
345.0,cluster_12013799529_12013799530_473195061,7,2,21
346.0,2496228891,0,2,15
346.0,cluster_12013799527_12013799528_2190601967,2,2,15
346.0,cluster_12013799529_12013799530_473195061,6,2,21
347.0,2496228891,0,2,15
347.0,cluster_12013799527_12013799528_2190601967,2,2,15
347.0,cluster_12013799529_12013799530_473195061,5,2,21
348.0,2496228891,0,2,15
348.0,cluster_12013799527_12013799528_2190601967,1,2,15
348.0,cluster_12013799529_12013799530_473195061,5,2,21
349.0,2496228891,0,2,15
349.0,cluster_12013799525_12013799526_2496228894,0,0,15
349.0,cluster_12013799527_12013799528_2190601967,0,2,15
349.0,cluster_12013799529_12013799530_473195061,4,2,21
350.0,2496228891,0,2,15
350.0,cluster_12013799525_12013799526_2496228894,0,0,15
350.0,cluster_12013799527_12013799528_2190601967,0,2,15
350.0,cluster_12013799529_12013799530_473195061,5,2,23
351.0,2496228891,0,2,15
351.0,cluster_12013799525_12013799526_2496228894,0,0,15
351.0,cluster_12013799527_12013799528_2190601967,0,2,15
351.0,cluster_12013799529_12013799530_473195061,5,2,21
352.0,cluster_12013799525_12013799526_2496228894,0,0,15
352.0,cluster_12013799529_12013799530_473195061,4,2,21
353.0,cluster_12013799525_12013799526_2496228894,0,0,15
353.0,cluster_12013799529_12013799530_473195061,4,2,21
354.0,cluster_12013799525_12013799526_2496228894,0,0,15
354.0,cluster_12013799529_12013799530_473195061,3,2,15
355.0,2496228891,5,0,21
355.0,cluster_12013799525_12013799526_2496228894,0,0,15
355.0,cluster_12013799527_12013799528_2190601967,0,0,15
355.0,cluster_12013799529_12013799530_473195061,3,2,15
356.0,2496228891,4,0,21
356.0,cluster_12013799525_12013799526_2496228894,0,0,15
356.0,cluster_12013799527_12013799528_2190601967,0,0,15
356.0,cluster_12013799529_12013799530_473195061,3,2,15
357.0,2496228891,5,0,23
357.0,cluster_12013799525_12013799526_2496228894,0,0,15
357.0,cluster_12013799527_12013799528_2190601967,0,0,15
357.0,cluster_12013799529_12013799530_473195061,2,2,15
358.0,2496228891,5,0,23
358.0,cluster_12013799525_12013799526_2496228894,0,0,15
358.0,cluster_12013799527_12013799528_2190601967,0,0,15
358.0,cluster_12013799529_12013799530_473195061,2,2,15
359.0,2496228891,5,0,23
359.0,cluster_12013799525_12013799526_2496228894,0,0,15
359.0,cluster_12013799527_12013799528_2190601967,0,0,15
359.0,cluster_12013799529_12013799530_473195061,1,2,15
360.0,2496228891,5,0,21
360.0,cluster_12013799525_12013799526_2496228894,0,0,15
360.0,cluster_12013799527_12013799528_2190601967,0,0,15
360.0,cluster_12013799529_12013799530_473195061,1,2,15
361.0,2496228891,5,0,23
361.0,cluster_12013799525_12013799526_2496228894,0,0,15
361.0,cluster_12013799527_12013799528_2190601967,0,0,15
361.0,cluster_12013799529_12013799530_473195061,0,2,15
362.0,2496228891,4,0,21
362.0,cluster_12013799525_12013799526_2496228894,0,0,15
362.0,cluster_12013799527_12013799528_2190601967,0,0,15
362.0,cluster_12013799529_12013799530_473195061,0,2,15
363.0,2496228891,1,0,15
363.0,cluster_12013799525_12013799526_2496228894,0,0,15
363.0,cluster_12013799527_12013799528_2190601967,0,0,15
363.0,cluster_12013799529_12013799530_473195061,0,2,15
364.0,2496228891,2,0,15
364.0,cluster_12013799525_12013799526_2496228894,0,0,15
364.0,cluster_12013799527_12013799528_2190601967,0,0,15
364.0,cluster_12013799529_12013799530_473195061,0,2,15
365.0,2496228891,2,0,15
365.0,cluster_12013799527_12013799528_2190601967,0,0,15
366.0,2496228891,3,0,15
366.0,cluster_12013799527_12013799528_2190601967,0,0,15
367.0,2496228891,2,0,15
367.0,cluster_12013799527_12013799528_2190601967,0,0,15
368.0,2496228891,2,0,15
368.0,cluster_12013799525_12013799526_2496228894,5,2,21
368.0,cluster_12013799527_12013799528_2190601967,0,0,15
368.0,cluster_12013799529_12013799530_473195061,0,0,15
369.0,2496228891,2,0,15
369.0,cluster_12013799525_12013799526_2496228894,5,2,23
369.0,cluster_12013799527_12013799528_2190601967,0,0,15
369.0,cluster_12013799529_12013799530_473195061,0,0,15
370.0,2496228891,2,0,15
370.0,cluster_12013799525_12013799526_2496228894,4,2,21
370.0,cluster_12013799527_12013799528_2190601967,0,0,15
370.0,cluster_12013799529_12013799530_473195061,0,0,15
371.0,2496228891,0,0,15
371.0,cluster_12013799525_12013799526_2496228894,4,2,21
371.0,cluster_12013799529_12013799530_473195061,0,0,15
372.0,2496228891,0,0,15
372.0,cluster_12013799525_12013799526_2496228894,4,2,23
372.0,cluster_12013799529_12013799530_473195061,0,0,15
373.0,2496228891,0,0,15
373.0,cluster_12013799525_12013799526_2496228894,4,2,23
373.0,cluster_12013799529_12013799530_473195061,0,0,15
374.0,2496228891,0,0,15
374.0,cluster_12013799525_12013799526_2496228894,3,2,15
374.0,cluster_12013799527_12013799528_2190601967,0,2,15
374.0,cluster_12013799529_12013799530_473195061,0,0,15
375.0,2496228891,0,0,15
375.0,cluster_12013799525_12013799526_2496228894,3,2,15
375.0,cluster_12013799527_12013799528_2190601967,0,2,15
375.0,cluster_12013799529_12013799530_473195061,0,0,15
376.0,2496228891,0,0,15
376.0,cluster_12013799525_12013799526_2496228894,2,2,15
376.0,cluster_12013799527_12013799528_2190601967,1,2,15
376.0,cluster_12013799529_12013799530_473195061,0,0,15
377.0,cluster_12013799525_12013799526_2496228894,2,2,15
377.0,cluster_12013799527_12013799528_2190601967,1,2,15
377.0,cluster_12013799529_12013799530_473195061,0,0,15
378.0,cluster_12013799525_12013799526_2496228894,1,2,15
378.0,cluster_12013799527_12013799528_2190601967,1,2,15
378.0,cluster_12013799529_12013799530_473195061,0,0,15
379.0,cluster_12013799525_12013799526_2496228894,1,2,15
379.0,cluster_12013799527_12013799528_2190601967,1,2,15
379.0,cluster_12013799529_12013799530_473195061,0,0,15
380.0,2496228891,0,2,15
380.0,cluster_12013799525_12013799526_2496228894,1,2,15
380.0,cluster_12013799527_12013799528_2190601967,1,2,15
380.0,cluster_12013799529_12013799530_473195061,0,0,15
381.0,2496228891,0,2,15
381.0,cluster_12013799525_12013799526_2496228894,0,2,15
381.0,cluster_12013799527_12013799528_2190601967,1,2,15
381.0,cluster_12013799529_12013799530_473195061,0,0,15
382.0,2496228891,0,2,15
382.0,cluster_12013799525_12013799526_2496228894,0,2,15
382.0,cluster_12013799527_12013799528_2190601967,1,2,15
382.0,cluster_12013799529_12013799530_473195061,0,0,15
383.0,2496228891,0,2,15
383.0,cluster_12013799525_12013799526_2496228894,0,2,15
383.0,cluster_12013799527_12013799528_2190601967,1,2,15
383.0,cluster_12013799529_12013799530_473195061,0,0,15
384.0,2496228891,0,2,15
384.0,cluster_12013799525_12013799526_2496228894,0,2,15
384.0,cluster_12013799527_12013799528_2190601967,1,2,15
385.0,2496228891,0,2,15
385.0,cluster_12013799525_12013799526_2496228894,0,2,15
385.0,cluster_12013799527_12013799528_2190601967,1,2,15
386.0,2496228891,0,2,15
386.0,cluster_12013799525_12013799526_2496228894,0,2,15
386.0,cluster_12013799527_12013799528_2190601967,1,2,15
387.0,2496228891,0,2,15
387.0,cluster_12013799525_12013799526_2496228894,0,2,15
387.0,cluster_12013799527_12013799528_2190601967,0,2,15
387.0,cluster_12013799529_12013799530_473195061,0,2,15
388.0,2496228891,0,2,15
388.0,cluster_12013799525_12013799526_2496228894,0,2,15
388.0,cluster_12013799527_12013799528_2190601967,0,2,15
388.0,cluster_12013799529_12013799530_473195061,0,2,15
389.0,2496228891,0,2,15
389.0,cluster_12013799525_12013799526_2496228894,0,2,15
389.0,cluster_12013799527_12013799528_2190601967,0,2,15
389.0,cluster_12013799529_12013799530_473195061,0,2,15
390.0,2496228891,0,2,15
390.0,cluster_12013799529_12013799530_473195061,0,2,15
391.0,2496228891,0,2,15
391.0,cluster_12013799529_12013799530_473195061,0,2,15
392.0,2496228891,0,2,15
392.0,cluster_12013799529_12013799530_473195061,0,2,15
393.0,2496228891,0,2,15
393.0,cluster_12013799525_12013799526_2496228894,0,0,15
393.0,cluster_12013799527_12013799528_2190601967,0,0,15
393.0,cluster_12013799529_12013799530_473195061,0,2,15
394.0,2496228891,0,2,15
394.0,cluster_12013799525_12013799526_2496228894,0,0,15
394.0,cluster_12013799527_12013799528_2190601967,0,0,15
394.0,cluster_12013799529_12013799530_473195061,0,2,15
395.0,2496228891,0,2,15
395.0,cluster_12013799525_12013799526_2496228894,0,0,15
395.0,cluster_12013799527_12013799528_2190601967,0,0,15
395.0,cluster_12013799529_12013799530_473195061,0,2,15
396.0,cluster_12013799525_12013799526_2496228894,0,0,15
396.0,cluster_12013799527_12013799528_2190601967,0,0,15
396.0,cluster_12013799529_12013799530_473195061,0,2,15
397.0,cluster_12013799525_12013799526_2496228894,0,0,15
397.0,cluster_12013799527_12013799528_2190601967,0,0,15
397.0,cluster_12013799529_12013799530_473195061,0,2,15
398.0,cluster_12013799525_12013799526_2496228894,0,0,15
398.0,cluster_12013799527_12013799528_2190601967,0,0,15
398.0,cluster_12013799529_12013799530_473195061,0,2,15
399.0,2496228891,0,0,15
399.0,cluster_12013799525_12013799526_2496228894,0,0,15
399.0,cluster_12013799527_12013799528_2190601967,0,0,15
399.0,cluster_12013799529_12013799530_473195061,0,2,15
400.0,2496228891,0,0,15
400.0,cluster_12013799525_12013799526_2496228894,0,0,15
400.0,cluster_12013799527_12013799528_2190601967,0,0,15
400.0,cluster_12013799529_12013799530_473195061,0,2,15
401.0,2496228891,0,0,15
401.0,cluster_12013799525_12013799526_2496228894,0,0,15
401.0,cluster_12013799527_12013799528_2190601967,0,0,15
401.0,cluster_12013799529_12013799530_473195061,0,2,15
402.0,2496228891,0,0,15
402.0,cluster_12013799525_12013799526_2496228894,0,0,15
402.0,cluster_12013799527_12013799528_2190601967,0,0,15
402.0,cluster_12013799529_12013799530_473195061,0,2,15
403.0,2496228891,0,0,15
403.0,cluster_12013799525_12013799526_2496228894,0,0,15
403.0,cluster_12013799527_12013799528_2190601967,0,0,15
404.0,2496228891,0,0,15
404.0,cluster_12013799525_12013799526_2496228894,0,0,15
404.0,cluster_12013799527_12013799528_2190601967,0,0,15
405.0,2496228891,0,0,15
405.0,cluster_12013799525_12013799526_2496228894,0,0,15
405.0,cluster_12013799527_12013799528_2190601967,0,0,15
406.0,2496228891,0,0,15
406.0,cluster_12013799525_12013799526_2496228894,0,0,15
406.0,cluster_12013799527_12013799528_2190601967,0,0,15
406.0,cluster_12013799529_12013799530_473195061,0,0,15
407.0,2496228891,0,0,15
407.0,cluster_12013799525_12013799526_2496228894,0,0,15
407.0,cluster_12013799527_12013799528_2190601967,0,0,15
407.0,cluster_12013799529_12013799530_473195061,0,0,15
408.0,2496228891,0,0,15
408.0,cluster_12013799525_12013799526_2496228894,0,0,15
408.0,cluster_12013799527_12013799528_2190601967,0,0,15
408.0,cluster_12013799529_12013799530_473195061,0,0,15
409.0,2496228891,0,0,15
409.0,cluster_12013799529_12013799530_473195061,0,0,15
410.0,2496228891,0,0,15
410.0,cluster_12013799529_12013799530_473195061,0,0,15
411.0,2496228891,0,0,15
411.0,cluster_12013799529_12013799530_473195061,0,0,15
412.0,2496228891,0,0,15
412.0,cluster_12013799525_12013799526_2496228894,0,2,15
412.0,cluster_12013799527_12013799528_2190601967,0,2,15
412.0,cluster_12013799529_12013799530_473195061,0,0,15
413.0,2496228891,0,0,15
413.0,cluster_12013799525_12013799526_2496228894,0,2,15
413.0,cluster_12013799527_12013799528_2190601967,0,2,15
413.0,cluster_12013799529_12013799530_473195061,0,0,15
414.0,2496228891,0,0,15
414.0,cluster_12013799525_12013799526_2496228894,0,2,15
414.0,cluster_12013799527_12013799528_2190601967,0,2,15
414.0,cluster_12013799529_12013799530_473195061,0,0,15
415.0,cluster_12013799525_12013799526_2496228894,0,2,15
415.0,cluster_12013799527_12013799528_2190601967,0,2,15
415.0,cluster_12013799529_12013799530_473195061,0,0,15
416.0,cluster_12013799525_12013799526_2496228894,0,2,15
416.0,cluster_12013799527_12013799528_2190601967,0,2,15
416.0,cluster_12013799529_12013799530_473195061,0,0,15
417.0,cluster_12013799525_12013799526_2496228894,1,2,15
417.0,cluster_12013799527_12013799528_2190601967,1,2,15
417.0,cluster_12013799529_12013799530_473195061,1,0,15
418.0,2496228891,1,2,15
418.0,cluster_12013799525_12013799526_2496228894,1,2,15
418.0,cluster_12013799527_12013799528_2190601967,1,2,15
418.0,cluster_12013799529_12013799530_473195061,1,0,15
419.0,2496228891,1,2,15
419.0,cluster_12013799525_12013799526_2496228894,1,2,15
419.0,cluster_12013799527_12013799528_2190601967,1,2,15
419.0,cluster_12013799529_12013799530_473195061,1,0,15
420.0,2496228891,1,2,15
420.0,cluster_12013799525_12013799526_2496228894,1,2,15
420.0,cluster_12013799527_12013799528_2190601967,1,2,15
420.0,cluster_12013799529_12013799530_473195061,1,0,15
421.0,2496228891,2,2,15
421.0,cluster_12013799525_12013799526_2496228894,2,2,15
421.0,cluster_12013799527_12013799528_2190601967,2,2,15
421.0,cluster_12013799529_12013799530_473195061,2,0,15
422.0,2496228891,2,2,15
422.0,cluster_12013799525_12013799526_2496228894,2,2,15
422.0,cluster_12013799527_12013799528_2190601967,2,2,15
423.0,2496228891,2,2,15
423.0,cluster_12013799525_12013799526_2496228894,2,2,15
423.0,cluster_12013799527_12013799528_2190601967,2,2,15
424.0,2496228891,2,2,15
424.0,cluster_12013799525_12013799526_2496228894,2,2,15
424.0,cluster_12013799527_12013799528_2190601967,2,2,15
425.0,2496228891,2,2,15
425.0,cluster_12013799525_12013799526_2496228894,2,2,15
425.0,cluster_12013799527_12013799528_2190601967,3,2,15
425.0,cluster_12013799529_12013799530_473195061,3,2,15
426.0,2496228891,3,2,15
426.0,cluster_12013799525_12013799526_2496228894,3,2,15
426.0,cluster_12013799527_12013799528_2190601967,3,2,15
426.0,cluster_12013799529_12013799530_473195061,3,2,15
427.0,2496228891,3,2,15
427.0,cluster_12013799525_12013799526_2496228894,3,2,15
427.0,cluster_12013799527_12013799528_2190601967,3,2,15
427.0,cluster_12013799529_12013799530_473195061,3,2,15
428.0,2496228891,3,2,15
428.0,cluster_12013799529_12013799530_473195061,3,2,15
429.0,2496228891,2,2,15
429.0,cluster_12013799529_12013799530_473195061,3,2,15
430.0,2496228891,3,2,15
430.0,cluster_12013799529_12013799530_473195061,4,2,23
431.0,2496228891,3,2,15
431.0,cluster_12013799525_12013799526_2496228894,4,0,21
431.0,cluster_12013799527_12013799528_2190601967,4,0,21
431.0,cluster_12013799529_12013799530_473195061,4,2,21
432.0,2496228891,3,2,15
432.0,cluster_12013799525_12013799526_2496228894,3,0,15
432.0,cluster_12013799527_12013799528_2190601967,4,0,21
432.0,cluster_12013799529_12013799530_473195061,4,2,21
433.0,2496228891,3,2,15
433.0,cluster_12013799525_12013799526_2496228894,3,0,15
433.0,cluster_12013799527_12013799528_2190601967,4,0,21
433.0,cluster_12013799529_12013799530_473195061,4,2,21
434.0,cluster_12013799525_12013799526_2496228894,3,0,15
434.0,cluster_12013799527_12013799528_2190601967,5,0,23
434.0,cluster_12013799529_12013799530_473195061,5,2,21
435.0,cluster_12013799525_12013799526_2496228894,3,0,15
435.0,cluster_12013799527_12013799528_2190601967,5,0,21
435.0,cluster_12013799529_12013799530_473195061,5,2,21
436.0,cluster_12013799525_12013799526_2496228894,2,0,15
436.0,cluster_12013799527_12013799528_2190601967,5,0,21
436.0,cluster_12013799529_12013799530_473195061,5,2,21
437.0,2496228891,5,0,21
437.0,cluster_12013799525_12013799526_2496228894,2,0,15
437.0,cluster_12013799527_12013799528_2190601967,4,0,21
437.0,cluster_12013799529_12013799530_473195061,4,2,21
438.0,2496228891,5,0,21
438.0,cluster_12013799525_12013799526_2496228894,2,0,15
438.0,cluster_12013799527_12013799528_2190601967,5,0,23
438.0,cluster_12013799529_12013799530_473195061,5,2,21
439.0,2496228891,5,0,21
439.0,cluster_12013799525_12013799526_2496228894,1,0,15
439.0,cluster_12013799527_12013799528_2190601967,5,0,21
439.0,cluster_12013799529_12013799530_473195061,5,2,21
440.0,2496228891,5,0,21
440.0,cluster_12013799525_12013799526_2496228894,1,0,15
440.0,cluster_12013799527_12013799528_2190601967,4,0,21
440.0,cluster_12013799529_12013799530_473195061,4,2,21
441.0,2496228891,5,0,21
441.0,cluster_12013799525_12013799526_2496228894,0,0,15
441.0,cluster_12013799527_12013799528_2190601967,4,0,21
442.0,2496228891,5,0,21
442.0,cluster_12013799525_12013799526_2496228894,0,0,15
442.0,cluster_12013799527_12013799528_2190601967,5,0,23
443.0,2496228891,5,0,21
443.0,cluster_12013799525_12013799526_2496228894,0,0,15
443.0,cluster_12013799527_12013799528_2190601967,4,0,21
444.0,2496228891,5,0,21
444.0,cluster_12013799525_12013799526_2496228894,0,0,15
444.0,cluster_12013799527_12013799528_2190601967,4,0,21
444.0,cluster_12013799529_12013799530_473195061,5,0,21
445.0,2496228891,4,0,21
445.0,cluster_12013799525_12013799526_2496228894,0,0,15
445.0,cluster_12013799527_12013799528_2190601967,4,0,21
445.0,cluster_12013799529_12013799530_473195061,4,0,21
446.0,2496228891,4,0,21
446.0,cluster_12013799525_12013799526_2496228894,0,0,15
446.0,cluster_12013799527_12013799528_2190601967,4,0,21
446.0,cluster_12013799529_12013799530_473195061,4,0,21
447.0,2496228891,4,0,21
447.0,cluster_12013799525_12013799526_2496228894,0,0,15
447.0,cluster_12013799527_12013799528_2190601967,3,0,15
447.0,cluster_12013799529_12013799530_473195061,4,0,21
448.0,2496228891,4,0,21
448.0,cluster_12013799525_12013799526_2496228894,0,0,15
448.0,cluster_12013799527_12013799528_2190601967,3,0,15
448.0,cluster_12013799529_12013799530_473195061,4,0,21
449.0,2496228891,5,0,23
449.0,cluster_12013799525_12013799526_2496228894,0,0,15
449.0,cluster_12013799527_12013799528_2190601967,3,0,15
449.0,cluster_12013799529_12013799530_473195061,3,0,15
450.0,2496228891,5,0,21
450.0,cluster_12013799525_12013799526_2496228894,0,0,15
450.0,cluster_12013799527_12013799528_2190601967,2,0,15
450.0,cluster_12013799529_12013799530_473195061,3,0,15
451.0,2496228891,4,0,21
451.0,cluster_12013799525_12013799526_2496228894,0,0,15
451.0,cluster_12013799527_12013799528_2190601967,2,0,15
451.0,cluster_12013799529_12013799530_473195061,2,0,15
452.0,2496228891,6,0,23
452.0,cluster_12013799525_12013799526_2496228894,0,0,15
452.0,cluster_12013799527_12013799528_2190601967,2,0,15
452.0,cluster_12013799529_12013799530_473195061,2,0,15
453.0,2496228891,6,0,21
453.0,cluster_12013799529_12013799530_473195061,2,0,15
454.0,2496228891,5,0,21
454.0,cluster_12013799529_12013799530_473195061,1,0,15
455.0,2496228891,3,0,15
455.0,cluster_12013799529_12013799530_473195061,1,0,15
456.0,2496228891,3,0,15
456.0,cluster_12013799525_12013799526_2496228894,3,2,15
456.0,cluster_12013799527_12013799528_2190601967,4,2,21
456.0,cluster_12013799529_12013799530_473195061,0,0,15
457.0,2496228891,1,0,15
457.0,cluster_12013799525_12013799526_2496228894,3,2,15
457.0,cluster_12013799527_12013799528_2190601967,2,2,15
457.0,cluster_12013799529_12013799530_473195061,0,0,15
458.0,2496228891,2,0,15
458.0,cluster_12013799525_12013799526_2496228894,3,2,15
458.0,cluster_12013799527_12013799528_2190601967,2,2,15
458.0,cluster_12013799529_12013799530_473195061,0,0,15
459.0,cluster_12013799525_12013799526_2496228894,3,2,15
459.0,cluster_12013799527_12013799528_2190601967,2,2,15
459.0,cluster_12013799529_12013799530_473195061,0,0,15
460.0,cluster_12013799525_12013799526_2496228894,3,2,15
460.0,cluster_12013799527_12013799528_2190601967,2,2,15
460.0,cluster_12013799529_12013799530_473195061,0,0,15
461.0,cluster_12013799525_12013799526_2496228894,3,2,15
461.0,cluster_12013799527_12013799528_2190601967,1,2,15
461.0,cluster_12013799529_12013799530_473195061,0,0,15
462.0,2496228891,3,2,15
462.0,cluster_12013799525_12013799526_2496228894,3,2,15
462.0,cluster_12013799527_12013799528_2190601967,1,2,15
462.0,cluster_12013799529_12013799530_473195061,0,0,15
463.0,2496228891,2,2,15
463.0,cluster_12013799525_12013799526_2496228894,2,2,15
463.0,cluster_12013799527_12013799528_2190601967,1,2,15
463.0,cluster_12013799529_12013799530_473195061,0,0,15
464.0,2496228891,2,2,15
464.0,cluster_12013799525_12013799526_2496228894,2,2,15
464.0,cluster_12013799527_12013799528_2190601967,0,2,15
464.0,cluster_12013799529_12013799530_473195061,0,0,15
465.0,2496228891,2,2,15
465.0,cluster_12013799525_12013799526_2496228894,2,2,15
465.0,cluster_12013799527_12013799528_2190601967,0,2,15
465.0,cluster_12013799529_12013799530_473195061,0,0,15
466.0,2496228891,2,2,15
466.0,cluster_12013799525_12013799526_2496228894,2,2,15
466.0,cluster_12013799527_12013799528_2190601967,0,2,15
467.0,2496228891,1,2,15
467.0,cluster_12013799525_12013799526_2496228894,2,2,15
467.0,cluster_12013799527_12013799528_2190601967,0,2,15
468.0,2496228891,1,2,15
468.0,cluster_12013799525_12013799526_2496228894,2,2,15
468.0,cluster_12013799527_12013799528_2190601967,0,2,15
469.0,2496228891,0,2,15
469.0,cluster_12013799525_12013799526_2496228894,2,2,15
469.0,cluster_12013799527_12013799528_2190601967,0,2,15
469.0,cluster_12013799529_12013799530_473195061,9,2,22
470.0,2496228891,0,2,15
470.0,cluster_12013799525_12013799526_2496228894,2,2,15
470.0,cluster_12013799527_12013799528_2190601967,0,2,15
470.0,cluster_12013799529_12013799530_473195061,7,2,21
471.0,2496228891,0,2,15
471.0,cluster_12013799525_12013799526_2496228894,2,2,15
471.0,cluster_12013799527_12013799528_2190601967,0,2,15
471.0,cluster_12013799529_12013799530_473195061,7,2,21
472.0,2496228891,0,2,15
472.0,cluster_12013799527_12013799528_2190601967,0,2,15
472.0,cluster_12013799529_12013799530_473195061,7,2,21
473.0,2496228891,0,2,15
473.0,cluster_12013799527_12013799528_2190601967,0,2,15
473.0,cluster_12013799529_12013799530_473195061,7,2,21
474.0,2496228891,0,2,15
474.0,cluster_12013799527_12013799528_2190601967,0,2,15
474.0,cluster_12013799529_12013799530_473195061,6,2,21
475.0,2496228891,0,2,15
475.0,cluster_12013799525_12013799526_2496228894,0,0,15
475.0,cluster_12013799527_12013799528_2190601967,0,2,15
475.0,cluster_12013799529_12013799530_473195061,6,2,21
476.0,2496228891,0,2,15
476.0,cluster_12013799525_12013799526_2496228894,0,0,15
476.0,cluster_12013799527_12013799528_2190601967,0,2,15
476.0,cluster_12013799529_12013799530_473195061,6,2,23
477.0,2496228891,0,2,15
477.0,cluster_12013799525_12013799526_2496228894,0,0,15
477.0,cluster_12013799527_12013799528_2190601967,0,2,15
477.0,cluster_12013799529_12013799530_473195061,5,2,21
478.0,cluster_12013799525_12013799526_2496228894,0,0,15
478.0,cluster_12013799529_12013799530_473195061,5,2,21
479.0,cluster_12013799525_12013799526_2496228894,0,0,15
479.0,cluster_12013799529_12013799530_473195061,4,2,21
480.0,cluster_12013799525_12013799526_2496228894,0,0,15
480.0,cluster_12013799529_12013799530_473195061,4,2,21
481.0,2496228891,4,0,21
481.0,cluster_12013799525_12013799526_2496228894,0,0,15
481.0,cluster_12013799527_12013799528_2190601967,1,0,15
481.0,cluster_12013799529_12013799530_473195061,3,2,15
482.0,2496228891,3,0,15
482.0,cluster_12013799525_12013799526_2496228894,0,0,15
482.0,cluster_12013799527_12013799528_2190601967,1,0,15
482.0,cluster_12013799529_12013799530_473195061,2,2,15
483.0,2496228891,4,0,23
483.0,cluster_12013799525_12013799526_2496228894,0,0,15
483.0,cluster_12013799527_12013799528_2190601967,1,0,15
483.0,cluster_12013799529_12013799530_473195061,2,2,15
484.0,2496228891,6,0,23
484.0,cluster_12013799525_12013799526_2496228894,0,0,15
484.0,cluster_12013799527_12013799528_2190601967,1,0,15
484.0,cluster_12013799529_12013799530_473195061,1,2,15
485.0,2496228891,6,0,23
485.0,cluster_12013799525_12013799526_2496228894,0,0,15
485.0,cluster_12013799527_12013799528_2190601967,0,0,15
485.0,cluster_12013799529_12013799530_473195061,0,2,15
486.0,2496228891,5,0,21
486.0,cluster_12013799525_12013799526_2496228894,0,0,15
486.0,cluster_12013799527_12013799528_2190601967,0,0,15
486.0,cluster_12013799529_12013799530_473195061,1,2,15
487.0,2496228891,5,0,23
487.0,cluster_12013799525_12013799526_2496228894,0,0,15
487.0,cluster_12013799527_12013799528_2190601967,0,0,15
487.0,cluster_12013799529_12013799530_473195061,1,2,15
488.0,2496228891,2,0,15
488.0,cluster_12013799525_12013799526_2496228894,0,0,15
488.0,cluster_12013799527_12013799528_2190601967,0,0,15
488.0,cluster_12013799529_12013799530_473195061,2,2,15
489.0,2496228891,3,0,15
489.0,cluster_12013799525_12013799526_2496228894,0,0,15
489.0,cluster_12013799527_12013799528_2190601967,0,0,15
489.0,cluster_12013799529_12013799530_473195061,2,2,15
490.0,2496228891,2,0,15
490.0,cluster_12013799525_12013799526_2496228894,0,0,15
490.0,cluster_12013799527_12013799528_2190601967,0,0,15
490.0,cluster_12013799529_12013799530_473195061,2,2,15
491.0,2496228891,2,0,15
491.0,cluster_12013799527_12013799528_2190601967,0,0,15
491.0,cluster_12013799529_12013799530_473195061,2,2,15
492.0,2496228891,1,0,15
492.0,cluster_12013799527_12013799528_2190601967,0,0,15
493.0,2496228891,2,0,15
493.0,cluster_12013799527_12013799528_2190601967,0,0,15
494.0,2496228891,2,0,15
494.0,cluster_12013799525_12013799526_2496228894,7,2,21
494.0,cluster_12013799527_12013799528_2190601967,0,0,15
495.0,2496228891,1,0,15
495.0,cluster_12013799525_12013799526_2496228894,6,2,21
495.0,cluster_12013799527_12013799528_2190601967,0,0,15
495.0,cluster_12013799529_12013799530_473195061,0,0,15
496.0,2496228891,1,0,15
496.0,cluster_12013799525_12013799526_2496228894,6,2,21
496.0,cluster_12013799527_12013799528_2190601967,0,0,15
496.0,cluster_12013799529_12013799530_473195061,0,0,15
497.0,2496228891,1,0,15
497.0,cluster_12013799525_12013799526_2496228894,6,2,21
497.0,cluster_12013799529_12013799530_473195061,0,0,15
498.0,2496228891,1,0,15
498.0,cluster_12013799525_12013799526_2496228894,5,2,21
498.0,cluster_12013799529_12013799530_473195061,0,0,15
499.0,2496228891,1,0,15
499.0,cluster_12013799525_12013799526_2496228894,5,2,21
499.0,cluster_12013799529_12013799530_473195061,0,0,15
500.0,2496228891,0,0,15
500.0,cluster_12013799525_12013799526_2496228894,5,2,23
500.0,cluster_12013799527_12013799528_2190601967,1,2,15
500.0,cluster_12013799529_12013799530_473195061,0,0,15
501.0,2496228891,0,0,15
501.0,cluster_12013799525_12013799526_2496228894,5,2,23
501.0,cluster_12013799527_12013799528_2190601967,2,2,15
501.0,cluster_12013799529_12013799530_473195061,0,0,15
502.0,2496228891,0,0,15
502.0,cluster_12013799525_12013799526_2496228894,5,2,23
502.0,cluster_12013799527_12013799528_2190601967,2,2,15
502.0,cluster_12013799529_12013799530_473195061,0,0,15
503.0,cluster_12013799525_12013799526_2496228894,5,2,23
503.0,cluster_12013799527_12013799528_2190601967,2,2,15
503.0,cluster_12013799529_12013799530_473195061,0,0,15
504.0,cluster_12013799525_12013799526_2496228894,4,2,21
504.0,cluster_12013799527_12013799528_2190601967,2,2,15
504.0,cluster_12013799529_12013799530_473195061,0,0,15
505.0,cluster_12013799525_12013799526_2496228894,4,2,21
505.0,cluster_12013799527_12013799528_2190601967,2,2,15
505.0,cluster_12013799529_12013799530_473195061,0,0,15
506.0,2496228891,0,2,15
506.0,cluster_12013799525_12013799526_2496228894,3,2,15
506.0,cluster_12013799527_12013799528_2190601967,2,2,15
506.0,cluster_12013799529_12013799530_473195061,0,0,15
507.0,2496228891,0,2,15
507.0,cluster_12013799525_12013799526_2496228894,2,2,15
507.0,cluster_12013799527_12013799528_2190601967,1,2,15
507.0,cluster_12013799529_12013799530_473195061,0,0,15
508.0,2496228891,0,2,15
508.0,cluster_12013799525_12013799526_2496228894,1,2,15
508.0,cluster_12013799527_12013799528_2190601967,3,2,15
508.0,cluster_12013799529_12013799530_473195061,0,0,15
509.0,2496228891,0,2,15
509.0,cluster_12013799525_12013799526_2496228894,1,2,15
509.0,cluster_12013799527_12013799528_2190601967,3,2,15
509.0,cluster_12013799529_12013799530_473195061,0,0,15
510.0,2496228891,0,2,15
510.0,cluster_12013799525_12013799526_2496228894,1,2,15
510.0,cluster_12013799527_12013799528_2190601967,2,2,15
510.0,cluster_12013799529_12013799530_473195061,0,0,15
511.0,2496228891,0,2,15
511.0,cluster_12013799525_12013799526_2496228894,1,2,15
511.0,cluster_12013799527_12013799528_2190601967,2,2,15
512.0,2496228891,0,2,15
512.0,cluster_12013799525_12013799526_2496228894,1,2,15
512.0,cluster_12013799527_12013799528_2190601967,1,2,15
513.0,2496228891,0,2,15
513.0,cluster_12013799525_12013799526_2496228894,0,2,15
513.0,cluster_12013799527_12013799528_2190601967,0,2,15
514.0,2496228891,0,2,15
514.0,cluster_12013799525_12013799526_2496228894,0,2,15
514.0,cluster_12013799527_12013799528_2190601967,1,2,15
514.0,cluster_12013799529_12013799530_473195061,2,2,15
515.0,2496228891,0,2,15
515.0,cluster_12013799525_12013799526_2496228894,0,2,15
515.0,cluster_12013799527_12013799528_2190601967,1,2,15
515.0,cluster_12013799529_12013799530_473195061,1,2,15
516.0,2496228891,0,2,15
516.0,cluster_12013799529_12013799530_473195061,1,2,15
517.0,2496228891,0,2,15
517.0,cluster_12013799529_12013799530_473195061,1,2,15
518.0,2496228891,0,2,15
518.0,cluster_12013799529_12013799530_473195061,1,2,15
519.0,2496228891,0,2,15
519.0,cluster_12013799525_12013799526_2496228894,0,0,15
519.0,cluster_12013799527_12013799528_2190601967,0,0,15
519.0,cluster_12013799529_12013799530_473195061,1,2,15
520.0,2496228891,0,2,15
520.0,cluster_12013799525_12013799526_2496228894,0,0,15
520.0,cluster_12013799527_12013799528_2190601967,0,0,15
520.0,cluster_12013799529_12013799530_473195061,1,2,15
521.0,2496228891,0,2,15
521.0,cluster_12013799525_12013799526_2496228894,0,0,15
521.0,cluster_12013799527_12013799528_2190601967,0,0,15
521.0,cluster_12013799529_12013799530_473195061,1,2,15
522.0,cluster_12013799525_12013799526_2496228894,0,0,15
522.0,cluster_12013799527_12013799528_2190601967,0,0,15
522.0,cluster_12013799529_12013799530_473195061,1,2,15
523.0,cluster_12013799525_12013799526_2496228894,0,0,15
523.0,cluster_12013799527_12013799528_2190601967,0,0,15
523.0,cluster_12013799529_12013799530_473195061,0,2,15
524.0,cluster_12013799525_12013799526_2496228894,0,0,15
524.0,cluster_12013799527_12013799528_2190601967,0,0,15
524.0,cluster_12013799529_12013799530_473195061,0,2,15
525.0,2496228891,0,0,15
525.0,cluster_12013799525_12013799526_2496228894,0,0,15
525.0,cluster_12013799527_12013799528_2190601967,0,0,15
525.0,cluster_12013799529_12013799530_473195061,0,2,15
526.0,2496228891,0,0,15
526.0,cluster_12013799525_12013799526_2496228894,0,0,15
526.0,cluster_12013799527_12013799528_2190601967,0,0,15
526.0,cluster_12013799529_12013799530_473195061,0,2,15
527.0,2496228891,0,0,15
527.0,cluster_12013799525_12013799526_2496228894,0,0,15
527.0,cluster_12013799527_12013799528_2190601967,0,0,15
527.0,cluster_12013799529_12013799530_473195061,0,2,15
528.0,2496228891,0,0,15
528.0,cluster_12013799525_12013799526_2496228894,0,0,15
528.0,cluster_12013799527_12013799528_2190601967,0,0,15
528.0,cluster_12013799529_12013799530_473195061,0,2,15
529.0,2496228891,0,0,15
529.0,cluster_12013799525_12013799526_2496228894,0,0,15
529.0,cluster_12013799527_12013799528_2190601967,0,0,15
529.0,cluster_12013799529_12013799530_473195061,0,2,15
530.0,2496228891,0,0,15
530.0,cluster_12013799525_12013799526_2496228894,0,0,15
530.0,cluster_12013799527_12013799528_2190601967,0,0,15
531.0,2496228891,0,0,15
531.0,cluster_12013799525_12013799526_2496228894,0,0,15
531.0,cluster_12013799527_12013799528_2190601967,0,0,15
532.0,2496228891,0,0,15
532.0,cluster_12013799525_12013799526_2496228894,0,0,15
532.0,cluster_12013799527_12013799528_2190601967,0,0,15
533.0,2496228891,0,0,15
533.0,cluster_12013799525_12013799526_2496228894,0,0,15
533.0,cluster_12013799527_12013799528_2190601967,0,0,15
533.0,cluster_12013799529_12013799530_473195061,0,0,15
534.0,2496228891,0,0,15
534.0,cluster_12013799525_12013799526_2496228894,0,0,15
534.0,cluster_12013799527_12013799528_2190601967,0,0,15
534.0,cluster_12013799529_12013799530_473195061,0,0,15
535.0,2496228891,0,0,15
535.0,cluster_12013799529_12013799530_473195061,0,0,15
536.0,2496228891,0,0,15
536.0,cluster_12013799529_12013799530_473195061,0,0,15
537.0,2496228891,0,0,15
537.0,cluster_12013799529_12013799530_473195061,0,0,15
538.0,2496228891,0,0,15
538.0,cluster_12013799525_12013799526_2496228894,0,2,15
538.0,cluster_12013799527_12013799528_2190601967,1,2,15
538.0,cluster_12013799529_12013799530_473195061,0,0,15
539.0,2496228891,0,0,15
539.0,cluster_12013799525_12013799526_2496228894,0,2,15
539.0,cluster_12013799527_12013799528_2190601967,0,2,15
539.0,cluster_12013799529_12013799530_473195061,0,0,15
540.0,2496228891,0,0,15
540.0,cluster_12013799525_12013799526_2496228894,0,2,15
540.0,cluster_12013799527_12013799528_2190601967,0,2,15
540.0,cluster_12013799529_12013799530_473195061,0,0,15
541.0,cluster_12013799525_12013799526_2496228894,0,2,15
541.0,cluster_12013799527_12013799528_2190601967,0,2,15
541.0,cluster_12013799529_12013799530_473195061,0,0,15
542.0,cluster_12013799525_12013799526_2496228894,0,2,15
542.0,cluster_12013799527_12013799528_2190601967,0,2,15
542.0,cluster_12013799529_12013799530_473195061,0,0,15
543.0,cluster_12013799525_12013799526_2496228894,0,2,15
543.0,cluster_12013799527_12013799528_2190601967,0,2,15
543.0,cluster_12013799529_12013799530_473195061,0,0,15
544.0,2496228891,0,2,15
544.0,cluster_12013799525_12013799526_2496228894,0,2,15
544.0,cluster_12013799527_12013799528_2190601967,0,2,15
544.0,cluster_12013799529_12013799530_473195061,0,0,15
545.0,2496228891,0,2,15
545.0,cluster_12013799525_12013799526_2496228894,0,2,15
545.0,cluster_12013799527_12013799528_2190601967,0,2,15
545.0,cluster_12013799529_12013799530_473195061,0,0,15
546.0,2496228891,0,2,15
546.0,cluster_12013799525_12013799526_2496228894,0,2,15
546.0,cluster_12013799527_12013799528_2190601967,0,2,15
546.0,cluster_12013799529_12013799530_473195061,0,0,15
547.0,2496228891,0,2,15
547.0,cluster_12013799525_12013799526_2496228894,0,2,15
547.0,cluster_12013799527_12013799528_2190601967,0,2,15
547.0,cluster_12013799529_12013799530_473195061,0,0,15
548.0,2496228891,0,2,15
548.0,cluster_12013799525_12013799526_2496228894,0,2,15
548.0,cluster_12013799527_12013799528_2190601967,0,2,15
548.0,cluster_12013799529_12013799530_473195061,0,0,15
549.0,2496228891,0,2,15
549.0,cluster_12013799525_12013799526_2496228894,0,2,15
549.0,cluster_12013799527_12013799528_2190601967,0,2,15
550.0,2496228891,0,2,15
550.0,cluster_12013799525_12013799526_2496228894,0,2,15
550.0,cluster_12013799527_12013799528_2190601967,0,2,15
551.0,2496228891,0,2,15
551.0,cluster_12013799525_12013799526_2496228894,0,2,15
551.0,cluster_12013799527_12013799528_2190601967,0,2,15
552.0,2496228891,0,2,15
552.0,cluster_12013799525_12013799526_2496228894,0,2,15
552.0,cluster_12013799527_12013799528_2190601967,0,2,15
552.0,cluster_12013799529_12013799530_473195061,0,2,15
553.0,2496228891,0,2,15
553.0,cluster_12013799525_12013799526_2496228894,0,2,15
553.0,cluster_12013799527_12013799528_2190601967,0,2,15
553.0,cluster_12013799529_12013799530_473195061,0,2,15
554.0,2496228891,0,2,15
554.0,cluster_12013799529_12013799530_473195061,0,2,15
555.0,2496228891,1,2,15
555.0,cluster_12013799529_12013799530_473195061,1,2,15
556.0,2496228891,1,2,15
556.0,cluster_12013799529_12013799530_473195061,1,2,15
557.0,2496228891,1,2,15
557.0,cluster_12013799525_12013799526_2496228894,1,0,15
557.0,cluster_12013799527_12013799528_2190601967,1,0,15
557.0,cluster_12013799529_12013799530_473195061,1,2,15
558.0,2496228891,1,2,15
558.0,cluster_12013799525_12013799526_2496228894,1,0,15
558.0,cluster_12013799527_12013799528_2190601967,1,0,15
558.0,cluster_12013799529_12013799530_473195061,1,2,15
559.0,2496228891,2,2,15
559.0,cluster_12013799525_12013799526_2496228894,2,0,15
559.0,cluster_12013799527_12013799528_2190601967,2,0,15
559.0,cluster_12013799529_12013799530_473195061,2,2,15
560.0,cluster_12013799525_12013799526_2496228894,2,0,15
560.0,cluster_12013799527_12013799528_2190601967,2,0,15
560.0,cluster_12013799529_12013799530_473195061,2,2,15
561.0,cluster_12013799525_12013799526_2496228894,2,0,15
561.0,cluster_12013799527_12013799528_2190601967,2,0,15
561.0,cluster_12013799529_12013799530_473195061,2,2,15
562.0,cluster_12013799525_12013799526_2496228894,2,0,15
562.0,cluster_12013799527_12013799528_2190601967,2,0,15
562.0,cluster_12013799529_12013799530_473195061,2,2,15
563.0,2496228891,2,0,15
563.0,cluster_12013799525_12013799526_2496228894,3,0,15
563.0,cluster_12013799527_12013799528_2190601967,3,0,15
563.0,cluster_12013799529_12013799530_473195061,3,2,15
564.0,2496228891,3,0,15
564.0,cluster_12013799525_12013799526_2496228894,3,0,15
564.0,cluster_12013799527_12013799528_2190601967,3,0,15
564.0,cluster_12013799529_12013799530_473195061,3,2,15
565.0,2496228891,3,0,15
565.0,cluster_12013799525_12013799526_2496228894,2,0,15
565.0,cluster_12013799527_12013799528_2190601967,3,0,15
565.0,cluster_12013799529_12013799530_473195061,3,2,15
566.0,2496228891,3,0,15
566.0,cluster_12013799525_12013799526_2496228894,2,0,15
566.0,cluster_12013799527_12013799528_2190601967,3,0,15
566.0,cluster_12013799529_12013799530_473195061,3,2,15
567.0,2496228891,3,0,15
567.0,cluster_12013799525_12013799526_2496228894,3,0,15
567.0,cluster_12013799527_12013799528_2190601967,4,0,23
567.0,cluster_12013799529_12013799530_473195061,4,2,21
568.0,2496228891,4,0,23
568.0,cluster_12013799525_12013799526_2496228894,2,0,15
568.0,cluster_12013799527_12013799528_2190601967,4,0,21
569.0,2496228891,4,0,21
569.0,cluster_12013799525_12013799526_2496228894,2,0,15
569.0,cluster_12013799527_12013799528_2190601967,4,0,21
570.0,2496228891,4,0,21
570.0,cluster_12013799525_12013799526_2496228894,2,0,15
570.0,cluster_12013799527_12013799528_2190601967,4,0,21
571.0,2496228891,4,0,21
571.0,cluster_12013799525_12013799526_2496228894,2,0,15
571.0,cluster_12013799527_12013799528_2190601967,5,0,23
571.0,cluster_12013799529_12013799530_473195061,4,0,21
572.0,2496228891,4,0,21
572.0,cluster_12013799525_12013799526_2496228894,2,0,15
572.0,cluster_12013799527_12013799528_2190601967,4,0,21
572.0,cluster_12013799529_12013799530_473195061,4,0,21
573.0,2496228891,6,0,23
573.0,cluster_12013799529_12013799530_473195061,4,0,21
574.0,2496228891,6,0,21
574.0,cluster_12013799529_12013799530_473195061,4,0,21
575.0,2496228891,6,0,21
575.0,cluster_12013799529_12013799530_473195061,4,0,21
576.0,2496228891,6,0,21
576.0,cluster_12013799525_12013799526_2496228894,3,2,15
576.0,cluster_12013799527_12013799528_2190601967,4,2,21
576.0,cluster_12013799529_12013799530_473195061,4,0,21
577.0,2496228891,4,0,21
577.0,cluster_12013799525_12013799526_2496228894,3,2,15
577.0,cluster_12013799527_12013799528_2190601967,3,2,15
577.0,cluster_12013799529_12013799530_473195061,4,0,21
578.0,2496228891,4,0,23
578.0,cluster_12013799525_12013799526_2496228894,3,2,15
578.0,cluster_12013799527_12013799528_2190601967,3,2,15
578.0,cluster_12013799529_12013799530_473195061,3,0,15
579.0,cluster_12013799525_12013799526_2496228894,3,2,15
579.0,cluster_12013799527_12013799528_2190601967,3,2,15
579.0,cluster_12013799529_12013799530_473195061,3,0,15
580.0,cluster_12013799525_12013799526_2496228894,3,2,15
580.0,cluster_12013799527_12013799528_2190601967,2,2,15
580.0,cluster_12013799529_12013799530_473195061,3,0,15
581.0,cluster_12013799525_12013799526_2496228894,3,2,15
581.0,cluster_12013799527_12013799528_2190601967,1,2,15
581.0,cluster_12013799529_12013799530_473195061,2,0,15
582.0,2496228891,2,2,15
582.0,cluster_12013799525_12013799526_2496228894,2,2,15
582.0,cluster_12013799527_12013799528_2190601967,2,2,15
582.0,cluster_12013799529_12013799530_473195061,2,0,15
583.0,2496228891,2,2,15
583.0,cluster_12013799525_12013799526_2496228894,2,2,15
583.0,cluster_12013799527_12013799528_2190601967,2,2,15
583.0,cluster_12013799529_12013799530_473195061,2,0,15
584.0,2496228891,2,2,15
584.0,cluster_12013799525_12013799526_2496228894,2,2,15
584.0,cluster_12013799527_12013799528_2190601967,2,2,15
584.0,cluster_12013799529_12013799530_473195061,1,0,15
585.0,2496228891,2,2,15
585.0,cluster_12013799525_12013799526_2496228894,2,2,15
585.0,cluster_12013799527_12013799528_2190601967,2,2,15
585.0,cluster_12013799529_12013799530_473195061,1,0,15
586.0,2496228891,1,2,15
586.0,cluster_12013799525_12013799526_2496228894,2,2,15
586.0,cluster_12013799527_12013799528_2190601967,2,2,15
586.0,cluster_12013799529_12013799530_473195061,1,0,15
587.0,2496228891,1,2,15
587.0,cluster_12013799525_12013799526_2496228894,2,2,15
587.0,cluster_12013799527_12013799528_2190601967,1,2,15
587.0,cluster_12013799529_12013799530_473195061,1,0,15
588.0,2496228891,1,2,15
588.0,cluster_12013799525_12013799526_2496228894,2,2,15
588.0,cluster_12013799527_12013799528_2190601967,1,2,15
588.0,cluster_12013799529_12013799530_473195061,0,0,15
589.0,2496228891,0,2,15
589.0,cluster_12013799525_12013799526_2496228894,2,2,15
589.0,cluster_12013799527_12013799528_2190601967,1,2,15
589.0,cluster_12013799529_12013799530_473195061,0,0,15
590.0,2496228891,0,2,15
590.0,cluster_12013799525_12013799526_2496228894,2,2,15
590.0,cluster_12013799527_12013799528_2190601967,1,2,15
590.0,cluster_12013799529_12013799530_473195061,0,0,15
591.0,2496228891,0,2,15
591.0,cluster_12013799525_12013799526_2496228894,3,2,15
591.0,cluster_12013799527_12013799528_2190601967,1,2,15
591.0,cluster_12013799529_12013799530_473195061,0,0,15
592.0,2496228891,0,2,15
592.0,cluster_12013799527_12013799528_2190601967,1,2,15
592.0,cluster_12013799529_12013799530_473195061,0,0,15
593.0,2496228891,0,2,15
593.0,cluster_12013799527_12013799528_2190601967,1,2,15
594.0,2496228891,0,2,15
594.0,cluster_12013799527_12013799528_2190601967,1,2,15
595.0,2496228891,0,2,15
595.0,cluster_12013799525_12013799526_2496228894,1,0,15
595.0,cluster_12013799527_12013799528_2190601967,1,2,15
596.0,2496228891,0,2,15
596.0,cluster_12013799525_12013799526_2496228894,0,0,15
596.0,cluster_12013799527_12013799528_2190601967,0,2,15
596.0,cluster_12013799529_12013799530_473195061,8,2,21
597.0,2496228891,0,2,15
597.0,cluster_12013799525_12013799526_2496228894,0,0,15
597.0,cluster_12013799527_12013799528_2190601967,0,2,15
597.0,cluster_12013799529_12013799530_473195061,7,2,21
598.0,cluster_12013799525_12013799526_2496228894,0,0,15
598.0,cluster_12013799529_12013799530_473195061,7,2,21
599.0,cluster_12013799525_12013799526_2496228894,0,0,15
599.0,cluster_12013799529_12013799530_473195061,6,2,21
600.0,cluster_12013799525_12013799526_2496228894,0,0,15
600.0,cluster_12013799529_12013799530_473195061,6,2,21
601.0,2496228891,5,0,21
601.0,cluster_12013799525_12013799526_2496228894,0,0,15
601.0,cluster_12013799527_12013799528_2190601967,5,0,21
601.0,cluster_12013799529_12013799530_473195061,5,2,21
602.0,2496228891,4,0,21
602.0,cluster_12013799525_12013799526_2496228894,0,0,15
602.0,cluster_12013799527_12013799528_2190601967,5,0,21
602.0,cluster_12013799529_12013799530_473195061,5,2,21
603.0,2496228891,4,0,23
603.0,cluster_12013799525_12013799526_2496228894,0,0,15
603.0,cluster_12013799527_12013799528_2190601967,5,0,21
603.0,cluster_12013799529_12013799530_473195061,5,2,21
604.0,2496228891,4,0,21
604.0,cluster_12013799525_12013799526_2496228894,0,0,15
604.0,cluster_12013799527_12013799528_2190601967,5,0,21
604.0,cluster_12013799529_12013799530_473195061,5,2,21
605.0,2496228891,1,0,15
605.0,cluster_12013799525_12013799526_2496228894,0,0,15
605.0,cluster_12013799527_12013799528_2190601967,4,0,21
605.0,cluster_12013799529_12013799530_473195061,4,2,21
606.0,2496228891,2,0,15
606.0,cluster_12013799525_12013799526_2496228894,0,0,15
606.0,cluster_12013799527_12013799528_2190601967,4,0,21
606.0,cluster_12013799529_12013799530_473195061,5,2,23
607.0,2496228891,2,0,15
607.0,cluster_12013799525_12013799526_2496228894,0,0,15
607.0,cluster_12013799527_12013799528_2190601967,4,0,21
607.0,cluster_12013799529_12013799530_473195061,5,2,21
608.0,2496228891,1,0,15
608.0,cluster_12013799525_12013799526_2496228894,0,0,15
608.0,cluster_12013799527_12013799528_2190601967,3,0,15
608.0,cluster_12013799529_12013799530_473195061,4,2,21
609.0,2496228891,1,0,15
609.0,cluster_12013799525_12013799526_2496228894,0,0,15
609.0,cluster_12013799527_12013799528_2190601967,3,0,15
609.0,cluster_12013799529_12013799530_473195061,5,2,23
610.0,2496228891,1,0,15
610.0,cluster_12013799525_12013799526_2496228894,0,0,15
610.0,cluster_12013799527_12013799528_2190601967,2,0,15
610.0,cluster_12013799529_12013799530_473195061,4,2,21
611.0,2496228891,1,0,15
611.0,cluster_12013799527_12013799528_2190601967,2,0,15
611.0,cluster_12013799529_12013799530_473195061,5,2,23
612.0,2496228891,0,0,15
612.0,cluster_12013799527_12013799528_2190601967,2,0,15
612.0,cluster_12013799529_12013799530_473195061,5,2,21
613.0,2496228891,0,0,15
613.0,cluster_12013799527_12013799528_2190601967,1,0,15
613.0,cluster_12013799529_12013799530_473195061,5,2,23
614.0,2496228891,0,0,15
614.0,cluster_12013799525_12013799526_2496228894,6,2,21
614.0,cluster_12013799527_12013799528_2190601967,1,0,15
614.0,cluster_12013799529_12013799530_473195061,5,2,21
615.0,2496228891,0,0,15
615.0,cluster_12013799525_12013799526_2496228894,4,2,21
615.0,cluster_12013799527_12013799528_2190601967,1,0,15
615.0,cluster_12013799529_12013799530_473195061,6,2,23
616.0,2496228891,0,0,15
616.0,cluster_12013799525_12013799526_2496228894,4,2,21
616.0,cluster_12013799527_12013799528_2190601967,0,0,15
616.0,cluster_12013799529_12013799530_473195061,5,2,21
617.0,2496228891,0,0,15
617.0,cluster_12013799525_12013799526_2496228894,4,2,21
617.0,cluster_12013799527_12013799528_2190601967,0,0,15
617.0,cluster_12013799529_12013799530_473195061,5,2,21
618.0,2496228891,0,0,15
618.0,cluster_12013799525_12013799526_2496228894,4,2,21
618.0,cluster_12013799527_12013799528_2190601967,0,0,15
619.0,2496228891,0,0,15
619.0,cluster_12013799525_12013799526_2496228894,3,2,15
619.0,cluster_12013799527_12013799528_2190601967,0,0,15
620.0,2496228891,0,0,15
620.0,cluster_12013799525_12013799526_2496228894,3,2,15
620.0,cluster_12013799527_12013799528_2190601967,0,0,15
621.0,2496228891,0,0,15
621.0,cluster_12013799525_12013799526_2496228894,3,2,15
621.0,cluster_12013799527_12013799528_2190601967,0,0,15
621.0,cluster_12013799529_12013799530_473195061,0,0,15
622.0,2496228891,0,0,15
622.0,cluster_12013799525_12013799526_2496228894,2,2,15
622.0,cluster_12013799527_12013799528_2190601967,0,0,15
622.0,cluster_12013799529_12013799530_473195061,0,0,15
623.0,cluster_12013799525_12013799526_2496228894,2,2,15
623.0,cluster_12013799529_12013799530_473195061,0,0,15
624.0,cluster_12013799525_12013799526_2496228894,1,2,15
624.0,cluster_12013799529_12013799530_473195061,0,0,15
625.0,cluster_12013799525_12013799526_2496228894,1,2,15
625.0,cluster_12013799529_12013799530_473195061,0,0,15
626.0,2496228891,0,2,15
626.0,cluster_12013799525_12013799526_2496228894,0,2,15
626.0,cluster_12013799527_12013799528_2190601967,3,2,15
626.0,cluster_12013799529_12013799530_473195061,0,0,15
627.0,2496228891,0,2,15
627.0,cluster_12013799525_12013799526_2496228894,0,2,15
627.0,cluster_12013799527_12013799528_2190601967,2,2,15
627.0,cluster_12013799529_12013799530_473195061,0,0,15
628.0,2496228891,0,2,15
628.0,cluster_12013799525_12013799526_2496228894,0,2,15
628.0,cluster_12013799527_12013799528_2190601967,3,2,15
628.0,cluster_12013799529_12013799530_473195061,0,0,15
629.0,2496228891,0,2,15
629.0,cluster_12013799525_12013799526_2496228894,0,2,15
629.0,cluster_12013799527_12013799528_2190601967,3,2,15
629.0,cluster_12013799529_12013799530_473195061,0,0,15
630.0,2496228891,0,2,15
630.0,cluster_12013799525_12013799526_2496228894,0,2,15
630.0,cluster_12013799527_12013799528_2190601967,3,2,15
630.0,cluster_12013799529_12013799530_473195061,0,0,15
631.0,2496228891,0,2,15
631.0,cluster_12013799525_12013799526_2496228894,0,2,15
631.0,cluster_12013799527_12013799528_2190601967,2,2,15
631.0,cluster_12013799529_12013799530_473195061,0,0,15
632.0,2496228891,0,2,15
632.0,cluster_12013799525_12013799526_2496228894,0,2,15
632.0,cluster_12013799527_12013799528_2190601967,2,2,15
632.0,cluster_12013799529_12013799530_473195061,0,0,15
633.0,2496228891,0,2,15
633.0,cluster_12013799525_12013799526_2496228894,0,2,15
633.0,cluster_12013799527_12013799528_2190601967,1,2,15
633.0,cluster_12013799529_12013799530_473195061,0,0,15
634.0,2496228891,0,2,15
634.0,cluster_12013799525_12013799526_2496228894,0,2,15
634.0,cluster_12013799527_12013799528_2190601967,1,2,15
634.0,cluster_12013799529_12013799530_473195061,0,0,15
635.0,2496228891,0,2,15
635.0,cluster_12013799525_12013799526_2496228894,0,2,15
635.0,cluster_12013799527_12013799528_2190601967,1,2,15
635.0,cluster_12013799529_12013799530_473195061,0,0,15
636.0,2496228891,0,2,15
636.0,cluster_12013799527_12013799528_2190601967,1,2,15
636.0,cluster_12013799529_12013799530_473195061,0,0,15
637.0,2496228891,0,2,15
637.0,cluster_12013799527_12013799528_2190601967,1,2,15
638.0,2496228891,0,2,15
638.0,cluster_12013799527_12013799528_2190601967,0,2,15
639.0,2496228891,0,2,15
639.0,cluster_12013799525_12013799526_2496228894,0,0,15
639.0,cluster_12013799527_12013799528_2190601967,0,2,15
640.0,2496228891,0,2,15
640.0,cluster_12013799525_12013799526_2496228894,0,0,15
640.0,cluster_12013799527_12013799528_2190601967,0,2,15
640.0,cluster_12013799529_12013799530_473195061,6,2,21
641.0,2496228891,0,2,15
641.0,cluster_12013799525_12013799526_2496228894,0,0,15
641.0,cluster_12013799527_12013799528_2190601967,0,2,15
641.0,cluster_12013799529_12013799530_473195061,5,2,23
642.0,cluster_12013799525_12013799526_2496228894,0,0,15
642.0,cluster_12013799529_12013799530_473195061,5,2,21
643.0,cluster_12013799525_12013799526_2496228894,0,0,15
643.0,cluster_12013799529_12013799530_473195061,5,2,21
644.0,cluster_12013799525_12013799526_2496228894,0,0,15
644.0,cluster_12013799529_12013799530_473195061,5,2,21
645.0,2496228891,0,0,15
645.0,cluster_12013799525_12013799526_2496228894,0,0,15
645.0,cluster_12013799527_12013799528_2190601967,0,0,15
645.0,cluster_12013799529_12013799530_473195061,4,2,21
646.0,2496228891,2,0,15
646.0,cluster_12013799525_12013799526_2496228894,0,0,15
646.0,cluster_12013799527_12013799528_2190601967,0,0,15
646.0,cluster_12013799529_12013799530_473195061,4,2,21
647.0,2496228891,2,0,15
647.0,cluster_12013799525_12013799526_2496228894,0,0,15
647.0,cluster_12013799527_12013799528_2190601967,0,0,15
647.0,cluster_12013799529_12013799530_473195061,4,2,21
648.0,2496228891,2,0,15
648.0,cluster_12013799525_12013799526_2496228894,0,0,15
648.0,cluster_12013799527_12013799528_2190601967,0,0,15
648.0,cluster_12013799529_12013799530_473195061,3,2,15
649.0,2496228891,2,0,15
649.0,cluster_12013799525_12013799526_2496228894,0,0,15
649.0,cluster_12013799527_12013799528_2190601967,0,0,15
649.0,cluster_12013799529_12013799530_473195061,2,2,15
650.0,2496228891,1,0,15
650.0,cluster_12013799525_12013799526_2496228894,0,0,15
650.0,cluster_12013799527_12013799528_2190601967,0,0,15
650.0,cluster_12013799529_12013799530_473195061,1,2,15
651.0,2496228891,1,0,15
651.0,cluster_12013799525_12013799526_2496228894,0,0,15
651.0,cluster_12013799527_12013799528_2190601967,0,0,15
651.0,cluster_12013799529_12013799530_473195061,1,2,15
652.0,2496228891,1,0,15
652.0,cluster_12013799525_12013799526_2496228894,0,0,15
652.0,cluster_12013799527_12013799528_2190601967,0,0,15
652.0,cluster_12013799529_12013799530_473195061,1,2,15
653.0,2496228891,2,0,15
653.0,cluster_12013799525_12013799526_2496228894,0,0,15
653.0,cluster_12013799527_12013799528_2190601967,0,0,15
653.0,cluster_12013799529_12013799530_473195061,0,2,15
654.0,2496228891,2,0,15
654.0,cluster_12013799525_12013799526_2496228894,0,0,15
654.0,cluster_12013799527_12013799528_2190601967,0,0,15
654.0,cluster_12013799529_12013799530_473195061,0,2,15
655.0,2496228891,2,0,15
655.0,cluster_12013799527_12013799528_2190601967,0,0,15
655.0,cluster_12013799529_12013799530_473195061,0,2,15
656.0,2496228891,2,0,15
656.0,cluster_12013799527_12013799528_2190601967,0,0,15
656.0,cluster_12013799529_12013799530_473195061,0,2,15
657.0,2496228891,1,0,15
657.0,cluster_12013799527_12013799528_2190601967,0,0,15
657.0,cluster_12013799529_12013799530_473195061,0,2,15
658.0,2496228891,2,0,15
658.0,cluster_12013799525_12013799526_2496228894,0,2,15
658.0,cluster_12013799527_12013799528_2190601967,0,0,15
658.0,cluster_12013799529_12013799530_473195061,0,2,15
659.0,2496228891,1,0,15
659.0,cluster_12013799525_12013799526_2496228894,0,2,15
659.0,cluster_12013799527_12013799528_2190601967,0,0,15
659.0,cluster_12013799529_12013799530_473195061,0,2,15
660.0,2496228891,1,0,15
660.0,cluster_12013799525_12013799526_2496228894,1,2,15
660.0,cluster_12013799527_12013799528_2190601967,0,0,15
660.0,cluster_12013799529_12013799530_473195061,0,2,15
661.0,cluster_12013799525_12013799526_2496228894,1,2,15
661.0,cluster_12013799529_12013799530_473195061,0,2,15
662.0,cluster_12013799525_12013799526_2496228894,1,2,15
663.0,cluster_12013799525_12013799526_2496228894,1,2,15
664.0,2496228891,0,2,15
664.0,cluster_12013799525_12013799526_2496228894,1,2,15
664.0,cluster_12013799527_12013799528_2190601967,0,2,15
665.0,2496228891,0,2,15
665.0,cluster_12013799525_12013799526_2496228894,1,2,15
665.0,cluster_12013799527_12013799528_2190601967,0,2,15
665.0,cluster_12013799529_12013799530_473195061,0,0,15
666.0,2496228891,0,2,15
666.0,cluster_12013799525_12013799526_2496228894,1,2,15
666.0,cluster_12013799527_12013799528_2190601967,0,2,15
666.0,cluster_12013799529_12013799530_473195061,0,0,15
667.0,2496228891,0,2,15
667.0,cluster_12013799525_12013799526_2496228894,1,2,15
667.0,cluster_12013799527_12013799528_2190601967,0,2,15
667.0,cluster_12013799529_12013799530_473195061,0,0,15
668.0,2496228891,0,2,15
668.0,cluster_12013799525_12013799526_2496228894,1,2,15
668.0,cluster_12013799527_12013799528_2190601967,0,2,15
668.0,cluster_12013799529_12013799530_473195061,0,0,15
669.0,2496228891,0,2,15
669.0,cluster_12013799525_12013799526_2496228894,1,2,15
669.0,cluster_12013799527_12013799528_2190601967,0,2,15
669.0,cluster_12013799529_12013799530_473195061,0,0,15
670.0,2496228891,0,2,15
670.0,cluster_12013799525_12013799526_2496228894,0,2,15
670.0,cluster_12013799527_12013799528_2190601967,0,2,15
670.0,cluster_12013799529_12013799530_473195061,0,0,15
671.0,2496228891,0,2,15
671.0,cluster_12013799525_12013799526_2496228894,0,2,15
671.0,cluster_12013799527_12013799528_2190601967,0,2,15
671.0,cluster_12013799529_12013799530_473195061,0,0,15
672.0,2496228891,0,2,15
672.0,cluster_12013799525_12013799526_2496228894,0,2,15
672.0,cluster_12013799527_12013799528_2190601967,0,2,15
672.0,cluster_12013799529_12013799530_473195061,0,0,15
673.0,2496228891,0,2,15
673.0,cluster_12013799525_12013799526_2496228894,0,2,15
673.0,cluster_12013799527_12013799528_2190601967,0,2,15
673.0,cluster_12013799529_12013799530_473195061,0,0,15
674.0,2496228891,0,2,15
674.0,cluster_12013799527_12013799528_2190601967,0,2,15
674.0,cluster_12013799529_12013799530_473195061,0,0,15
675.0,2496228891,0,2,15
675.0,cluster_12013799527_12013799528_2190601967,0,2,15
675.0,cluster_12013799529_12013799530_473195061,0,0,15
676.0,2496228891,0,2,15
676.0,cluster_12013799527_12013799528_2190601967,0,2,15
676.0,cluster_12013799529_12013799530_473195061,0,0,15
677.0,2496228891,0,2,15
677.0,cluster_12013799525_12013799526_2496228894,0,0,15
677.0,cluster_12013799527_12013799528_2190601967,0,2,15
677.0,cluster_12013799529_12013799530_473195061,0,0,15
678.0,2496228891,0,2,15
678.0,cluster_12013799525_12013799526_2496228894,0,0,15
678.0,cluster_12013799527_12013799528_2190601967,0,2,15
678.0,cluster_12013799529_12013799530_473195061,0,0,15
679.0,2496228891,0,2,15
679.0,cluster_12013799525_12013799526_2496228894,0,0,15
679.0,cluster_12013799527_12013799528_2190601967,0,2,15
679.0,cluster_12013799529_12013799530_473195061,0,0,15
680.0,cluster_12013799525_12013799526_2496228894,0,0,15
680.0,cluster_12013799529_12013799530_473195061,0,0,15
681.0,cluster_12013799525_12013799526_2496228894,0,0,15
682.0,cluster_12013799525_12013799526_2496228894,0,0,15
683.0,2496228891,1,0,15
683.0,cluster_12013799525_12013799526_2496228894,0,0,15
683.0,cluster_12013799527_12013799528_2190601967,0,0,15
684.0,2496228891,1,0,15
684.0,cluster_12013799525_12013799526_2496228894,0,0,15
684.0,cluster_12013799527_12013799528_2190601967,0,0,15
684.0,cluster_12013799529_12013799530_473195061,0,2,15
685.0,2496228891,1,0,15
685.0,cluster_12013799525_12013799526_2496228894,0,0,15
685.0,cluster_12013799527_12013799528_2190601967,0,0,15
685.0,cluster_12013799529_12013799530_473195061,0,2,15
686.0,2496228891,1,0,15
686.0,cluster_12013799525_12013799526_2496228894,0,0,15
686.0,cluster_12013799527_12013799528_2190601967,0,0,15
686.0,cluster_12013799529_12013799530_473195061,0,2,15
687.0,2496228891,0,0,15
687.0,cluster_12013799525_12013799526_2496228894,0,0,15
687.0,cluster_12013799527_12013799528_2190601967,0,0,15
687.0,cluster_12013799529_12013799530_473195061,0,2,15
688.0,2496228891,0,0,15
688.0,cluster_12013799525_12013799526_2496228894,0,0,15
688.0,cluster_12013799527_12013799528_2190601967,0,0,15
688.0,cluster_12013799529_12013799530_473195061,0,2,15
689.0,2496228891,0,0,15
689.0,cluster_12013799525_12013799526_2496228894,0,0,15
689.0,cluster_12013799527_12013799528_2190601967,0,0,15
689.0,cluster_12013799529_12013799530_473195061,0,2,15
690.0,2496228891,0,0,15
690.0,cluster_12013799525_12013799526_2496228894,0,0,15
690.0,cluster_12013799527_12013799528_2190601967,0,0,15
690.0,cluster_12013799529_12013799530_473195061,0,2,15
691.0,2496228891,0,0,15
691.0,cluster_12013799525_12013799526_2496228894,0,0,15
691.0,cluster_12013799527_12013799528_2190601967,0,0,15
691.0,cluster_12013799529_12013799530_473195061,0,2,15
692.0,2496228891,0,0,15
692.0,cluster_12013799525_12013799526_2496228894,0,0,15
692.0,cluster_12013799527_12013799528_2190601967,0,0,15
692.0,cluster_12013799529_12013799530_473195061,0,2,15
693.0,2496228891,0,0,15
693.0,cluster_12013799527_12013799528_2190601967,0,0,15
693.0,cluster_12013799529_12013799530_473195061,0,2,15
694.0,2496228891,1,0,15
694.0,cluster_12013799527_12013799528_2190601967,1,0,15
694.0,cluster_12013799529_12013799530_473195061,1,2,15
695.0,2496228891,1,0,15
695.0,cluster_12013799527_12013799528_2190601967,1,0,15
695.0,cluster_12013799529_12013799530_473195061,1,2,15
696.0,2496228891,1,0,15
696.0,cluster_12013799525_12013799526_2496228894,3,2,15
696.0,cluster_12013799527_12013799528_2190601967,1,0,15
696.0,cluster_12013799529_12013799530_473195061,1,2,15
697.0,2496228891,1,0,15
697.0,cluster_12013799525_12013799526_2496228894,3,2,15
697.0,cluster_12013799527_12013799528_2190601967,1,0,15
697.0,cluster_12013799529_12013799530_473195061,1,2,15
698.0,2496228891,2,0,15
698.0,cluster_12013799525_12013799526_2496228894,4,2,23
698.0,cluster_12013799527_12013799528_2190601967,2,0,15
698.0,cluster_12013799529_12013799530_473195061,2,2,15
699.0,cluster_12013799525_12013799526_2496228894,4,2,21
699.0,cluster_12013799529_12013799530_473195061,2,2,15
700.0,cluster_12013799525_12013799526_2496228894,2,2,15
701.0,cluster_12013799525_12013799526_2496228894,2,2,15
702.0,2496228891,2,2,15
702.0,cluster_12013799525_12013799526_2496228894,2,2,15
702.0,cluster_12013799527_12013799528_2190601967,3,2,15
703.0,2496228891,3,2,15
703.0,cluster_12013799525_12013799526_2496228894,3,2,15
703.0,cluster_12013799527_12013799528_2190601967,3,2,15
703.0,cluster_12013799529_12013799530_473195061,3,0,15
704.0,2496228891,3,2,15
704.0,cluster_12013799525_12013799526_2496228894,3,2,15
704.0,cluster_12013799527_12013799528_2190601967,3,2,15
704.0,cluster_12013799529_12013799530_473195061,3,0,15
705.0,2496228891,3,2,15
705.0,cluster_12013799525_12013799526_2496228894,3,2,15
705.0,cluster_12013799527_12013799528_2190601967,3,2,15
705.0,cluster_12013799529_12013799530_473195061,3,0,15
706.0,2496228891,3,2,15
706.0,cluster_12013799525_12013799526_2496228894,3,2,15
706.0,cluster_12013799527_12013799528_2190601967,3,2,15
706.0,cluster_12013799529_12013799530_473195061,4,0,23
707.0,2496228891,3,2,15
707.0,cluster_12013799525_12013799526_2496228894,3,2,15
707.0,cluster_12013799527_12013799528_2190601967,4,2,23
707.0,cluster_12013799529_12013799530_473195061,4,0,21
708.0,2496228891,3,2,15
708.0,cluster_12013799525_12013799526_2496228894,3,2,15
708.0,cluster_12013799527_12013799528_2190601967,4,2,21
708.0,cluster_12013799529_12013799530_473195061,4,0,21
709.0,2496228891,3,2,15
709.0,cluster_12013799525_12013799526_2496228894,3,2,15
709.0,cluster_12013799527_12013799528_2190601967,4,2,21
709.0,cluster_12013799529_12013799530_473195061,4,0,21
710.0,2496228891,2,2,15
710.0,cluster_12013799525_12013799526_2496228894,2,2,15
710.0,cluster_12013799527_12013799528_2190601967,4,2,21
710.0,cluster_12013799529_12013799530_473195061,4,0,21
711.0,2496228891,2,2,15
711.0,cluster_12013799525_12013799526_2496228894,2,2,15
711.0,cluster_12013799527_12013799528_2190601967,4,2,21
711.0,cluster_12013799529_12013799530_473195061,4,0,21
712.0,2496228891,2,2,15
712.0,cluster_12013799527_12013799528_2190601967,4,2,21
712.0,cluster_12013799529_12013799530_473195061,4,0,21
713.0,2496228891,2,2,15
713.0,cluster_12013799527_12013799528_2190601967,4,2,21
713.0,cluster_12013799529_12013799530_473195061,4,0,21
714.0,2496228891,2,2,15
714.0,cluster_12013799527_12013799528_2190601967,4,2,21
714.0,cluster_12013799529_12013799530_473195061,4,0,21
715.0,2496228891,2,2,15
715.0,cluster_12013799525_12013799526_2496228894,4,0,21
715.0,cluster_12013799527_12013799528_2190601967,4,2,21
715.0,cluster_12013799529_12013799530_473195061,3,0,15
716.0,2496228891,2,2,15
716.0,cluster_12013799525_12013799526_2496228894,3,0,15
716.0,cluster_12013799527_12013799528_2190601967,3,2,15
716.0,cluster_12013799529_12013799530_473195061,3,0,15
717.0,2496228891,1,2,15
717.0,cluster_12013799525_12013799526_2496228894,3,0,15
717.0,cluster_12013799527_12013799528_2190601967,3,2,15
717.0,cluster_12013799529_12013799530_473195061,3,0,15
718.0,cluster_12013799525_12013799526_2496228894,3,0,15
718.0,cluster_12013799529_12013799530_473195061,3,0,15
719.0,cluster_12013799525_12013799526_2496228894,3,0,15
720.0,cluster_12013799525_12013799526_2496228894,2,0,15
721.0,2496228891,4,0,21
721.0,cluster_12013799525_12013799526_2496228894,2,0,15
721.0,cluster_12013799527_12013799528_2190601967,7,0,21
722.0,2496228891,4,0,21
722.0,cluster_12013799525_12013799526_2496228894,2,0,15
722.0,cluster_12013799527_12013799528_2190601967,6,0,21
722.0,cluster_12013799529_12013799530_473195061,6,2,21
723.0,2496228891,4,0,21
723.0,cluster_12013799525_12013799526_2496228894,1,0,15
723.0,cluster_12013799527_12013799528_2190601967,6,0,21
723.0,cluster_12013799529_12013799530_473195061,6,2,21
724.0,2496228891,4,0,21
724.0,cluster_12013799525_12013799526_2496228894,1,0,15
724.0,cluster_12013799527_12013799528_2190601967,6,0,21
724.0,cluster_12013799529_12013799530_473195061,6,2,21
725.0,2496228891,4,0,21
725.0,cluster_12013799525_12013799526_2496228894,0,0,15
725.0,cluster_12013799527_12013799528_2190601967,5,0,21
725.0,cluster_12013799529_12013799530_473195061,5,2,21
726.0,2496228891,4,0,23
726.0,cluster_12013799525_12013799526_2496228894,0,0,15
726.0,cluster_12013799527_12013799528_2190601967,5,0,21
726.0,cluster_12013799529_12013799530_473195061,5,2,21
727.0,2496228891,3,0,15
727.0,cluster_12013799525_12013799526_2496228894,0,0,15
727.0,cluster_12013799527_12013799528_2190601967,5,0,21
727.0,cluster_12013799529_12013799530_473195061,5,2,21
728.0,2496228891,3,0,15
728.0,cluster_12013799525_12013799526_2496228894,0,0,15
728.0,cluster_12013799527_12013799528_2190601967,4,0,21
728.0,cluster_12013799529_12013799530_473195061,4,2,21
729.0,2496228891,3,0,15
729.0,cluster_12013799525_12013799526_2496228894,0,0,15
729.0,cluster_12013799527_12013799528_2190601967,4,0,21
729.0,cluster_12013799529_12013799530_473195061,5,2,23
730.0,2496228891,3,0,15
730.0,cluster_12013799525_12013799526_2496228894,0,0,15
730.0,cluster_12013799527_12013799528_2190601967,4,0,21
730.0,cluster_12013799529_12013799530_473195061,5,2,21
731.0,2496228891,3,0,15
731.0,cluster_12013799525_12013799526_2496228894,0,0,15
731.0,cluster_12013799527_12013799528_2190601967,3,0,15
731.0,cluster_12013799529_12013799530_473195061,5,2,23
732.0,2496228891,3,0,15
732.0,cluster_12013799525_12013799526_2496228894,0,0,15
732.0,cluster_12013799527_12013799528_2190601967,3,0,15
732.0,cluster_12013799529_12013799530_473195061,5,2,21
733.0,2496228891,3,0,15
733.0,cluster_12013799525_12013799526_2496228894,0,0,15
733.0,cluster_12013799527_12013799528_2190601967,2,0,15
733.0,cluster_12013799529_12013799530_473195061,5,2,23
734.0,2496228891,3,0,15
734.0,cluster_12013799525_12013799526_2496228894,0,0,15
734.0,cluster_12013799527_12013799528_2190601967,2,0,15
734.0,cluster_12013799529_12013799530_473195061,5,2,21
735.0,2496228891,3,0,15
735.0,cluster_12013799525_12013799526_2496228894,0,0,15
735.0,cluster_12013799527_12013799528_2190601967,1,0,15
735.0,cluster_12013799529_12013799530_473195061,5,2,23
736.0,2496228891,3,0,15
736.0,cluster_12013799525_12013799526_2496228894,0,0,15
736.0,cluster_12013799527_12013799528_2190601967,1,0,15
736.0,cluster_12013799529_12013799530_473195061,5,2,21
737.0,2496228891,3,0,15
737.0,cluster_12013799527_12013799528_2190601967,0,0,15
737.0,cluster_12013799529_12013799530_473195061,4,2,21
738.0,2496228891,3,0,15
738.0,cluster_12013799527_12013799528_2190601967,0,0,15
738.0,cluster_12013799529_12013799530_473195061,5,2,23
739.0,2496228891,3,0,15
739.0,cluster_12013799527_12013799528_2190601967,0,0,15
739.0,cluster_12013799529_12013799530_473195061,5,2,23
740.0,2496228891,3,0,15
740.0,cluster_12013799525_12013799526_2496228894,2,2,15
740.0,cluster_12013799527_12013799528_2190601967,0,0,15
740.0,cluster_12013799529_12013799530_473195061,5,2,21
741.0,2496228891,3,0,15
741.0,cluster_12013799525_12013799526_2496228894,1,2,15
741.0,cluster_12013799527_12013799528_2190601967,0,0,15
741.0,cluster_12013799529_12013799530_473195061,4,2,21
742.0,2496228891,5,0,23
742.0,cluster_12013799525_12013799526_2496228894,1,2,15
742.0,cluster_12013799527_12013799528_2190601967,0,0,15
742.0,cluster_12013799529_12013799530_473195061,4,2,21
743.0,cluster_12013799525_12013799526_2496228894,1,2,15
743.0,cluster_12013799529_12013799530_473195061,4,2,21
744.0,cluster_12013799525_12013799526_2496228894,1,2,15
745.0,cluster_12013799525_12013799526_2496228894,1,2,15
746.0,2496228891,0,2,15
746.0,cluster_12013799525_12013799526_2496228894,0,2,15
746.0,cluster_12013799527_12013799528_2190601967,4,2,21
747.0,2496228891,0,2,15
747.0,cluster_12013799525_12013799526_2496228894,0,2,15
747.0,cluster_12013799527_12013799528_2190601967,3,2,15
747.0,cluster_12013799529_12013799530_473195061,3,0,15
748.0,2496228891,0,2,15
748.0,cluster_12013799525_12013799526_2496228894,0,2,15
748.0,cluster_12013799527_12013799528_2190601967,3,2,15
748.0,cluster_12013799529_12013799530_473195061,2,0,15
749.0,2496228891,0,2,15
749.0,cluster_12013799525_12013799526_2496228894,0,2,15
749.0,cluster_12013799527_12013799528_2190601967,3,2,15
749.0,cluster_12013799529_12013799530_473195061,2,0,15
750.0,2496228891,0,2,15
750.0,cluster_12013799525_12013799526_2496228894,1,2,15
750.0,cluster_12013799527_12013799528_2190601967,3,2,15
750.0,cluster_12013799529_12013799530_473195061,2,0,15
751.0,2496228891,0,2,15
751.0,cluster_12013799525_12013799526_2496228894,1,2,15
751.0,cluster_12013799527_12013799528_2190601967,2,2,15
751.0,cluster_12013799529_12013799530_473195061,2,0,15
752.0,2496228891,0,2,15
752.0,cluster_12013799525_12013799526_2496228894,1,2,15
752.0,cluster_12013799527_12013799528_2190601967,1,2,15
752.0,cluster_12013799529_12013799530_473195061,1,0,15
753.0,2496228891,0,2,15
753.0,cluster_12013799525_12013799526_2496228894,1,2,15
753.0,cluster_12013799527_12013799528_2190601967,1,2,15
753.0,cluster_12013799529_12013799530_473195061,1,0,15
754.0,2496228891,0,2,15
754.0,cluster_12013799525_12013799526_2496228894,1,2,15
754.0,cluster_12013799527_12013799528_2190601967,1,2,15
754.0,cluster_12013799529_12013799530_473195061,1,0,15
755.0,2496228891,0,2,15
755.0,cluster_12013799525_12013799526_2496228894,1,2,15
755.0,cluster_12013799527_12013799528_2190601967,1,2,15
755.0,cluster_12013799529_12013799530_473195061,0,0,15
756.0,2496228891,0,2,15
756.0,cluster_12013799527_12013799528_2190601967,1,2,15
756.0,cluster_12013799529_12013799530_473195061,0,0,15
757.0,2496228891,0,2,15
757.0,cluster_12013799527_12013799528_2190601967,1,2,15
757.0,cluster_12013799529_12013799530_473195061,0,0,15
758.0,2496228891,0,2,15
758.0,cluster_12013799527_12013799528_2190601967,0,2,15
758.0,cluster_12013799529_12013799530_473195061,0,0,15
759.0,2496228891,0,2,15
759.0,cluster_12013799525_12013799526_2496228894,0,0,15
759.0,cluster_12013799527_12013799528_2190601967,0,2,15
759.0,cluster_12013799529_12013799530_473195061,0,0,15
760.0,2496228891,0,2,15
760.0,cluster_12013799525_12013799526_2496228894,0,0,15
760.0,cluster_12013799527_12013799528_2190601967,0,2,15
760.0,cluster_12013799529_12013799530_473195061,0,0,15
761.0,2496228891,0,2,15
761.0,cluster_12013799525_12013799526_2496228894,0,0,15
761.0,cluster_12013799527_12013799528_2190601967,0,2,15
761.0,cluster_12013799529_12013799530_473195061,0,0,15
762.0,cluster_12013799525_12013799526_2496228894,0,0,15
762.0,cluster_12013799527_12013799528_2190601967,0,2,15
762.0,cluster_12013799529_12013799530_473195061,0,0,15
763.0,cluster_12013799525_12013799526_2496228894,0,0,15
763.0,cluster_12013799527_12013799528_2190601967,0,2,15
764.0,cluster_12013799525_12013799526_2496228894,0,0,15
764.0,cluster_12013799527_12013799528_2190601967,0,2,15
765.0,2496228891,5,0,21
765.0,cluster_12013799525_12013799526_2496228894,0,0,15
765.0,cluster_12013799527_12013799528_2190601967,0,2,15
766.0,2496228891,3,0,15
766.0,cluster_12013799525_12013799526_2496228894,0,0,15
766.0,cluster_12013799527_12013799528_2190601967,0,2,15
766.0,cluster_12013799529_12013799530_473195061,3,2,15
767.0,2496228891,3,0,15
767.0,cluster_12013799525_12013799526_2496228894,0,0,15
767.0,cluster_12013799527_12013799528_2190601967,0,2,15
767.0,cluster_12013799529_12013799530_473195061,3,2,15
768.0,2496228891,3,0,15
768.0,cluster_12013799525_12013799526_2496228894,0,0,15
768.0,cluster_12013799529_12013799530_473195061,3,2,15
769.0,2496228891,2,0,15
769.0,cluster_12013799525_12013799526_2496228894,0,0,15
769.0,cluster_12013799529_12013799530_473195061,3,2,15
770.0,2496228891,2,0,15
770.0,cluster_12013799525_12013799526_2496228894,0,0,15
770.0,cluster_12013799529_12013799530_473195061,2,2,15
771.0,2496228891,2,0,15
771.0,cluster_12013799525_12013799526_2496228894,0,0,15
771.0,cluster_12013799527_12013799528_2190601967,0,0,15
771.0,cluster_12013799529_12013799530_473195061,2,2,15
772.0,2496228891,1,0,15
772.0,cluster_12013799525_12013799526_2496228894,0,0,15
772.0,cluster_12013799527_12013799528_2190601967,0,0,15
772.0,cluster_12013799529_12013799530_473195061,2,2,15
773.0,2496228891,1,0,15
773.0,cluster_12013799525_12013799526_2496228894,0,0,15
773.0,cluster_12013799527_12013799528_2190601967,0,0,15
773.0,cluster_12013799529_12013799530_473195061,1,2,15
774.0,2496228891,1,0,15
774.0,cluster_12013799525_12013799526_2496228894,0,0,15
774.0,cluster_12013799527_12013799528_2190601967,0,0,15
774.0,cluster_12013799529_12013799530_473195061,1,2,15
775.0,2496228891,2,0,15
775.0,cluster_12013799527_12013799528_2190601967,0,0,15
775.0,cluster_12013799529_12013799530_473195061,0,2,15
776.0,2496228891,2,0,15
776.0,cluster_12013799527_12013799528_2190601967,0,0,15
776.0,cluster_12013799529_12013799530_473195061,0,2,15
777.0,2496228891,3,0,15
777.0,cluster_12013799527_12013799528_2190601967,0,0,15
777.0,cluster_12013799529_12013799530_473195061,0,2,15
778.0,2496228891,3,0,15
778.0,cluster_12013799525_12013799526_2496228894,4,2,21
778.0,cluster_12013799527_12013799528_2190601967,0,0,15
778.0,cluster_12013799529_12013799530_473195061,0,2,15
779.0,2496228891,1,0,15
779.0,cluster_12013799525_12013799526_2496228894,4,2,21
779.0,cluster_12013799527_12013799528_2190601967,0,0,15
779.0,cluster_12013799529_12013799530_473195061,0,2,15
780.0,2496228891,2,0,15
780.0,cluster_12013799525_12013799526_2496228894,4,2,21
780.0,cluster_12013799527_12013799528_2190601967,0,0,15
780.0,cluster_12013799529_12013799530_473195061,0,2,15
781.0,2496228891,2,0,15
781.0,cluster_12013799525_12013799526_2496228894,4,2,21
781.0,cluster_12013799527_12013799528_2190601967,0,0,15
781.0,cluster_12013799529_12013799530_473195061,0,2,15
782.0,2496228891,2,0,15
782.0,cluster_12013799525_12013799526_2496228894,3,2,15
782.0,cluster_12013799527_12013799528_2190601967,0,0,15
783.0,2496228891,1,0,15
783.0,cluster_12013799525_12013799526_2496228894,3,2,15
783.0,cluster_12013799527_12013799528_2190601967,0,0,15
784.0,2496228891,2,0,15
784.0,cluster_12013799525_12013799526_2496228894,3,2,15
784.0,cluster_12013799527_12013799528_2190601967,0,0,15
785.0,2496228891,1,0,15
785.0,cluster_12013799525_12013799526_2496228894,3,2,15
785.0,cluster_12013799527_12013799528_2190601967,0,0,15
785.0,cluster_12013799529_12013799530_473195061,0,0,15
786.0,2496228891,1,0,15
786.0,cluster_12013799525_12013799526_2496228894,2,2,15
786.0,cluster_12013799527_12013799528_2190601967,0,0,15
786.0,cluster_12013799529_12013799530_473195061,0,0,15
787.0,cluster_12013799525_12013799526_2496228894,2,2,15
787.0,cluster_12013799529_12013799530_473195061,0,0,15
788.0,cluster_12013799525_12013799526_2496228894,2,2,15
788.0,cluster_12013799529_12013799530_473195061,0,0,15
789.0,cluster_12013799525_12013799526_2496228894,1,2,15
789.0,cluster_12013799529_12013799530_473195061,0,0,15
790.0,2496228891,0,2,15
790.0,cluster_12013799525_12013799526_2496228894,1,2,15
790.0,cluster_12013799527_12013799528_2190601967,1,2,15
790.0,cluster_12013799529_12013799530_473195061,0,0,15
791.0,2496228891,0,2,15
791.0,cluster_12013799525_12013799526_2496228894,1,2,15
791.0,cluster_12013799527_12013799528_2190601967,1,2,15
791.0,cluster_12013799529_12013799530_473195061,0,0,15
792.0,2496228891,0,2,15
792.0,cluster_12013799525_12013799526_2496228894,1,2,15
792.0,cluster_12013799527_12013799528_2190601967,2,2,15
792.0,cluster_12013799529_12013799530_473195061,0,0,15
793.0,2496228891,0,2,15
793.0,cluster_12013799525_12013799526_2496228894,1,2,15
793.0,cluster_12013799527_12013799528_2190601967,2,2,15
793.0,cluster_12013799529_12013799530_473195061,0,0,15
794.0,2496228891,0,2,15
794.0,cluster_12013799525_12013799526_2496228894,1,2,15
794.0,cluster_12013799527_12013799528_2190601967,1,2,15
794.0,cluster_12013799529_12013799530_473195061,0,0,15
795.0,2496228891,0,2,15
795.0,cluster_12013799525_12013799526_2496228894,0,2,15
795.0,cluster_12013799527_12013799528_2190601967,1,2,15
795.0,cluster_12013799529_12013799530_473195061,0,0,15
796.0,2496228891,0,2,15
796.0,cluster_12013799525_12013799526_2496228894,0,2,15
796.0,cluster_12013799527_12013799528_2190601967,1,2,15
796.0,cluster_12013799529_12013799530_473195061,0,0,15
797.0,2496228891,0,2,15
797.0,cluster_12013799525_12013799526_2496228894,0,2,15
797.0,cluster_12013799527_12013799528_2190601967,1,2,15
797.0,cluster_12013799529_12013799530_473195061,0,0,15
798.0,2496228891,0,2,15
798.0,cluster_12013799525_12013799526_2496228894,0,2,15
798.0,cluster_12013799527_12013799528_2190601967,1,2,15
798.0,cluster_12013799529_12013799530_473195061,0,0,15
799.0,2496228891,0,2,15
799.0,cluster_12013799525_12013799526_2496228894,0,2,15
799.0,cluster_12013799527_12013799528_2190601967,1,2,15
799.0,cluster_12013799529_12013799530_473195061,0,0,15
800.0,2496228891,0,2,15
800.0,cluster_12013799527_12013799528_2190601967,1,2,15
800.0,cluster_12013799529_12013799530_473195061,0,0,15
801.0,2496228891,0,2,15
801.0,cluster_12013799527_12013799528_2190601967,1,2,15
802.0,2496228891,0,2,15
802.0,cluster_12013799527_12013799528_2190601967,1,2,15
803.0,2496228891,0,2,15
803.0,cluster_12013799525_12013799526_2496228894,0,0,15
803.0,cluster_12013799527_12013799528_2190601967,1,2,15
804.0,2496228891,0,2,15
804.0,cluster_12013799525_12013799526_2496228894,0,0,15
804.0,cluster_12013799527_12013799528_2190601967,1,2,15
804.0,cluster_12013799529_12013799530_473195061,1,2,15
805.0,2496228891,0,2,15
805.0,cluster_12013799525_12013799526_2496228894,0,0,15
805.0,cluster_12013799527_12013799528_2190601967,0,2,15
805.0,cluster_12013799529_12013799530_473195061,0,2,15
806.0,cluster_12013799525_12013799526_2496228894,0,0,15
806.0,cluster_12013799529_12013799530_473195061,0,2,15
807.0,cluster_12013799525_12013799526_2496228894,0,0,15
807.0,cluster_12013799529_12013799530_473195061,0,2,15
808.0,cluster_12013799525_12013799526_2496228894,0,0,15
808.0,cluster_12013799529_12013799530_473195061,0,2,15
809.0,2496228891,1,0,15
809.0,cluster_12013799525_12013799526_2496228894,0,0,15
809.0,cluster_12013799527_12013799528_2190601967,0,0,15
809.0,cluster_12013799529_12013799530_473195061,0,2,15
810.0,2496228891,0,0,15
810.0,cluster_12013799525_12013799526_2496228894,0,0,15
810.0,cluster_12013799527_12013799528_2190601967,0,0,15
810.0,cluster_12013799529_12013799530_473195061,0,2,15
811.0,2496228891,0,0,15
811.0,cluster_12013799525_12013799526_2496228894,0,0,15
811.0,cluster_12013799527_12013799528_2190601967,0,0,15
811.0,cluster_12013799529_12013799530_473195061,0,2,15
812.0,2496228891,0,0,15
812.0,cluster_12013799525_12013799526_2496228894,0,0,15
812.0,cluster_12013799527_12013799528_2190601967,0,0,15
812.0,cluster_12013799529_12013799530_473195061,0,2,15
813.0,2496228891,0,0,15
813.0,cluster_12013799525_12013799526_2496228894,0,0,15
813.0,cluster_12013799527_12013799528_2190601967,0,0,15
813.0,cluster_12013799529_12013799530_473195061,0,2,15
814.0,2496228891,0,0,15
814.0,cluster_12013799525_12013799526_2496228894,0,0,15
814.0,cluster_12013799527_12013799528_2190601967,0,0,15
814.0,cluster_12013799529_12013799530_473195061,0,2,15
815.0,2496228891,0,0,15
815.0,cluster_12013799525_12013799526_2496228894,0,0,15
815.0,cluster_12013799527_12013799528_2190601967,0,0,15
815.0,cluster_12013799529_12013799530_473195061,0,2,15
816.0,2496228891,0,0,15
816.0,cluster_12013799525_12013799526_2496228894,0,0,15
816.0,cluster_12013799527_12013799528_2190601967,0,0,15
816.0,cluster_12013799529_12013799530_473195061,0,2,15
817.0,2496228891,0,0,15
817.0,cluster_12013799525_12013799526_2496228894,0,0,15
817.0,cluster_12013799527_12013799528_2190601967,0,0,15
817.0,cluster_12013799529_12013799530_473195061,0,2,15
818.0,2496228891,0,0,15
818.0,cluster_12013799525_12013799526_2496228894,0,0,15
818.0,cluster_12013799527_12013799528_2190601967,0,0,15
818.0,cluster_12013799529_12013799530_473195061,0,2,15
819.0,2496228891,0,0,15
819.0,cluster_12013799527_12013799528_2190601967,0,0,15
819.0,cluster_12013799529_12013799530_473195061,0,2,15
820.0,2496228891,0,0,15
820.0,cluster_12013799527_12013799528_2190601967,0,0,15
821.0,2496228891,0,0,15
821.0,cluster_12013799527_12013799528_2190601967,0,0,15
822.0,2496228891,0,0,15
822.0,cluster_12013799525_12013799526_2496228894,1,2,15
822.0,cluster_12013799527_12013799528_2190601967,0,0,15
823.0,2496228891,0,0,15
823.0,cluster_12013799525_12013799526_2496228894,1,2,15
823.0,cluster_12013799527_12013799528_2190601967,0,0,15
823.0,cluster_12013799529_12013799530_473195061,0,0,15
824.0,2496228891,0,0,15
824.0,cluster_12013799525_12013799526_2496228894,1,2,15
824.0,cluster_12013799527_12013799528_2190601967,0,0,15
824.0,cluster_12013799529_12013799530_473195061,0,0,15
825.0,cluster_12013799525_12013799526_2496228894,0,2,15
825.0,cluster_12013799529_12013799530_473195061,0,0,15
826.0,cluster_12013799525_12013799526_2496228894,0,2,15
826.0,cluster_12013799529_12013799530_473195061,0,0,15
827.0,cluster_12013799525_12013799526_2496228894,0,2,15
827.0,cluster_12013799529_12013799530_473195061,0,0,15
828.0,2496228891,0,2,15
828.0,cluster_12013799525_12013799526_2496228894,0,2,15
828.0,cluster_12013799527_12013799528_2190601967,0,2,15
828.0,cluster_12013799529_12013799530_473195061,0,0,15
829.0,2496228891,0,2,15
829.0,cluster_12013799525_12013799526_2496228894,0,2,15
829.0,cluster_12013799527_12013799528_2190601967,0,2,15
829.0,cluster_12013799529_12013799530_473195061,0,0,15
830.0,2496228891,0,2,15
830.0,cluster_12013799525_12013799526_2496228894,0,2,15
830.0,cluster_12013799527_12013799528_2190601967,0,2,15
830.0,cluster_12013799529_12013799530_473195061,0,0,15
831.0,2496228891,0,2,15
831.0,cluster_12013799525_12013799526_2496228894,0,2,15
831.0,cluster_12013799527_12013799528_2190601967,0,2,15
831.0,cluster_12013799529_12013799530_473195061,0,0,15
832.0,2496228891,1,2,15
832.0,cluster_12013799525_12013799526_2496228894,1,2,15
832.0,cluster_12013799527_12013799528_2190601967,1,2,15
832.0,cluster_12013799529_12013799530_473195061,1,0,15
833.0,2496228891,1,2,15
833.0,cluster_12013799525_12013799526_2496228894,1,2,15
833.0,cluster_12013799527_12013799528_2190601967,1,2,15
833.0,cluster_12013799529_12013799530_473195061,1,0,15
834.0,2496228891,1,2,15
834.0,cluster_12013799525_12013799526_2496228894,1,2,15
834.0,cluster_12013799527_12013799528_2190601967,1,2,15
834.0,cluster_12013799529_12013799530_473195061,1,0,15
835.0,2496228891,1,2,15
835.0,cluster_12013799525_12013799526_2496228894,1,2,15
835.0,cluster_12013799527_12013799528_2190601967,2,2,15
835.0,cluster_12013799529_12013799530_473195061,1,0,15
836.0,2496228891,2,2,15
836.0,cluster_12013799525_12013799526_2496228894,2,2,15
836.0,cluster_12013799527_12013799528_2190601967,2,2,15
836.0,cluster_12013799529_12013799530_473195061,2,0,15
837.0,2496228891,2,2,15
837.0,cluster_12013799525_12013799526_2496228894,2,2,15
837.0,cluster_12013799527_12013799528_2190601967,2,2,15
837.0,cluster_12013799529_12013799530_473195061,2,0,15
838.0,2496228891,2,2,15
838.0,cluster_12013799527_12013799528_2190601967,2,2,15
838.0,cluster_12013799529_12013799530_473195061,2,0,15
839.0,2496228891,2,2,15
839.0,cluster_12013799527_12013799528_2190601967,3,2,15
840.0,2496228891,2,2,15
840.0,cluster_12013799527_12013799528_2190601967,3,2,15
841.0,2496228891,3,2,15
841.0,cluster_12013799525_12013799526_2496228894,2,0,15
841.0,cluster_12013799527_12013799528_2190601967,2,2,15
842.0,2496228891,3,2,15
842.0,cluster_12013799525_12013799526_2496228894,2,0,15
842.0,cluster_12013799527_12013799528_2190601967,2,2,15
842.0,cluster_12013799529_12013799530_473195061,3,2,15
843.0,2496228891,3,2,15
843.0,cluster_12013799525_12013799526_2496228894,3,0,15
843.0,cluster_12013799527_12013799528_2190601967,3,2,15
843.0,cluster_12013799529_12013799530_473195061,3,2,15
844.0,cluster_12013799525_12013799526_2496228894,3,0,15
844.0,cluster_12013799529_12013799530_473195061,4,2,23
845.0,cluster_12013799525_12013799526_2496228894,2,0,15
845.0,cluster_12013799529_12013799530_473195061,4,2,21
846.0,cluster_12013799525_12013799526_2496228894,2,0,15
846.0,cluster_12013799529_12013799530_473195061,4,2,21
847.0,2496228891,4,0,21
847.0,cluster_12013799525_12013799526_2496228894,2,0,15
847.0,cluster_12013799527_12013799528_2190601967,4,0,21
847.0,cluster_12013799529_12013799530_473195061,4,2,21
848.0,2496228891,5,0,23
848.0,cluster_12013799525_12013799526_2496228894,2,0,15
848.0,cluster_12013799527_12013799528_2190601967,5,0,23
848.0,cluster_12013799529_12013799530_473195061,5,2,21
849.0,2496228891,5,0,21
849.0,cluster_12013799525_12013799526_2496228894,1,0,15
849.0,cluster_12013799527_12013799528_2190601967,5,0,21
849.0,cluster_12013799529_12013799530_473195061,5,2,21
850.0,2496228891,5,0,21
850.0,cluster_12013799525_12013799526_2496228894,1,0,15
850.0,cluster_12013799527_12013799528_2190601967,4,0,21
850.0,cluster_12013799529_12013799530_473195061,4,2,21
851.0,2496228891,5,0,21
851.0,cluster_12013799525_12013799526_2496228894,1,0,15
851.0,cluster_12013799527_12013799528_2190601967,4,0,21
851.0,cluster_12013799529_12013799530_473195061,4,2,21
852.0,2496228891,5,0,21
852.0,cluster_12013799525_12013799526_2496228894,1,0,15
852.0,cluster_12013799527_12013799528_2190601967,5,0,23
852.0,cluster_12013799529_12013799530_473195061,5,2,21
853.0,2496228891,5,0,21
853.0,cluster_12013799525_12013799526_2496228894,0,0,15
853.0,cluster_12013799527_12013799528_2190601967,4,0,21
853.0,cluster_12013799529_12013799530_473195061,4,2,21
854.0,2496228891,5,0,21
854.0,cluster_12013799525_12013799526_2496228894,0,0,15
854.0,cluster_12013799527_12013799528_2190601967,4,0,21
854.0,cluster_12013799529_12013799530_473195061,4,2,21
855.0,2496228891,5,0,21
855.0,cluster_12013799525_12013799526_2496228894,0,0,15
855.0,cluster_12013799527_12013799528_2190601967,4,0,21
855.0,cluster_12013799529_12013799530_473195061,5,2,23
856.0,2496228891,5,0,21
856.0,cluster_12013799525_12013799526_2496228894,0,0,15
856.0,cluster_12013799527_12013799528_2190601967,5,0,23
856.0,cluster_12013799529_12013799530_473195061,6,2,21
857.0,2496228891,5,0,21
857.0,cluster_12013799527_12013799528_2190601967,4,0,21
857.0,cluster_12013799529_12013799530_473195061,5,2,21
858.0,2496228891,5,0,21
858.0,cluster_12013799527_12013799528_2190601967,4,0,21
859.0,2496228891,5,0,21
859.0,cluster_12013799527_12013799528_2190601967,4,0,21
860.0,2496228891,5,0,21
860.0,cluster_12013799525_12013799526_2496228894,3,2,15
860.0,cluster_12013799527_12013799528_2190601967,4,0,21
861.0,2496228891,5,0,21
861.0,cluster_12013799525_12013799526_2496228894,3,2,15
861.0,cluster_12013799527_12013799528_2190601967,4,0,21
861.0,cluster_12013799529_12013799530_473195061,5,0,21
862.0,2496228891,4,0,21
862.0,cluster_12013799525_12013799526_2496228894,3,2,15
862.0,cluster_12013799527_12013799528_2190601967,3,0,15
862.0,cluster_12013799529_12013799530_473195061,4,0,21
863.0,2496228891,4,0,21
863.0,cluster_12013799525_12013799526_2496228894,3,2,15
863.0,cluster_12013799527_12013799528_2190601967,3,0,15
863.0,cluster_12013799529_12013799530_473195061,4,0,21
864.0,2496228891,4,0,21
864.0,cluster_12013799525_12013799526_2496228894,3,2,15
864.0,cluster_12013799527_12013799528_2190601967,2,0,15
864.0,cluster_12013799529_12013799530_473195061,4,0,21
865.0,2496228891,3,0,15
865.0,cluster_12013799525_12013799526_2496228894,3,2,15
865.0,cluster_12013799527_12013799528_2190601967,2,0,15
865.0,cluster_12013799529_12013799530_473195061,3,0,15
866.0,2496228891,3,0,15
866.0,cluster_12013799525_12013799526_2496228894,3,2,15
866.0,cluster_12013799527_12013799528_2190601967,2,0,15
866.0,cluster_12013799529_12013799530_473195061,3,0,15
867.0,2496228891,5,0,23
867.0,cluster_12013799525_12013799526_2496228894,3,2,15
867.0,cluster_12013799527_12013799528_2190601967,2,0,15
867.0,cluster_12013799529_12013799530_473195061,3,0,15
868.0,2496228891,4,0,21
868.0,cluster_12013799525_12013799526_2496228894,3,2,15
868.0,cluster_12013799527_12013799528_2190601967,2,0,15
868.0,cluster_12013799529_12013799530_473195061,2,0,15
869.0,cluster_12013799525_12013799526_2496228894,3,2,15
869.0,cluster_12013799529_12013799530_473195061,2,0,15
870.0,cluster_12013799525_12013799526_2496228894,3,2,15
870.0,cluster_12013799529_12013799530_473195061,2,0,15
871.0,cluster_12013799525_12013799526_2496228894,3,2,15
871.0,cluster_12013799529_12013799530_473195061,1,0,15
872.0,2496228891,3,2,15
872.0,cluster_12013799525_12013799526_2496228894,3,2,15
872.0,cluster_12013799527_12013799528_2190601967,4,2,21
872.0,cluster_12013799529_12013799530_473195061,1,0,15
873.0,2496228891,2,2,15
873.0,cluster_12013799525_12013799526_2496228894,2,2,15
873.0,cluster_12013799527_12013799528_2190601967,2,2,15
873.0,cluster_12013799529_12013799530_473195061,0,0,15
874.0,2496228891,2,2,15
874.0,cluster_12013799525_12013799526_2496228894,2,2,15
874.0,cluster_12013799527_12013799528_2190601967,2,2,15
874.0,cluster_12013799529_12013799530_473195061,0,0,15
875.0,2496228891,2,2,15
875.0,cluster_12013799525_12013799526_2496228894,2,2,15
875.0,cluster_12013799527_12013799528_2190601967,2,2,15
875.0,cluster_12013799529_12013799530_473195061,0,0,15
876.0,2496228891,2,2,15
876.0,cluster_12013799527_12013799528_2190601967,1,2,15
876.0,cluster_12013799529_12013799530_473195061,0,0,15
877.0,2496228891,1,2,15
877.0,cluster_12013799527_12013799528_2190601967,1,2,15
877.0,cluster_12013799529_12013799530_473195061,0,0,15
878.0,2496228891,1,2,15
878.0,cluster_12013799527_12013799528_2190601967,1,2,15
878.0,cluster_12013799529_12013799530_473195061,0,0,15
879.0,2496228891,1,2,15
879.0,cluster_12013799525_12013799526_2496228894,0,0,15
879.0,cluster_12013799527_12013799528_2190601967,0,2,15
879.0,cluster_12013799529_12013799530_473195061,0,0,15
880.0,2496228891,0,2,15
880.0,cluster_12013799525_12013799526_2496228894,0,0,15
880.0,cluster_12013799527_12013799528_2190601967,0,2,15
880.0,cluster_12013799529_12013799530_473195061,0,0,15
881.0,2496228891,0,2,15
881.0,cluster_12013799525_12013799526_2496228894,0,0,15
881.0,cluster_12013799527_12013799528_2190601967,0,2,15
881.0,cluster_12013799529_12013799530_473195061,0,0,15
882.0,2496228891,0,2,15
882.0,cluster_12013799525_12013799526_2496228894,0,0,15
882.0,cluster_12013799527_12013799528_2190601967,0,2,15
882.0,cluster_12013799529_12013799530_473195061,0,0,15
883.0,2496228891,0,2,15
883.0,cluster_12013799525_12013799526_2496228894,0,0,15
883.0,cluster_12013799527_12013799528_2190601967,0,2,15
884.0,2496228891,0,2,15
884.0,cluster_12013799525_12013799526_2496228894,0,0,15
884.0,cluster_12013799527_12013799528_2190601967,0,2,15
885.0,2496228891,0,2,15
885.0,cluster_12013799525_12013799526_2496228894,0,0,15
885.0,cluster_12013799527_12013799528_2190601967,0,2,15
886.0,2496228891,0,2,15
886.0,cluster_12013799525_12013799526_2496228894,0,0,15
886.0,cluster_12013799527_12013799528_2190601967,0,2,15
886.0,cluster_12013799529_12013799530_473195061,8,2,21
887.0,2496228891,0,2,15
887.0,cluster_12013799525_12013799526_2496228894,0,0,15
887.0,cluster_12013799527_12013799528_2190601967,0,2,15
887.0,cluster_12013799529_12013799530_473195061,7,2,23
888.0,cluster_12013799525_12013799526_2496228894,0,0,15
888.0,cluster_12013799527_12013799528_2190601967,0,2,15
888.0,cluster_12013799529_12013799530_473195061,7,2,21
889.0,cluster_12013799525_12013799526_2496228894,0,0,15
889.0,cluster_12013799527_12013799528_2190601967,0,2,15
889.0,cluster_12013799529_12013799530_473195061,7,2,21
890.0,cluster_12013799525_12013799526_2496228894,0,0,15
890.0,cluster_12013799527_12013799528_2190601967,0,2,15
890.0,cluster_12013799529_12013799530_473195061,6,2,21
891.0,2496228891,3,0,15
891.0,cluster_12013799525_12013799526_2496228894,0,0,15
891.0,cluster_12013799527_12013799528_2190601967,0,2,15
891.0,cluster_12013799529_12013799530_473195061,5,2,21
892.0,2496228891,4,0,23
892.0,cluster_12013799525_12013799526_2496228894,0,0,15
892.0,cluster_12013799527_12013799528_2190601967,0,2,15
892.0,cluster_12013799529_12013799530_473195061,5,2,21
893.0,2496228891,4,0,23
893.0,cluster_12013799525_12013799526_2496228894,0,0,15
893.0,cluster_12013799527_12013799528_2190601967,0,2,15
893.0,cluster_12013799529_12013799530_473195061,4,2,21
894.0,2496228891,4,0,21
894.0,cluster_12013799525_12013799526_2496228894,0,0,15
894.0,cluster_12013799529_12013799530_473195061,3,2,15
895.0,2496228891,3,0,15
895.0,cluster_12013799529_12013799530_473195061,3,2,15
896.0,2496228891,1,0,15
896.0,cluster_12013799529_12013799530_473195061,2,2,15
897.0,2496228891,2,0,15
897.0,cluster_12013799527_12013799528_2190601967,1,0,15
897.0,cluster_12013799529_12013799530_473195061,2,2,15
898.0,2496228891,3,0,15
898.0,cluster_12013799525_12013799526_2496228894,5,2,21
898.0,cluster_12013799527_12013799528_2190601967,0,0,15
898.0,cluster_12013799529_12013799530_473195061,0,2,15
899.0,2496228891,4,0,23
899.0,cluster_12013799525_12013799526_2496228894,3,2,15
899.0,cluster_12013799527_12013799528_2190601967,0,0,15
899.0,cluster_12013799529_12013799530_473195061,0,2,15
900.0,2496228891,4,0,21
900.0,cluster_12013799525_12013799526_2496228894,4,2,23
900.0,cluster_12013799527_12013799528_2190601967,0,0,15
900.0,cluster_12013799529_12013799530_473195061,0,2,15
901.0,2496228891,4,0,21
901.0,cluster_12013799525_12013799526_2496228894,4,2,21
901.0,cluster_12013799527_12013799528_2190601967,0,0,15
901.0,cluster_12013799529_12013799530_473195061,0,2,15
902.0,2496228891,4,0,23
902.0,cluster_12013799525_12013799526_2496228894,4,2,21
902.0,cluster_12013799527_12013799528_2190601967,0,0,15
902.0,cluster_12013799529_12013799530_473195061,0,2,15
903.0,2496228891,4,0,21
903.0,cluster_12013799525_12013799526_2496228894,3,2,15
903.0,cluster_12013799527_12013799528_2190601967,0,0,15
903.0,cluster_12013799529_12013799530_473195061,1,2,15
904.0,2496228891,3,0,15
904.0,cluster_12013799525_12013799526_2496228894,3,2,15
904.0,cluster_12013799527_12013799528_2190601967,0,0,15
904.0,cluster_12013799529_12013799530_473195061,1,2,15
905.0,2496228891,3,0,15
905.0,cluster_12013799525_12013799526_2496228894,3,2,15
905.0,cluster_12013799527_12013799528_2190601967,0,0,15
905.0,cluster_12013799529_12013799530_473195061,1,2,15
906.0,2496228891,3,0,15
906.0,cluster_12013799525_12013799526_2496228894,2,2,15
906.0,cluster_12013799527_12013799528_2190601967,0,0,15
906.0,cluster_12013799529_12013799530_473195061,1,2,15
907.0,cluster_12013799525_12013799526_2496228894,3,2,15
907.0,cluster_12013799527_12013799528_2190601967,0,0,15
907.0,cluster_12013799529_12013799530_473195061,1,2,15
908.0,cluster_12013799525_12013799526_2496228894,3,2,15
908.0,cluster_12013799527_12013799528_2190601967,0,0,15
909.0,cluster_12013799525_12013799526_2496228894,2,2,15
909.0,cluster_12013799527_12013799528_2190601967,0,0,15
910.0,2496228891,0,2,15
910.0,cluster_12013799525_12013799526_2496228894,2,2,15
910.0,cluster_12013799527_12013799528_2190601967,0,0,15
911.0,2496228891,0,2,15
911.0,cluster_12013799525_12013799526_2496228894,1,2,15
911.0,cluster_12013799527_12013799528_2190601967,0,0,15
911.0,cluster_12013799529_12013799530_473195061,0,0,15
912.0,2496228891,0,2,15
912.0,cluster_12013799525_12013799526_2496228894,1,2,15
912.0,cluster_12013799527_12013799528_2190601967,0,0,15
912.0,cluster_12013799529_12013799530_473195061,0,0,15
913.0,2496228891,0,2,15
913.0,cluster_12013799525_12013799526_2496228894,1,2,15
913.0,cluster_12013799529_12013799530_473195061,0,0,15
914.0,2496228891,0,2,15
914.0,cluster_12013799525_12013799526_2496228894,1,2,15
914.0,cluster_12013799529_12013799530_473195061,0,0,15
915.0,2496228891,0,2,15
915.0,cluster_12013799525_12013799526_2496228894,1,2,15
915.0,cluster_12013799529_12013799530_473195061,0,0,15
916.0,2496228891,0,2,15
916.0,cluster_12013799525_12013799526_2496228894,1,2,15
916.0,cluster_12013799527_12013799528_2190601967,2,2,15
916.0,cluster_12013799529_12013799530_473195061,0,0,15
917.0,2496228891,0,2,15
917.0,cluster_12013799525_12013799526_2496228894,1,2,15
917.0,cluster_12013799527_12013799528_2190601967,1,2,15
917.0,cluster_12013799529_12013799530_473195061,0,0,15
918.0,2496228891,0,2,15
918.0,cluster_12013799525_12013799526_2496228894,0,2,15
918.0,cluster_12013799527_12013799528_2190601967,0,2,15
918.0,cluster_12013799529_12013799530_473195061,0,0,15
919.0,2496228891,0,2,15
919.0,cluster_12013799525_12013799526_2496228894,0,2,15
919.0,cluster_12013799527_12013799528_2190601967,1,2,15
919.0,cluster_12013799529_12013799530_473195061,0,0,15
920.0,2496228891,0,2,15
920.0,cluster_12013799527_12013799528_2190601967,1,2,15
920.0,cluster_12013799529_12013799530_473195061,0,0,15
921.0,2496228891,0,2,15
921.0,cluster_12013799527_12013799528_2190601967,1,2,15
921.0,cluster_12013799529_12013799530_473195061,0,0,15
922.0,2496228891,0,2,15
922.0,cluster_12013799527_12013799528_2190601967,1,2,15
922.0,cluster_12013799529_12013799530_473195061,0,0,15
923.0,2496228891,0,2,15
923.0,cluster_12013799525_12013799526_2496228894,0,0,15
923.0,cluster_12013799527_12013799528_2190601967,1,2,15
923.0,cluster_12013799529_12013799530_473195061,0,0,15
924.0,2496228891,0,2,15
924.0,cluster_12013799525_12013799526_2496228894,0,0,15
924.0,cluster_12013799527_12013799528_2190601967,0,2,15
924.0,cluster_12013799529_12013799530_473195061,0,0,15
925.0,2496228891,0,2,15
925.0,cluster_12013799525_12013799526_2496228894,0,0,15
925.0,cluster_12013799527_12013799528_2190601967,0,2,15
925.0,cluster_12013799529_12013799530_473195061,0,0,15
926.0,cluster_12013799525_12013799526_2496228894,0,0,15
926.0,cluster_12013799527_12013799528_2190601967,0,2,15
926.0,cluster_12013799529_12013799530_473195061,0,0,15
927.0,cluster_12013799525_12013799526_2496228894,0,0,15
927.0,cluster_12013799527_12013799528_2190601967,0,2,15
928.0,cluster_12013799525_12013799526_2496228894,0,0,15
928.0,cluster_12013799527_12013799528_2190601967,0,2,15
929.0,2496228891,3,0,15
929.0,cluster_12013799525_12013799526_2496228894,0,0,15
929.0,cluster_12013799527_12013799528_2190601967,0,2,15
930.0,2496228891,1,0,15
930.0,cluster_12013799525_12013799526_2496228894,0,0,15
930.0,cluster_12013799527_12013799528_2190601967,0,2,15
930.0,cluster_12013799529_12013799530_473195061,2,2,15
931.0,2496228891,1,0,15
931.0,cluster_12013799525_12013799526_2496228894,0,0,15
931.0,cluster_12013799527_12013799528_2190601967,0,2,15
931.0,cluster_12013799529_12013799530_473195061,1,2,15
932.0,2496228891,1,0,15
932.0,cluster_12013799525_12013799526_2496228894,0,0,15
932.0,cluster_12013799529_12013799530_473195061,0,2,15
933.0,2496228891,1,0,15
933.0,cluster_12013799525_12013799526_2496228894,0,0,15
933.0,cluster_12013799529_12013799530_473195061,0,2,15
934.0,2496228891,0,0,15
934.0,cluster_12013799525_12013799526_2496228894,0,0,15
934.0,cluster_12013799529_12013799530_473195061,0,2,15
935.0,2496228891,0,0,15
935.0,cluster_12013799525_12013799526_2496228894,0,0,15
935.0,cluster_12013799527_12013799528_2190601967,0,0,15
935.0,cluster_12013799529_12013799530_473195061,0,2,15
936.0,2496228891,0,0,15
936.0,cluster_12013799525_12013799526_2496228894,0,0,15
936.0,cluster_12013799527_12013799528_2190601967,0,0,15
936.0,cluster_12013799529_12013799530_473195061,0,2,15
937.0,2496228891,0,0,15
937.0,cluster_12013799525_12013799526_2496228894,0,0,15
937.0,cluster_12013799527_12013799528_2190601967,0,0,15
937.0,cluster_12013799529_12013799530_473195061,0,2,15
938.0,2496228891,0,0,15
938.0,cluster_12013799525_12013799526_2496228894,0,0,15
938.0,cluster_12013799527_12013799528_2190601967,0,0,15
938.0,cluster_12013799529_12013799530_473195061,0,2,15
939.0,2496228891,0,0,15
939.0,cluster_12013799527_12013799528_2190601967,0,0,15
939.0,cluster_12013799529_12013799530_473195061,0,2,15
940.0,2496228891,0,0,15
940.0,cluster_12013799527_12013799528_2190601967,0,0,15
940.0,cluster_12013799529_12013799530_473195061,0,2,15
941.0,2496228891,0,0,15
941.0,cluster_12013799527_12013799528_2190601967,0,0,15
941.0,cluster_12013799529_12013799530_473195061,0,2,15
942.0,2496228891,0,0,15
942.0,cluster_12013799525_12013799526_2496228894,2,2,15
942.0,cluster_12013799527_12013799528_2190601967,0,0,15
942.0,cluster_12013799529_12013799530_473195061,0,2,15
943.0,2496228891,0,0,15
943.0,cluster_12013799525_12013799526_2496228894,1,2,15
943.0,cluster_12013799527_12013799528_2190601967,0,0,15
943.0,cluster_12013799529_12013799530_473195061,0,2,15
944.0,2496228891,0,0,15
944.0,cluster_12013799525_12013799526_2496228894,1,2,15
944.0,cluster_12013799527_12013799528_2190601967,0,0,15
944.0,cluster_12013799529_12013799530_473195061,0,2,15
945.0,cluster_12013799525_12013799526_2496228894,1,2,15
945.0,cluster_12013799527_12013799528_2190601967,0,0,15
945.0,cluster_12013799529_12013799530_473195061,0,2,15
946.0,cluster_12013799525_12013799526_2496228894,0,2,15
946.0,cluster_12013799527_12013799528_2190601967,0,0,15
947.0,cluster_12013799525_12013799526_2496228894,0,2,15
947.0,cluster_12013799527_12013799528_2190601967,0,0,15
948.0,2496228891,0,2,15
948.0,cluster_12013799525_12013799526_2496228894,0,2,15
948.0,cluster_12013799527_12013799528_2190601967,0,0,15
949.0,2496228891,0,2,15
949.0,cluster_12013799525_12013799526_2496228894,0,2,15
949.0,cluster_12013799527_12013799528_2190601967,0,0,15
949.0,cluster_12013799529_12013799530_473195061,0,0,15
950.0,2496228891,0,2,15
950.0,cluster_12013799525_12013799526_2496228894,0,2,15
950.0,cluster_12013799527_12013799528_2190601967,0,0,15
950.0,cluster_12013799529_12013799530_473195061,0,0,15
951.0,2496228891,0,2,15
951.0,cluster_12013799525_12013799526_2496228894,0,2,15
951.0,cluster_12013799529_12013799530_473195061,0,0,15
952.0,2496228891,0,2,15
952.0,cluster_12013799525_12013799526_2496228894,0,2,15
952.0,cluster_12013799529_12013799530_473195061,0,0,15
953.0,2496228891,0,2,15
953.0,cluster_12013799525_12013799526_2496228894,0,2,15
953.0,cluster_12013799529_12013799530_473195061,0,0,15
954.0,2496228891,0,2,15
954.0,cluster_12013799525_12013799526_2496228894,0,2,15
954.0,cluster_12013799527_12013799528_2190601967,0,2,15
954.0,cluster_12013799529_12013799530_473195061,0,0,15
955.0,2496228891,0,2,15
955.0,cluster_12013799525_12013799526_2496228894,0,2,15
955.0,cluster_12013799527_12013799528_2190601967,0,2,15
955.0,cluster_12013799529_12013799530_473195061,0,0,15
956.0,2496228891,0,2,15
956.0,cluster_12013799525_12013799526_2496228894,0,2,15
956.0,cluster_12013799527_12013799528_2190601967,0,2,15
956.0,cluster_12013799529_12013799530_473195061,0,0,15
957.0,2496228891,0,2,15
957.0,cluster_12013799525_12013799526_2496228894,0,2,15
957.0,cluster_12013799527_12013799528_2190601967,0,2,15
957.0,cluster_12013799529_12013799530_473195061,0,0,15
958.0,2496228891,0,2,15
958.0,cluster_12013799527_12013799528_2190601967,0,2,15
958.0,cluster_12013799529_12013799530_473195061,0,0,15
959.0,2496228891,0,2,15
959.0,cluster_12013799527_12013799528_2190601967,0,2,15
959.0,cluster_12013799529_12013799530_473195061,0,0,15
960.0,2496228891,0,2,15
960.0,cluster_12013799527_12013799528_2190601967,0,2,15
960.0,cluster_12013799529_12013799530_473195061,0,0,15
961.0,2496228891,0,2,15
961.0,cluster_12013799525_12013799526_2496228894,0,0,15
961.0,cluster_12013799527_12013799528_2190601967,0,2,15
961.0,cluster_12013799529_12013799530_473195061,0,0,15
962.0,2496228891,0,2,15
962.0,cluster_12013799525_12013799526_2496228894,0,0,15
962.0,cluster_12013799527_12013799528_2190601967,0,2,15
962.0,cluster_12013799529_12013799530_473195061,0,0,15
963.0,2496228891,0,2,15
963.0,cluster_12013799525_12013799526_2496228894,0,0,15
963.0,cluster_12013799527_12013799528_2190601967,0,2,15
963.0,cluster_12013799529_12013799530_473195061,0,0,15
964.0,cluster_12013799525_12013799526_2496228894,0,0,15
964.0,cluster_12013799527_12013799528_2190601967,0,2,15
964.0,cluster_12013799529_12013799530_473195061,0,0,15
965.0,cluster_12013799525_12013799526_2496228894,0,0,15
965.0,cluster_12013799527_12013799528_2190601967,0,2,15
966.0,cluster_12013799525_12013799526_2496228894,0,0,15
966.0,cluster_12013799527_12013799528_2190601967,0,2,15
967.0,2496228891,0,0,15
967.0,cluster_12013799525_12013799526_2496228894,0,0,15
967.0,cluster_12013799527_12013799528_2190601967,0,2,15
968.0,2496228891,0,0,15
968.0,cluster_12013799525_12013799526_2496228894,0,0,15
968.0,cluster_12013799527_12013799528_2190601967,0,2,15
968.0,cluster_12013799529_12013799530_473195061,0,2,15
969.0,2496228891,0,0,15
969.0,cluster_12013799525_12013799526_2496228894,0,0,15
969.0,cluster_12013799527_12013799528_2190601967,0,2,15
969.0,cluster_12013799529_12013799530_473195061,0,2,15
970.0,2496228891,0,0,15
970.0,cluster_12013799525_12013799526_2496228894,0,0,15
970.0,cluster_12013799529_12013799530_473195061,0,2,15
971.0,2496228891,1,0,15
971.0,cluster_12013799525_12013799526_2496228894,1,0,15
971.0,cluster_12013799529_12013799530_473195061,1,2,15
972.0,2496228891,1,0,15
972.0,cluster_12013799525_12013799526_2496228894,1,0,15
972.0,cluster_12013799529_12013799530_473195061,1,2,15
973.0,2496228891,1,0,15
973.0,cluster_12013799525_12013799526_2496228894,1,0,15
973.0,cluster_12013799527_12013799528_2190601967,1,0,15
973.0,cluster_12013799529_12013799530_473195061,1,2,15
974.0,2496228891,1,0,15
974.0,cluster_12013799525_12013799526_2496228894,1,0,15
974.0,cluster_12013799527_12013799528_2190601967,1,0,15
974.0,cluster_12013799529_12013799530_473195061,1,2,15
975.0,2496228891,2,0,15
975.0,cluster_12013799525_12013799526_2496228894,2,0,15
975.0,cluster_12013799527_12013799528_2190601967,2,0,15
975.0,cluster_12013799529_12013799530_473195061,2,2,15
976.0,2496228891,2,0,15
976.0,cluster_12013799525_12013799526_2496228894,2,0,15
976.0,cluster_12013799527_12013799528_2190601967,2,0,15
976.0,cluster_12013799529_12013799530_473195061,2,2,15
977.0,2496228891,2,0,15
977.0,cluster_12013799527_12013799528_2190601967,2,0,15
977.0,cluster_12013799529_12013799530_473195061,2,2,15
978.0,2496228891,2,0,15
978.0,cluster_12013799527_12013799528_2190601967,2,0,15
978.0,cluster_12013799529_12013799530_473195061,2,2,15
979.0,2496228891,3,0,15
979.0,cluster_12013799527_12013799528_2190601967,3,0,15
979.0,cluster_12013799529_12013799530_473195061,3,2,15
980.0,2496228891,3,0,15
980.0,cluster_12013799525_12013799526_2496228894,3,2,15
980.0,cluster_12013799527_12013799528_2190601967,3,0,15
980.0,cluster_12013799529_12013799530_473195061,3,2,15
981.0,2496228891,3,0,15
981.0,cluster_12013799525_12013799526_2496228894,3,2,15
981.0,cluster_12013799527_12013799528_2190601967,3,0,15
981.0,cluster_12013799529_12013799530_473195061,3,2,15
982.0,2496228891,3,0,15
982.0,cluster_12013799525_12013799526_2496228894,3,2,15
982.0,cluster_12013799527_12013799528_2190601967,3,0,15
982.0,cluster_12013799529_12013799530_473195061,3,2,15
983.0,cluster_12013799525_12013799526_2496228894,2,2,15
983.0,cluster_12013799527_12013799528_2190601967,4,0,23
983.0,cluster_12013799529_12013799530_473195061,4,2,21
984.0,cluster_12013799525_12013799526_2496228894,3,2,15
984.0,cluster_12013799527_12013799528_2190601967,4,0,21
985.0,cluster_12013799525_12013799526_2496228894,3,2,15
985.0,cluster_12013799527_12013799528_2190601967,4,0,21
986.0,2496228891,3,2,15
986.0,cluster_12013799525_12013799526_2496228894,3,2,15
986.0,cluster_12013799527_12013799528_2190601967,4,0,21
987.0,2496228891,2,2,15
987.0,cluster_12013799525_12013799526_2496228894,2,2,15
987.0,cluster_12013799527_12013799528_2190601967,4,0,21
987.0,cluster_12013799529_12013799530_473195061,5,0,22
988.0,2496228891,2,2,15
988.0,cluster_12013799525_12013799526_2496228894,2,2,15
988.0,cluster_12013799527_12013799528_2190601967,4,0,21
988.0,cluster_12013799529_12013799530_473195061,4,0,21
989.0,2496228891,2,2,15
989.0,cluster_12013799525_12013799526_2496228894,3,2,15
989.0,cluster_12013799529_12013799530_473195061,4,0,21
990.0,2496228891,2,2,15
990.0,cluster_12013799525_12013799526_2496228894,3,2,15
990.0,cluster_12013799529_12013799530_473195061,4,0,21
991.0,2496228891,2,2,15
991.0,cluster_12013799525_12013799526_2496228894,3,2,15
991.0,cluster_12013799529_12013799530_473195061,4,0,21
992.0,2496228891,1,2,15
992.0,cluster_12013799525_12013799526_2496228894,2,2,15
992.0,cluster_12013799527_12013799528_2190601967,4,2,21
992.0,cluster_12013799529_12013799530_473195061,3,0,15
993.0,2496228891,1,2,15
993.0,cluster_12013799525_12013799526_2496228894,2,2,15
993.0,cluster_12013799527_12013799528_2190601967,4,2,21
993.0,cluster_12013799529_12013799530_473195061,3,0,15
994.0,2496228891,1,2,15
994.0,cluster_12013799525_12013799526_2496228894,3,2,15
994.0,cluster_12013799527_12013799528_2190601967,4,2,21
994.0,cluster_12013799529_12013799530_473195061,3,0,15
995.0,2496228891,1,2,15
995.0,cluster_12013799525_12013799526_2496228894,3,2,15
995.0,cluster_12013799527_12013799528_2190601967,4,2,21
995.0,cluster_12013799529_12013799530_473195061,2,0,15
996.0,2496228891,1,2,15
996.0,cluster_12013799527_12013799528_2190601967,4,2,21
996.0,cluster_12013799529_12013799530_473195061,2,0,15
997.0,2496228891,0,2,15
997.0,cluster_12013799527_12013799528_2190601967,4,2,21
997.0,cluster_12013799529_12013799530_473195061,2,0,15
998.0,2496228891,0,2,15
998.0,cluster_12013799527_12013799528_2190601967,4,2,21
998.0,cluster_12013799529_12013799530_473195061,2,0,15
999.0,2496228891,0,2,15
999.0,cluster_12013799525_12013799526_2496228894,4,0,21
999.0,cluster_12013799527_12013799528_2190601967,4,2,21
999.0,cluster_12013799529_12013799530_473195061,1,0,15
1000.0,2496228891,0,2,15
1000.0,cluster_12013799525_12013799526_2496228894,3,0,15
1000.0,cluster_12013799527_12013799528_2190601967,3,2,15
1000.0,cluster_12013799529_12013799530_473195061,1,0,15
1001.0,2496228891,0,2,15
1001.0,cluster_12013799525_12013799526_2496228894,3,0,15
1001.0,cluster_12013799527_12013799528_2190601967,3,2,15
1001.0,cluster_12013799529_12013799530_473195061,1,0,15
1002.0,cluster_12013799525_12013799526_2496228894,3,0,15
1002.0,cluster_12013799527_12013799528_2190601967,3,2,15
1002.0,cluster_12013799529_12013799530_473195061,1,0,15
1003.0,cluster_12013799525_12013799526_2496228894,3,0,15
1003.0,cluster_12013799527_12013799528_2190601967,3,2,15
1003.0,cluster_12013799529_12013799530_473195061,0,0,15
1004.0,cluster_12013799525_12013799526_2496228894,2,0,15
1004.0,cluster_12013799527_12013799528_2190601967,2,2,15
1004.0,cluster_12013799529_12013799530_473195061,0,0,15
1005.0,2496228891,1,0,15
1005.0,cluster_12013799525_12013799526_2496228894,2,0,15
1005.0,cluster_12013799527_12013799528_2190601967,3,2,15
1005.0,cluster_12013799529_12013799530_473195061,0,0,15
1006.0,2496228891,1,0,15
1006.0,cluster_12013799525_12013799526_2496228894,1,0,15
1006.0,cluster_12013799527_12013799528_2190601967,2,2,15
1006.0,cluster_12013799529_12013799530_473195061,0,0,15
1007.0,2496228891,1,0,15
1007.0,cluster_12013799525_12013799526_2496228894,1,0,15
1007.0,cluster_12013799527_12013799528_2190601967,2,2,15
1007.0,cluster_12013799529_12013799530_473195061,0,0,15
1008.0,2496228891,1,0,15
1008.0,cluster_12013799525_12013799526_2496228894,1,0,15
1008.0,cluster_12013799527_12013799528_2190601967,3,2,15
1008.0,cluster_12013799529_12013799530_473195061,0,0,15
1009.0,2496228891,1,0,15
1009.0,cluster_12013799525_12013799526_2496228894,0,0,15
1009.0,cluster_12013799527_12013799528_2190601967,2,2,15
1009.0,cluster_12013799529_12013799530_473195061,0,0,15
1010.0,2496228891,1,0,15
1010.0,cluster_12013799525_12013799526_2496228894,0,0,15
1010.0,cluster_12013799527_12013799528_2190601967,3,2,15
1011.0,2496228891,2,0,15
1011.0,cluster_12013799525_12013799526_2496228894,0,0,15
1011.0,cluster_12013799527_12013799528_2190601967,3,2,15
1012.0,2496228891,2,0,15
1012.0,cluster_12013799525_12013799526_2496228894,0,0,15
1012.0,cluster_12013799527_12013799528_2190601967,3,2,15
1013.0,2496228891,1,0,15
1013.0,cluster_12013799525_12013799526_2496228894,0,0,15
1013.0,cluster_12013799527_12013799528_2190601967,4,2,23
1013.0,cluster_12013799529_12013799530_473195061,6,2,21
1014.0,2496228891,1,0,15
1014.0,cluster_12013799525_12013799526_2496228894,0,0,15
1014.0,cluster_12013799529_12013799530_473195061,6,2,21
1015.0,2496228891,1,0,15
1015.0,cluster_12013799525_12013799526_2496228894,0,0,15
1015.0,cluster_12013799529_12013799530_473195061,6,2,21
1016.0,2496228891,0,0,15
1016.0,cluster_12013799525_12013799526_2496228894,0,0,15
1016.0,cluster_12013799529_12013799530_473195061,6,2,21
1017.0,2496228891,0,0,15
1017.0,cluster_12013799525_12013799526_2496228894,0,0,15
1017.0,cluster_12013799527_12013799528_2190601967,6,0,21
1017.0,cluster_12013799529_12013799530_473195061,6,2,21
1018.0,2496228891,0,0,15
1018.0,cluster_12013799525_12013799526_2496228894,0,0,15
1018.0,cluster_12013799527_12013799528_2190601967,5,0,21
1018.0,cluster_12013799529_12013799530_473195061,5,2,21
1019.0,2496228891,0,0,15
1019.0,cluster_12013799525_12013799526_2496228894,0,0,15
1019.0,cluster_12013799527_12013799528_2190601967,5,0,21
1019.0,cluster_12013799529_12013799530_473195061,5,2,21
1020.0,2496228891,0,0,15
1020.0,cluster_12013799525_12013799526_2496228894,0,0,15
1020.0,cluster_12013799527_12013799528_2190601967,5,0,21
1020.0,cluster_12013799529_12013799530_473195061,5,2,21
1021.0,cluster_12013799527_12013799528_2190601967,5,0,21
1021.0,cluster_12013799529_12013799530_473195061,5,2,21
1022.0,cluster_12013799527_12013799528_2190601967,4,0,21
1022.0,cluster_12013799529_12013799530_473195061,4,2,21
1023.0,cluster_12013799527_12013799528_2190601967,4,0,21
1023.0,cluster_12013799529_12013799530_473195061,5,2,23
1024.0,2496228891,0,2,15
1024.0,cluster_12013799525_12013799526_2496228894,6,2,21
1024.0,cluster_12013799527_12013799528_2190601967,3,0,15
1024.0,cluster_12013799529_12013799530_473195061,4,2,21
1025.0,2496228891,0,2,15
1025.0,cluster_12013799525_12013799526_2496228894,4,2,21
1025.0,cluster_12013799527_12013799528_2190601967,3,0,15
1025.0,cluster_12013799529_12013799530_473195061,5,2,23
1026.0,2496228891,0,2,15
1026.0,cluster_12013799525_12013799526_2496228894,4,2,21
1026.0,cluster_12013799527_12013799528_2190601967,3,0,15
1026.0,cluster_12013799529_12013799530_473195061,5,2,21
1027.0,2496228891,0,2,15
1027.0,cluster_12013799525_12013799526_2496228894,4,2,21
1027.0,cluster_12013799527_12013799528_2190601967,2,0,15
1027.0,cluster_12013799529_12013799530_473195061,5,2,23
1028.0,2496228891,0,2,15
1028.0,cluster_12013799525_12013799526_2496228894,3,2,15
1028.0,cluster_12013799527_12013799528_2190601967,2,0,15
1028.0,cluster_12013799529_12013799530_473195061,5,2,21
1029.0,2496228891,0,2,15
1029.0,cluster_12013799525_12013799526_2496228894,2,2,15
1029.0,cluster_12013799527_12013799528_2190601967,1,0,15
1029.0,cluster_12013799529_12013799530_473195061,5,2,23
1030.0,2496228891,0,2,15
1030.0,cluster_12013799525_12013799526_2496228894,2,2,15
1030.0,cluster_12013799527_12013799528_2190601967,1,0,15
1030.0,cluster_12013799529_12013799530_473195061,5,2,21
1031.0,2496228891,0,2,15
1031.0,cluster_12013799525_12013799526_2496228894,2,2,15
1031.0,cluster_12013799527_12013799528_2190601967,0,0,15
1031.0,cluster_12013799529_12013799530_473195061,5,2,23
1032.0,2496228891,0,2,15
1032.0,cluster_12013799525_12013799526_2496228894,1,2,15
1032.0,cluster_12013799527_12013799528_2190601967,0,0,15
1032.0,cluster_12013799529_12013799530_473195061,5,2,21
1033.0,2496228891,0,2,15
1033.0,cluster_12013799525_12013799526_2496228894,1,2,15
1033.0,cluster_12013799527_12013799528_2190601967,0,0,15
1033.0,cluster_12013799529_12013799530_473195061,4,2,21
1034.0,2496228891,0,2,15
1034.0,cluster_12013799525_12013799526_2496228894,0,2,15
1034.0,cluster_12013799527_12013799528_2190601967,0,0,15
1034.0,cluster_12013799529_12013799530_473195061,5,2,23
1035.0,2496228891,0,2,15
1035.0,cluster_12013799525_12013799526_2496228894,0,2,15
1035.0,cluster_12013799527_12013799528_2190601967,0,0,15
1036.0,2496228891,0,2,15
1036.0,cluster_12013799525_12013799526_2496228894,0,2,15
1036.0,cluster_12013799527_12013799528_2190601967,0,0,15
1037.0,2496228891,0,2,15
1037.0,cluster_12013799525_12013799526_2496228894,0,2,15
1037.0,cluster_12013799527_12013799528_2190601967,0,0,15
1038.0,2496228891,0,2,15
1038.0,cluster_12013799525_12013799526_2496228894,0,2,15
1038.0,cluster_12013799527_12013799528_2190601967,0,0,15
1038.0,cluster_12013799529_12013799530_473195061,0,0,15
1039.0,2496228891,0,2,15
1039.0,cluster_12013799525_12013799526_2496228894,0,2,15
1039.0,cluster_12013799529_12013799530_473195061,0,0,15
1040.0,cluster_12013799525_12013799526_2496228894,0,2,15
1040.0,cluster_12013799529_12013799530_473195061,0,0,15
1041.0,cluster_12013799525_12013799526_2496228894,0,2,15
1041.0,cluster_12013799529_12013799530_473195061,0,0,15
1042.0,cluster_12013799525_12013799526_2496228894,0,2,15
1042.0,cluster_12013799527_12013799528_2190601967,6,2,21
1042.0,cluster_12013799529_12013799530_473195061,0,0,15
1043.0,2496228891,0,0,15
1043.0,cluster_12013799525_12013799526_2496228894,0,2,15
1043.0,cluster_12013799527_12013799528_2190601967,5,2,21
1043.0,cluster_12013799529_12013799530_473195061,0,0,15
1044.0,2496228891,0,0,15
1044.0,cluster_12013799525_12013799526_2496228894,0,2,15
1044.0,cluster_12013799527_12013799528_2190601967,5,2,21
1044.0,cluster_12013799529_12013799530_473195061,0,0,15
1045.0,2496228891,0,0,15
1045.0,cluster_12013799525_12013799526_2496228894,0,2,15
1045.0,cluster_12013799527_12013799528_2190601967,5,2,21
1045.0,cluster_12013799529_12013799530_473195061,0,0,15
1046.0,2496228891,0,0,15
1046.0,cluster_12013799527_12013799528_2190601967,3,2,15
1046.0,cluster_12013799529_12013799530_473195061,0,0,15
1047.0,2496228891,0,0,15
1047.0,cluster_12013799527_12013799528_2190601967,3,2,15
1047.0,cluster_12013799529_12013799530_473195061,0,0,15
1048.0,2496228891,0,0,15
1048.0,cluster_12013799527_12013799528_2190601967,3,2,15
1048.0,cluster_12013799529_12013799530_473195061,0,0,15
1049.0,2496228891,0,0,15
1049.0,cluster_12013799525_12013799526_2496228894,0,0,15
1049.0,cluster_12013799527_12013799528_2190601967,2,2,15
1049.0,cluster_12013799529_12013799530_473195061,0,0,15
1050.0,2496228891,0,0,15
1050.0,cluster_12013799525_12013799526_2496228894,0,0,15
1050.0,cluster_12013799527_12013799528_2190601967,1,2,15
1050.0,cluster_12013799529_12013799530_473195061,0,0,15
1051.0,2496228891,0,0,15
1051.0,cluster_12013799525_12013799526_2496228894,0,0,15
1051.0,cluster_12013799527_12013799528_2190601967,1,2,15
1051.0,cluster_12013799529_12013799530_473195061,0,0,15
1052.0,2496228891,0,0,15
1052.0,cluster_12013799525_12013799526_2496228894,0,0,15
1052.0,cluster_12013799527_12013799528_2190601967,0,2,15
1052.0,cluster_12013799529_12013799530_473195061,0,0,15
1053.0,2496228891,0,0,15
1053.0,cluster_12013799525_12013799526_2496228894,0,0,15
1053.0,cluster_12013799527_12013799528_2190601967,0,2,15
1053.0,cluster_12013799529_12013799530_473195061,0,0,15
1054.0,2496228891,0,0,15
1054.0,cluster_12013799525_12013799526_2496228894,0,0,15
1054.0,cluster_12013799527_12013799528_2190601967,0,2,15
1055.0,2496228891,0,0,15
1055.0,cluster_12013799525_12013799526_2496228894,0,0,15
1055.0,cluster_12013799527_12013799528_2190601967,0,2,15
1056.0,2496228891,0,0,15
1056.0,cluster_12013799525_12013799526_2496228894,0,0,15
1056.0,cluster_12013799527_12013799528_2190601967,0,2,15
1057.0,2496228891,0,0,15
1057.0,cluster_12013799525_12013799526_2496228894,0,0,15
1057.0,cluster_12013799527_12013799528_2190601967,0,2,15
1057.0,cluster_12013799529_12013799530_473195061,8,2,21
1058.0,2496228891,0,0,15
1058.0,cluster_12013799525_12013799526_2496228894,0,0,15
1058.0,cluster_12013799527_12013799528_2190601967,0,2,15
1058.0,cluster_12013799529_12013799530_473195061,7,2,21
1059.0,cluster_12013799525_12013799526_2496228894,0,0,15
1059.0,cluster_12013799527_12013799528_2190601967,0,2,15
1059.0,cluster_12013799529_12013799530_473195061,7,2,21
1060.0,cluster_12013799525_12013799526_2496228894,0,0,15
1060.0,cluster_12013799527_12013799528_2190601967,0,2,15
1060.0,cluster_12013799529_12013799530_473195061,7,2,21
1061.0,cluster_12013799525_12013799526_2496228894,0,0,15
1061.0,cluster_12013799527_12013799528_2190601967,0,2,15
1061.0,cluster_12013799529_12013799530_473195061,6,2,21
1062.0,2496228891,0,2,15
1062.0,cluster_12013799525_12013799526_2496228894,0,0,15
1062.0,cluster_12013799527_12013799528_2190601967,0,2,15
1062.0,cluster_12013799529_12013799530_473195061,5,2,21
1063.0,2496228891,0,2,15
1063.0,cluster_12013799525_12013799526_2496228894,0,0,15
1063.0,cluster_12013799527_12013799528_2190601967,0,2,15
1063.0,cluster_12013799529_12013799530_473195061,5,2,21
1064.0,2496228891,0,2,15
1064.0,cluster_12013799525_12013799526_2496228894,0,0,15
1064.0,cluster_12013799529_12013799530_473195061,4,2,23
1065.0,2496228891,0,2,15
1065.0,cluster_12013799529_12013799530_473195061,4,2,21
1066.0,2496228891,0,2,15
1066.0,cluster_12013799529_12013799530_473195061,4,2,21
1067.0,2496228891,0,2,15
1067.0,cluster_12013799527_12013799528_2190601967,0,0,15
1067.0,cluster_12013799529_12013799530_473195061,3,2,15
1068.0,2496228891,0,2,15
1068.0,cluster_12013799525_12013799526_2496228894,0,2,15
1068.0,cluster_12013799527_12013799528_2190601967,0,0,15
1068.0,cluster_12013799529_12013799530_473195061,3,2,15
1069.0,2496228891,0,2,15
1069.0,cluster_12013799525_12013799526_2496228894,0,2,15
1069.0,cluster_12013799527_12013799528_2190601967,0,0,15
1069.0,cluster_12013799529_12013799530_473195061,2,2,15
1070.0,2496228891,0,2,15
1070.0,cluster_12013799525_12013799526_2496228894,0,2,15
1070.0,cluster_12013799527_12013799528_2190601967,0,0,15
1070.0,cluster_12013799529_12013799530_473195061,2,2,15
1071.0,2496228891,0,2,15
1071.0,cluster_12013799525_12013799526_2496228894,0,2,15
1071.0,cluster_12013799527_12013799528_2190601967,0,0,15
1071.0,cluster_12013799529_12013799530_473195061,2,2,15
1072.0,2496228891,0,2,15
1072.0,cluster_12013799525_12013799526_2496228894,0,2,15
1072.0,cluster_12013799527_12013799528_2190601967,0,0,15
1072.0,cluster_12013799529_12013799530_473195061,1,2,15
1073.0,2496228891,0,2,15
1073.0,cluster_12013799525_12013799526_2496228894,0,2,15
1073.0,cluster_12013799527_12013799528_2190601967,0,0,15
1073.0,cluster_12013799529_12013799530_473195061,0,2,15
1074.0,2496228891,0,2,15
1074.0,cluster_12013799525_12013799526_2496228894,0,2,15
1074.0,cluster_12013799527_12013799528_2190601967,0,0,15
1074.0,cluster_12013799529_12013799530_473195061,0,2,15
1075.0,2496228891,0,2,15
1075.0,cluster_12013799525_12013799526_2496228894,0,2,15
1075.0,cluster_12013799527_12013799528_2190601967,0,0,15
1075.0,cluster_12013799529_12013799530_473195061,0,2,15
1076.0,2496228891,0,2,15
1076.0,cluster_12013799525_12013799526_2496228894,0,2,15
1076.0,cluster_12013799527_12013799528_2190601967,0,0,15
1076.0,cluster_12013799529_12013799530_473195061,0,2,15
1077.0,2496228891,0,2,15
1077.0,cluster_12013799525_12013799526_2496228894,0,2,15
1077.0,cluster_12013799527_12013799528_2190601967,0,0,15
1077.0,cluster_12013799529_12013799530_473195061,0,2,15
1078.0,cluster_12013799525_12013799526_2496228894,0,2,15
1078.0,cluster_12013799527_12013799528_2190601967,0,0,15
1078.0,cluster_12013799529_12013799530_473195061,0,2,15
1079.0,cluster_12013799525_12013799526_2496228894,0,2,15
1079.0,cluster_12013799527_12013799528_2190601967,0,0,15
1080.0,cluster_12013799525_12013799526_2496228894,0,2,15
1080.0,cluster_12013799527_12013799528_2190601967,0,0,15
1081.0,2496228891,4,0,21
1081.0,cluster_12013799525_12013799526_2496228894,0,2,15
1081.0,cluster_12013799527_12013799528_2190601967,0,0,15
1082.0,2496228891,3,0,15
1082.0,cluster_12013799525_12013799526_2496228894,0,2,15
1082.0,cluster_12013799527_12013799528_2190601967,0,0,15
1082.0,cluster_12013799529_12013799530_473195061,0,0,15
1083.0,2496228891,3,0,15
1083.0,cluster_12013799525_12013799526_2496228894,0,2,15
1083.0,cluster_12013799529_12013799530_473195061,0,0,15
1084.0,2496228891,3,0,15
1084.0,cluster_12013799529_12013799530_473195061,0,0,15
1085.0,2496228891,1,0,15
1085.0,cluster_12013799529_12013799530_473195061,0,0,15
1086.0,2496228891,1,0,15
1086.0,cluster_12013799527_12013799528_2190601967,0,2,15
1086.0,cluster_12013799529_12013799530_473195061,0,0,15
1087.0,2496228891,1,0,15
1087.0,cluster_12013799525_12013799526_2496228894,0,0,15
1087.0,cluster_12013799527_12013799528_2190601967,0,2,15
1087.0,cluster_12013799529_12013799530_473195061,0,0,15
1088.0,2496228891,0,0,15
1088.0,cluster_12013799525_12013799526_2496228894,0,0,15
1088.0,cluster_12013799527_12013799528_2190601967,0,2,15
1088.0,cluster_12013799529_12013799530_473195061,0,0,15
1089.0,2496228891,0,0,15
1089.0,cluster_12013799525_12013799526_2496228894,0,0,15
1089.0,cluster_12013799527_12013799528_2190601967,0,2,15
1089.0,cluster_12013799529_12013799530_473195061,0,0,15
1090.0,2496228891,0,0,15
1090.0,cluster_12013799525_12013799526_2496228894,0,0,15
1090.0,cluster_12013799527_12013799528_2190601967,0,2,15
1090.0,cluster_12013799529_12013799530_473195061,0,0,15
1091.0,2496228891,0,0,15
1091.0,cluster_12013799525_12013799526_2496228894,0,0,15
1091.0,cluster_12013799527_12013799528_2190601967,0,2,15
1091.0,cluster_12013799529_12013799530_473195061,0,0,15
1092.0,2496228891,0,0,15
1092.0,cluster_12013799525_12013799526_2496228894,0,0,15
1092.0,cluster_12013799527_12013799528_2190601967,0,2,15
1092.0,cluster_12013799529_12013799530_473195061,0,0,15
1093.0,2496228891,0,0,15
1093.0,cluster_12013799525_12013799526_2496228894,0,0,15
1093.0,cluster_12013799527_12013799528_2190601967,0,2,15
1093.0,cluster_12013799529_12013799530_473195061,0,0,15
1094.0,2496228891,0,0,15
1094.0,cluster_12013799525_12013799526_2496228894,0,0,15
1094.0,cluster_12013799527_12013799528_2190601967,0,2,15
1094.0,cluster_12013799529_12013799530_473195061,0,0,15
1095.0,2496228891,0,0,15
1095.0,cluster_12013799525_12013799526_2496228894,0,0,15
1095.0,cluster_12013799527_12013799528_2190601967,0,2,15
1095.0,cluster_12013799529_12013799530_473195061,0,0,15
1096.0,2496228891,0,0,15
1096.0,cluster_12013799525_12013799526_2496228894,0,0,15
1096.0,cluster_12013799527_12013799528_2190601967,0,2,15
1096.0,cluster_12013799529_12013799530_473195061,0,0,15
1097.0,2496228891,0,0,15
1097.0,cluster_12013799525_12013799526_2496228894,0,0,15
1097.0,cluster_12013799527_12013799528_2190601967,0,2,15
1097.0,cluster_12013799529_12013799530_473195061,0,0,15
1098.0,2496228891,0,0,15
1098.0,cluster_12013799525_12013799526_2496228894,0,0,15
1098.0,cluster_12013799527_12013799528_2190601967,0,2,15
1099.0,2496228891,0,0,15
1099.0,cluster_12013799525_12013799526_2496228894,0,0,15
1099.0,cluster_12013799527_12013799528_2190601967,0,2,15
1100.0,2496228891,0,0,15
1100.0,cluster_12013799525_12013799526_2496228894,0,0,15
1100.0,cluster_12013799527_12013799528_2190601967,0,2,15
1101.0,2496228891,0,0,15
1101.0,cluster_12013799525_12013799526_2496228894,0,0,15
1101.0,cluster_12013799527_12013799528_2190601967,0,2,15
1101.0,cluster_12013799529_12013799530_473195061,0,2,15
1102.0,2496228891,0,0,15
1102.0,cluster_12013799525_12013799526_2496228894,0,0,15
1102.0,cluster_12013799529_12013799530_473195061,0,2,15
1103.0,cluster_12013799529_12013799530_473195061,0,2,15
1104.0,cluster_12013799529_12013799530_473195061,0,2,15
1105.0,cluster_12013799527_12013799528_2190601967,0,0,15
1105.0,cluster_12013799529_12013799530_473195061,0,2,15
1106.0,2496228891,0,2,15
1106.0,cluster_12013799525_12013799526_2496228894,1,2,15
1106.0,cluster_12013799527_12013799528_2190601967,0,0,15
1106.0,cluster_12013799529_12013799530_473195061,0,2,15
1107.0,2496228891,0,2,15
1107.0,cluster_12013799525_12013799526_2496228894,0,2,15
1107.0,cluster_12013799527_12013799528_2190601967,0,0,15
1107.0,cluster_12013799529_12013799530_473195061,0,2,15
1108.0,2496228891,0,2,15
1108.0,cluster_12013799525_12013799526_2496228894,0,2,15
1108.0,cluster_12013799527_12013799528_2190601967,0,0,15
1108.0,cluster_12013799529_12013799530_473195061,0,2,15
1109.0,2496228891,1,2,15
1109.0,cluster_12013799525_12013799526_2496228894,1,2,15
1109.0,cluster_12013799527_12013799528_2190601967,1,0,15
1109.0,cluster_12013799529_12013799530_473195061,1,2,15
1110.0,2496228891,1,2,15
1110.0,cluster_12013799525_12013799526_2496228894,1,2,15
1110.0,cluster_12013799527_12013799528_2190601967,1,0,15
1110.0,cluster_12013799529_12013799530_473195061,1,2,15
1111.0,2496228891,1,2,15
1111.0,cluster_12013799525_12013799526_2496228894,1,2,15
1111.0,cluster_12013799527_12013799528_2190601967,1,0,15
1111.0,cluster_12013799529_12013799530_473195061,1,2,15
1112.0,2496228891,1,2,15
1112.0,cluster_12013799525_12013799526_2496228894,1,2,15
1112.0,cluster_12013799527_12013799528_2190601967,1,0,15
1112.0,cluster_12013799529_12013799530_473195061,1,2,15
1113.0,2496228891,2,2,15
1113.0,cluster_12013799525_12013799526_2496228894,2,2,15
1113.0,cluster_12013799527_12013799528_2190601967,2,0,15
1113.0,cluster_12013799529_12013799530_473195061,2,2,15
1114.0,2496228891,2,2,15
1114.0,cluster_12013799525_12013799526_2496228894,2,2,15
1114.0,cluster_12013799527_12013799528_2190601967,2,0,15
1114.0,cluster_12013799529_12013799530_473195061,2,2,15
1115.0,2496228891,2,2,15
1115.0,cluster_12013799525_12013799526_2496228894,2,2,15
1115.0,cluster_12013799527_12013799528_2190601967,2,0,15
1115.0,cluster_12013799529_12013799530_473195061,2,2,15
1116.0,2496228891,2,2,15
1116.0,cluster_12013799525_12013799526_2496228894,2,2,15
1116.0,cluster_12013799527_12013799528_2190601967,2,0,15
1116.0,cluster_12013799529_12013799530_473195061,2,2,15
1117.0,2496228891,2,2,15
1117.0,cluster_12013799525_12013799526_2496228894,2,2,15
1117.0,cluster_12013799527_12013799528_2190601967,3,0,15
1118.0,2496228891,3,2,15
1118.0,cluster_12013799525_12013799526_2496228894,3,2,15
1118.0,cluster_12013799527_12013799528_2190601967,3,0,15
1119.0,2496228891,3,2,15
1119.0,cluster_12013799525_12013799526_2496228894,3,2,15
1119.0,cluster_12013799527_12013799528_2190601967,3,0,15
1120.0,2496228891,3,2,15
1120.0,cluster_12013799525_12013799526_2496228894,3,2,15
1120.0,cluster_12013799527_12013799528_2190601967,3,0,15
1120.0,cluster_12013799529_12013799530_473195061,3,0,15
1121.0,2496228891,2,2,15
1121.0,cluster_12013799525_12013799526_2496228894,2,2,15
1121.0,cluster_12013799529_12013799530_473195061,4,0,23
1122.0,cluster_12013799529_12013799530_473195061,4,0,21
1123.0,cluster_12013799529_12013799530_473195061,4,0,21
1124.0,cluster_12013799527_12013799528_2190601967,4,2,21
1124.0,cluster_12013799529_12013799530_473195061,4,0,21
1125.0,2496228891,4,0,21
1125.0,cluster_12013799525_12013799526_2496228894,4,0,21
1125.0,cluster_12013799527_12013799528_2190601967,4,2,21
1125.0,cluster_12013799529_12013799530_473195061,4,0,21
1126.0,2496228891,4,0,21
1126.0,cluster_12013799525_12013799526_2496228894,3,0,15
1126.0,cluster_12013799527_12013799528_2190601967,3,2,15
1126.0,cluster_12013799529_12013799530_473195061,4,0,21
1127.0,2496228891,6,0,23
1127.0,cluster_12013799525_12013799526_2496228894,3,0,15
1127.0,cluster_12013799527_12013799528_2190601967,3,2,15
1127.0,cluster_12013799529_12013799530_473195061,4,0,21
1128.0,2496228891,6,0,21
1128.0,cluster_12013799525_12013799526_2496228894,3,0,15
1128.0,cluster_12013799527_12013799528_2190601967,3,2,15
1128.0,cluster_12013799529_12013799530_473195061,4,0,21
1129.0,2496228891,5,0,21
1129.0,cluster_12013799525_12013799526_2496228894,3,0,15
1129.0,cluster_12013799527_12013799528_2190601967,3,2,15
1129.0,cluster_12013799529_12013799530_473195061,3,0,15
1130.0,2496228891,5,0,21
1130.0,cluster_12013799525_12013799526_2496228894,2,0,15
1130.0,cluster_12013799527_12013799528_2190601967,2,2,15
1130.0,cluster_12013799529_12013799530_473195061,3,0,15
1131.0,2496228891,5,0,21
1131.0,cluster_12013799525_12013799526_2496228894,2,0,15
1131.0,cluster_12013799527_12013799528_2190601967,3,2,15
1131.0,cluster_12013799529_12013799530_473195061,3,0,15
1132.0,2496228891,6,0,23
1132.0,cluster_12013799525_12013799526_2496228894,1,0,15
1132.0,cluster_12013799527_12013799528_2190601967,2,2,15
1132.0,cluster_12013799529_12013799530_473195061,3,0,15
1133.0,2496228891,6,0,21
1133.0,cluster_12013799525_12013799526_2496228894,1,0,15
1133.0,cluster_12013799527_12013799528_2190601967,3,2,15
1133.0,cluster_12013799529_12013799530_473195061,3,0,15
1134.0,2496228891,6,0,21
1134.0,cluster_12013799525_12013799526_2496228894,1,0,15
1134.0,cluster_12013799527_12013799528_2190601967,3,2,15
1134.0,cluster_12013799529_12013799530_473195061,3,0,15
1135.0,2496228891,4,0,21
1135.0,cluster_12013799525_12013799526_2496228894,0,0,15
1135.0,cluster_12013799527_12013799528_2190601967,3,2,15
1135.0,cluster_12013799529_12013799530_473195061,3,0,15
1136.0,2496228891,3,0,15
1136.0,cluster_12013799525_12013799526_2496228894,0,0,15
1136.0,cluster_12013799527_12013799528_2190601967,3,2,15
1137.0,2496228891,3,0,15
1137.0,cluster_12013799525_12013799526_2496228894,0,0,15
1137.0,cluster_12013799527_12013799528_2190601967,2,2,15
1138.0,2496228891,3,0,15
1138.0,cluster_12013799525_12013799526_2496228894,0,0,15
1138.0,cluster_12013799527_12013799528_2190601967,4,2,23
1139.0,2496228891,3,0,15
1139.0,cluster_12013799525_12013799526_2496228894,0,0,15
1139.0,cluster_12013799527_12013799528_2190601967,3,2,15
1139.0,cluster_12013799529_12013799530_473195061,7,2,21
1140.0,2496228891,3,0,15
1140.0,cluster_12013799525_12013799526_2496228894,0,0,15
1140.0,cluster_12013799527_12013799528_2190601967,4,2,23
1140.0,cluster_12013799529_12013799530_473195061,7,2,21
1141.0,2496228891,3,0,15
1141.0,cluster_12013799525_12013799526_2496228894,0,0,15
1141.0,cluster_12013799527_12013799528_2190601967,4,2,23
1141.0,cluster_12013799529_12013799530_473195061,7,2,21
1142.0,2496228891,2,0,15
1142.0,cluster_12013799525_12013799526_2496228894,0,0,15
1142.0,cluster_12013799527_12013799528_2190601967,3,2,15
1142.0,cluster_12013799529_12013799530_473195061,7,2,21
1143.0,2496228891,2,0,15
1143.0,cluster_12013799525_12013799526_2496228894,0,0,15
1143.0,cluster_12013799527_12013799528_2190601967,2,2,15
1143.0,cluster_12013799529_12013799530_473195061,7,2,21
1144.0,2496228891,2,0,15
1144.0,cluster_12013799525_12013799526_2496228894,0,0,15
1144.0,cluster_12013799527_12013799528_2190601967,3,2,15
1144.0,cluster_12013799529_12013799530_473195061,8,2,24
1145.0,2496228891,3,0,15
1145.0,cluster_12013799525_12013799526_2496228894,0,0,15
1145.0,cluster_12013799527_12013799528_2190601967,2,2,15
1145.0,cluster_12013799529_12013799530_473195061,8,2,21
1146.0,2496228891,3,0,15
1146.0,cluster_12013799525_12013799526_2496228894,0,0,15
1146.0,cluster_12013799529_12013799530_473195061,8,2,21
1147.0,cluster_12013799529_12013799530_473195061,9,2,25
1148.0,cluster_12013799529_12013799530_473195061,9,2,22
1149.0,cluster_12013799527_12013799528_2190601967,7,0,21
1149.0,cluster_12013799529_12013799530_473195061,9,2,22
1150.0,2496228891,2,2,15
1150.0,cluster_12013799525_12013799526_2496228894,2,2,15
1150.0,cluster_12013799527_12013799528_2190601967,6,0,21
1150.0,cluster_12013799529_12013799530_473195061,8,2,21
1151.0,2496228891,2,2,15
1151.0,cluster_12013799525_12013799526_2496228894,2,2,15
1151.0,cluster_12013799527_12013799528_2190601967,6,0,21
1151.0,cluster_12013799529_12013799530_473195061,8,2,21
1152.0,2496228891,2,2,15
1152.0,cluster_12013799525_12013799526_2496228894,2,2,15
1152.0,cluster_12013799527_12013799528_2190601967,6,0,21
1152.0,cluster_12013799529_12013799530_473195061,8,2,21
1153.0,2496228891,2,2,15
1153.0,cluster_12013799525_12013799526_2496228894,2,2,15
1153.0,cluster_12013799527_12013799528_2190601967,5,0,21
1153.0,cluster_12013799529_12013799530_473195061,7,2,21
1154.0,2496228891,1,2,15
1154.0,cluster_12013799525_12013799526_2496228894,2,2,15
1154.0,cluster_12013799527_12013799528_2190601967,5,0,21
1154.0,cluster_12013799529_12013799530_473195061,6,2,21
1155.0,2496228891,1,2,15
1155.0,cluster_12013799525_12013799526_2496228894,2,2,15
1155.0,cluster_12013799527_12013799528_2190601967,5,0,21
1155.0,cluster_12013799529_12013799530_473195061,6,2,21
1156.0,2496228891,1,2,15
1156.0,cluster_12013799525_12013799526_2496228894,2,2,15
1156.0,cluster_12013799527_12013799528_2190601967,4,0,21
1156.0,cluster_12013799529_12013799530_473195061,4,2,21
1157.0,2496228891,0,2,15
1157.0,cluster_12013799525_12013799526_2496228894,2,2,15
1157.0,cluster_12013799527_12013799528_2190601967,4,0,21
1157.0,cluster_12013799529_12013799530_473195061,5,2,23
1158.0,2496228891,0,2,15
1158.0,cluster_12013799525_12013799526_2496228894,2,2,15
1158.0,cluster_12013799527_12013799528_2190601967,4,0,21
1158.0,cluster_12013799529_12013799530_473195061,5,2,21
1159.0,2496228891,0,2,15
1159.0,cluster_12013799525_12013799526_2496228894,3,2,15
1159.0,cluster_12013799527_12013799528_2190601967,3,0,15
1159.0,cluster_12013799529_12013799530_473195061,5,2,23
1160.0,2496228891,0,2,15
1160.0,cluster_12013799525_12013799526_2496228894,3,2,15
1160.0,cluster_12013799527_12013799528_2190601967,3,0,15
1160.0,cluster_12013799529_12013799530_473195061,5,2,21
1161.0,2496228891,0,2,15
1161.0,cluster_12013799525_12013799526_2496228894,3,2,15
1161.0,cluster_12013799527_12013799528_2190601967,2,0,15
1162.0,2496228891,0,2,15
1162.0,cluster_12013799525_12013799526_2496228894,3,2,15
1162.0,cluster_12013799527_12013799528_2190601967,2,0,15
1163.0,2496228891,0,2,15
1163.0,cluster_12013799525_12013799526_2496228894,3,2,15
1163.0,cluster_12013799527_12013799528_2190601967,1,0,15
1164.0,2496228891,0,2,15
1164.0,cluster_12013799525_12013799526_2496228894,3,2,15
1164.0,cluster_12013799527_12013799528_2190601967,1,0,15
1164.0,cluster_12013799529_12013799530_473195061,2,0,15
1165.0,2496228891,0,2,15
1165.0,cluster_12013799525_12013799526_2496228894,3,2,15
1165.0,cluster_12013799527_12013799528_2190601967,0,0,15
1165.0,cluster_12013799529_12013799530_473195061,1,0,15
1166.0,cluster_12013799527_12013799528_2190601967,0,0,15
1166.0,cluster_12013799529_12013799530_473195061,1,0,15
1167.0,cluster_12013799527_12013799528_2190601967,0,0,15
1167.0,cluster_12013799529_12013799530_473195061,1,0,15
1168.0,cluster_12013799527_12013799528_2190601967,0,0,15
1168.0,cluster_12013799529_12013799530_473195061,0,0,15
1169.0,2496228891,0,0,15
1169.0,cluster_12013799525_12013799526_2496228894,0,0,15
1169.0,cluster_12013799527_12013799528_2190601967,0,0,15
1169.0,cluster_12013799529_12013799530_473195061,0,0,15
1170.0,2496228891,0,0,15
1170.0,cluster_12013799525_12013799526_2496228894,0,0,15
1170.0,cluster_12013799527_12013799528_2190601967,0,0,15
1170.0,cluster_12013799529_12013799530_473195061,0,0,15
1171.0,2496228891,0,0,15
1171.0,cluster_12013799525_12013799526_2496228894,0,0,15
1171.0,cluster_12013799529_12013799530_473195061,0,0,15
1172.0,2496228891,0,0,15
1172.0,cluster_12013799525_12013799526_2496228894,0,0,15
1172.0,cluster_12013799529_12013799530_473195061,0,0,15
1173.0,2496228891,0,0,15
1173.0,cluster_12013799525_12013799526_2496228894,0,0,15
1173.0,cluster_12013799529_12013799530_473195061,0,0,15
1174.0,2496228891,0,0,15
1174.0,cluster_12013799525_12013799526_2496228894,0,0,15
1174.0,cluster_12013799527_12013799528_2190601967,1,2,15
1174.0,cluster_12013799529_12013799530_473195061,0,0,15
1175.0,2496228891,0,0,15
1175.0,cluster_12013799525_12013799526_2496228894,0,0,15
1175.0,cluster_12013799527_12013799528_2190601967,1,2,15
1175.0,cluster_12013799529_12013799530_473195061,0,0,15
1176.0,2496228891,1,0,15
1176.0,cluster_12013799525_12013799526_2496228894,0,0,15
1176.0,cluster_12013799527_12013799528_2190601967,1,2,15
1176.0,cluster_12013799529_12013799530_473195061,0,0,15
1177.0,2496228891,1,0,15
1177.0,cluster_12013799525_12013799526_2496228894,0,0,15
1177.0,cluster_12013799527_12013799528_2190601967,1,2,15
1177.0,cluster_12013799529_12013799530_473195061,0,0,15
1178.0,2496228891,2,0,15
1178.0,cluster_12013799525_12013799526_2496228894,0,0,15
1178.0,cluster_12013799527_12013799528_2190601967,0,2,15
1178.0,cluster_12013799529_12013799530_473195061,0,0,15
1179.0,2496228891,2,0,15
1179.0,cluster_12013799525_12013799526_2496228894,0,0,15
1179.0,cluster_12013799527_12013799528_2190601967,0,2,15
1179.0,cluster_12013799529_12013799530_473195061,0,0,15
1180.0,2496228891,2,0,15
1180.0,cluster_12013799525_12013799526_2496228894,0,0,15
1180.0,cluster_12013799527_12013799528_2190601967,0,2,15
1181.0,2496228891,2,0,15
1181.0,cluster_12013799525_12013799526_2496228894,0,0,15
1181.0,cluster_12013799527_12013799528_2190601967,0,2,15
1182.0,2496228891,1,0,15
1182.0,cluster_12013799525_12013799526_2496228894,0,0,15
1182.0,cluster_12013799527_12013799528_2190601967,0,2,15
1183.0,2496228891,1,0,15
1183.0,cluster_12013799525_12013799526_2496228894,0,0,15
1183.0,cluster_12013799527_12013799528_2190601967,0,2,15
1183.0,cluster_12013799529_12013799530_473195061,6,2,21
1184.0,2496228891,1,0,15
1184.0,cluster_12013799525_12013799526_2496228894,0,0,15
1184.0,cluster_12013799527_12013799528_2190601967,0,2,15
1184.0,cluster_12013799529_12013799530_473195061,5,2,21
1185.0,cluster_12013799527_12013799528_2190601967,0,2,15
1185.0,cluster_12013799529_12013799530_473195061,5,2,21
1186.0,cluster_12013799527_12013799528_2190601967,0,2,15
1186.0,cluster_12013799529_12013799530_473195061,5,2,21
1187.0,cluster_12013799527_12013799528_2190601967,0,2,15
1187.0,cluster_12013799529_12013799530_473195061,3,2,15
1188.0,2496228891,0,2,15
1188.0,cluster_12013799525_12013799526_2496228894,5,2,21
1188.0,cluster_12013799527_12013799528_2190601967,0,2,15
1188.0,cluster_12013799529_12013799530_473195061,3,2,15
1189.0,2496228891,0,2,15
1189.0,cluster_12013799525_12013799526_2496228894,3,2,15
1189.0,cluster_12013799527_12013799528_2190601967,0,2,15
1189.0,cluster_12013799529_12013799530_473195061,3,2,15
1190.0,2496228891,0,2,15
1190.0,cluster_12013799525_12013799526_2496228894,3,2,15
1190.0,cluster_12013799529_12013799530_473195061,3,2,15
1191.0,2496228891,0,2,15
1191.0,cluster_12013799525_12013799526_2496228894,3,2,15
1191.0,cluster_12013799529_12013799530_473195061,2,2,15
1192.0,2496228891,0,2,15
1192.0,cluster_12013799525_12013799526_2496228894,2,2,15
1192.0,cluster_12013799529_12013799530_473195061,2,2,15
1193.0,2496228891,0,2,15
1193.0,cluster_12013799525_12013799526_2496228894,2,2,15
1193.0,cluster_12013799527_12013799528_2190601967,0,0,15
1193.0,cluster_12013799529_12013799530_473195061,1,2,15
1194.0,2496228891,0,2,15
1194.0,cluster_12013799525_12013799526_2496228894,2,2,15
1194.0,cluster_12013799527_12013799528_2190601967,0,0,15
1194.0,cluster_12013799529_12013799530_473195061,1,2,15
1195.0,2496228891,0,2,15
1195.0,cluster_12013799525_12013799526_2496228894,1,2,15
1195.0,cluster_12013799527_12013799528_2190601967,0,0,15
1195.0,cluster_12013799529_12013799530_473195061,1,2,15
1196.0,2496228891,0,2,15
1196.0,cluster_12013799525_12013799526_2496228894,1,2,15
1196.0,cluster_12013799527_12013799528_2190601967,0,0,15
1196.0,cluster_12013799529_12013799530_473195061,0,2,15
1197.0,2496228891,0,2,15
1197.0,cluster_12013799525_12013799526_2496228894,0,2,15
1197.0,cluster_12013799527_12013799528_2190601967,0,0,15
1197.0,cluster_12013799529_12013799530_473195061,0,2,15
1198.0,2496228891,0,2,15
1198.0,cluster_12013799525_12013799526_2496228894,0,2,15
1198.0,cluster_12013799527_12013799528_2190601967,0,0,15
1198.0,cluster_12013799529_12013799530_473195061,0,2,15
1199.0,2496228891,0,2,15
1199.0,cluster_12013799525_12013799526_2496228894,0,2,15
1199.0,cluster_12013799527_12013799528_2190601967,0,0,15
1199.0,cluster_12013799529_12013799530_473195061,0,2,15
1200.0,2496228891,0,2,15
1200.0,cluster_12013799525_12013799526_2496228894,0,2,15
1200.0,cluster_12013799527_12013799528_2190601967,0,0,15
1200.0,cluster_12013799529_12013799530_473195061,0,2,15
1201.0,2496228891,0,2,15
1201.0,cluster_12013799525_12013799526_2496228894,0,2,15
1201.0,cluster_12013799527_12013799528_2190601967,0,0,15
1201.0,cluster_12013799529_12013799530_473195061,0,2,15
1202.0,2496228891,0,2,15
1202.0,cluster_12013799525_12013799526_2496228894,0,2,15
1202.0,cluster_12013799527_12013799528_2190601967,0,0,15
1202.0,cluster_12013799529_12013799530_473195061,0,2,15
1203.0,2496228891,0,2,15
1203.0,cluster_12013799525_12013799526_2496228894,0,2,15
1203.0,cluster_12013799527_12013799528_2190601967,0,0,15
1203.0,cluster_12013799529_12013799530_473195061,0,2,15
1204.0,cluster_12013799525_12013799526_2496228894,0,2,15
1204.0,cluster_12013799527_12013799528_2190601967,0,0,15
1204.0,cluster_12013799529_12013799530_473195061,0,2,15
1205.0,cluster_12013799525_12013799526_2496228894,0,2,15
1205.0,cluster_12013799527_12013799528_2190601967,0,0,15
1206.0,cluster_12013799525_12013799526_2496228894,0,2,15
1206.0,cluster_12013799527_12013799528_2190601967,0,0,15
1207.0,2496228891,3,0,15
1207.0,cluster_12013799525_12013799526_2496228894,0,2,15
1207.0,cluster_12013799527_12013799528_2190601967,0,0,15
1208.0,2496228891,2,0,15
1208.0,cluster_12013799525_12013799526_2496228894,0,2,15
1208.0,cluster_12013799527_12013799528_2190601967,0,0,15
1208.0,cluster_12013799529_12013799530_473195061,0,0,15
1209.0,2496228891,2,0,15
1209.0,cluster_12013799525_12013799526_2496228894,0,2,15
1209.0,cluster_12013799529_12013799530_473195061,0,0,15
1210.0,2496228891,2,0,15
1210.0,cluster_12013799529_12013799530_473195061,0,0,15
1211.0,2496228891,2,0,15
1211.0,cluster_12013799529_12013799530_473195061,0,0,15
1212.0,2496228891,1,0,15
1212.0,cluster_12013799527_12013799528_2190601967,1,2,15
1212.0,cluster_12013799529_12013799530_473195061,0,0,15
1213.0,2496228891,1,0,15
1213.0,cluster_12013799525_12013799526_2496228894,0,0,15
1213.0,cluster_12013799527_12013799528_2190601967,0,2,15
1213.0,cluster_12013799529_12013799530_473195061,0,0,15
1214.0,2496228891,0,0,15
1214.0,cluster_12013799525_12013799526_2496228894,0,0,15
1214.0,cluster_12013799527_12013799528_2190601967,0,2,15
1214.0,cluster_12013799529_12013799530_473195061,0,0,15
1215.0,2496228891,0,0,15
1215.0,cluster_12013799525_12013799526_2496228894,0,0,15
1215.0,cluster_12013799527_12013799528_2190601967,0,2,15
1215.0,cluster_12013799529_12013799530_473195061,0,0,15
1216.0,2496228891,0,0,15
1216.0,cluster_12013799525_12013799526_2496228894,0,0,15
1216.0,cluster_12013799527_12013799528_2190601967,0,2,15
1216.0,cluster_12013799529_12013799530_473195061,0,0,15
1217.0,2496228891,0,0,15
1217.0,cluster_12013799525_12013799526_2496228894,0,0,15
1217.0,cluster_12013799527_12013799528_2190601967,0,2,15
1217.0,cluster_12013799529_12013799530_473195061,0,0,15
1218.0,2496228891,0,0,15
1218.0,cluster_12013799525_12013799526_2496228894,0,0,15
1218.0,cluster_12013799527_12013799528_2190601967,0,2,15
1218.0,cluster_12013799529_12013799530_473195061,0,0,15
1219.0,2496228891,0,0,15
1219.0,cluster_12013799525_12013799526_2496228894,0,0,15
1219.0,cluster_12013799527_12013799528_2190601967,0,2,15
1219.0,cluster_12013799529_12013799530_473195061,0,0,15
1220.0,2496228891,0,0,15
1220.0,cluster_12013799525_12013799526_2496228894,0,0,15
1220.0,cluster_12013799527_12013799528_2190601967,0,2,15
1220.0,cluster_12013799529_12013799530_473195061,0,0,15
1221.0,2496228891,0,0,15
1221.0,cluster_12013799525_12013799526_2496228894,0,0,15
1221.0,cluster_12013799527_12013799528_2190601967,0,2,15
1221.0,cluster_12013799529_12013799530_473195061,0,0,15
1222.0,2496228891,0,0,15
1222.0,cluster_12013799525_12013799526_2496228894,0,0,15
1222.0,cluster_12013799527_12013799528_2190601967,0,2,15
1222.0,cluster_12013799529_12013799530_473195061,0,0,15
1223.0,cluster_12013799525_12013799526_2496228894,0,0,15
1223.0,cluster_12013799527_12013799528_2190601967,0,2,15
1223.0,cluster_12013799529_12013799530_473195061,0,0,15
1224.0,cluster_12013799525_12013799526_2496228894,0,0,15
1224.0,cluster_12013799527_12013799528_2190601967,0,2,15
1225.0,cluster_12013799525_12013799526_2496228894,0,0,15
1225.0,cluster_12013799527_12013799528_2190601967,0,2,15
1226.0,2496228891,0,2,15
1226.0,cluster_12013799525_12013799526_2496228894,0,0,15
1226.0,cluster_12013799527_12013799528_2190601967,0,2,15
1227.0,2496228891,0,2,15
1227.0,cluster_12013799525_12013799526_2496228894,0,0,15
1227.0,cluster_12013799527_12013799528_2190601967,0,2,15
1227.0,cluster_12013799529_12013799530_473195061,1,2,15
1228.0,2496228891,0,2,15
1228.0,cluster_12013799525_12013799526_2496228894,0,0,15
1228.0,cluster_12013799529_12013799530_473195061,0,2,15
1229.0,2496228891,0,2,15
1229.0,cluster_12013799529_12013799530_473195061,0,2,15
1230.0,2496228891,0,2,15
1230.0,cluster_12013799529_12013799530_473195061,0,2,15
1231.0,2496228891,0,2,15
1231.0,cluster_12013799527_12013799528_2190601967,0,0,15
1231.0,cluster_12013799529_12013799530_473195061,0,2,15
1232.0,2496228891,0,2,15
1232.0,cluster_12013799525_12013799526_2496228894,1,2,15
1232.0,cluster_12013799527_12013799528_2190601967,0,0,15
1232.0,cluster_12013799529_12013799530_473195061,0,2,15
1233.0,2496228891,0,2,15
1233.0,cluster_12013799525_12013799526_2496228894,0,2,15
1233.0,cluster_12013799527_12013799528_2190601967,0,0,15
1233.0,cluster_12013799529_12013799530_473195061,0,2,15
1234.0,2496228891,0,2,15
1234.0,cluster_12013799525_12013799526_2496228894,0,2,15
1234.0,cluster_12013799527_12013799528_2190601967,0,0,15
1234.0,cluster_12013799529_12013799530_473195061,0,2,15
1235.0,2496228891,0,2,15
1235.0,cluster_12013799525_12013799526_2496228894,0,2,15
1235.0,cluster_12013799527_12013799528_2190601967,0,0,15
1235.0,cluster_12013799529_12013799530_473195061,0,2,15
1236.0,2496228891,0,2,15
1236.0,cluster_12013799525_12013799526_2496228894,0,2,15
1236.0,cluster_12013799527_12013799528_2190601967,0,0,15
1236.0,cluster_12013799529_12013799530_473195061,0,2,15
1237.0,2496228891,0,2,15
1237.0,cluster_12013799525_12013799526_2496228894,0,2,15
1237.0,cluster_12013799527_12013799528_2190601967,0,0,15
1237.0,cluster_12013799529_12013799530_473195061,0,2,15
1238.0,2496228891,0,2,15
1238.0,cluster_12013799525_12013799526_2496228894,0,2,15
1238.0,cluster_12013799527_12013799528_2190601967,0,0,15
1238.0,cluster_12013799529_12013799530_473195061,0,2,15
1239.0,2496228891,0,2,15
1239.0,cluster_12013799525_12013799526_2496228894,0,2,15
1239.0,cluster_12013799527_12013799528_2190601967,0,0,15
1239.0,cluster_12013799529_12013799530_473195061,0,2,15
1240.0,2496228891,0,2,15
1240.0,cluster_12013799525_12013799526_2496228894,0,2,15
1240.0,cluster_12013799527_12013799528_2190601967,0,0,15
1240.0,cluster_12013799529_12013799530_473195061,0,2,15
1241.0,2496228891,0,2,15
1241.0,cluster_12013799525_12013799526_2496228894,0,2,15
1241.0,cluster_12013799527_12013799528_2190601967,0,0,15
1241.0,cluster_12013799529_12013799530_473195061,0,2,15
1242.0,cluster_12013799525_12013799526_2496228894,0,2,15
1242.0,cluster_12013799527_12013799528_2190601967,0,0,15
1242.0,cluster_12013799529_12013799530_473195061,0,2,15
1243.0,cluster_12013799525_12013799526_2496228894,0,2,15
1243.0,cluster_12013799527_12013799528_2190601967,0,0,15
1244.0,cluster_12013799525_12013799526_2496228894,0,2,15
1244.0,cluster_12013799527_12013799528_2190601967,0,0,15
1245.0,2496228891,0,0,15
1245.0,cluster_12013799525_12013799526_2496228894,0,2,15
1245.0,cluster_12013799527_12013799528_2190601967,0,0,15
1246.0,2496228891,0,0,15
1246.0,cluster_12013799525_12013799526_2496228894,0,2,15
1246.0,cluster_12013799527_12013799528_2190601967,0,0,15
1246.0,cluster_12013799529_12013799530_473195061,0,0,15
1247.0,2496228891,0,0,15
1247.0,cluster_12013799525_12013799526_2496228894,0,2,15
1247.0,cluster_12013799529_12013799530_473195061,0,0,15
1248.0,2496228891,1,0,15
1248.0,cluster_12013799529_12013799530_473195061,1,0,15
1249.0,2496228891,1,0,15
1249.0,cluster_12013799529_12013799530_473195061,1,0,15
1250.0,2496228891,1,0,15
1250.0,cluster_12013799527_12013799528_2190601967,1,2,15
1250.0,cluster_12013799529_12013799530_473195061,1,0,15
1251.0,2496228891,1,0,15
1251.0,cluster_12013799525_12013799526_2496228894,1,0,15
1251.0,cluster_12013799527_12013799528_2190601967,1,2,15
1251.0,cluster_12013799529_12013799530_473195061,1,0,15
1252.0,2496228891,2,0,15
1252.0,cluster_12013799525_12013799526_2496228894,2,0,15
1252.0,cluster_12013799527_12013799528_2190601967,2,2,15
1252.0,cluster_12013799529_12013799530_473195061,2,0,15
1253.0,2496228891,2,0,15
1253.0,cluster_12013799525_12013799526_2496228894,2,0,15
1253.0,cluster_12013799527_12013799528_2190601967,2,2,15
1253.0,cluster_12013799529_12013799530_473195061,2,0,15
1254.0,2496228891,2,0,15
1254.0,cluster_12013799525_12013799526_2496228894,2,0,15
1254.0,cluster_12013799527_12013799528_2190601967,2,2,15
1254.0,cluster_12013799529_12013799530_473195061,2,0,15
1255.0,2496228891,2,0,15
1255.0,cluster_12013799525_12013799526_2496228894,2,0,15
1255.0,cluster_12013799527_12013799528_2190601967,2,2,15
1255.0,cluster_12013799529_12013799530_473195061,2,0,15
1256.0,2496228891,3,0,15
1256.0,cluster_12013799525_12013799526_2496228894,3,0,15
1256.0,cluster_12013799527_12013799528_2190601967,3,2,15
1256.0,cluster_12013799529_12013799530_473195061,3,0,15
1257.0,2496228891,3,0,15
1257.0,cluster_12013799525_12013799526_2496228894,3,0,15
1257.0,cluster_12013799527_12013799528_2190601967,3,2,15
1257.0,cluster_12013799529_12013799530_473195061,3,0,15
1258.0,2496228891,3,0,15
1258.0,cluster_12013799525_12013799526_2496228894,2,0,15
1258.0,cluster_12013799527_12013799528_2190601967,2,2,15
1258.0,cluster_12013799529_12013799530_473195061,3,0,15
1259.0,2496228891,3,0,15
1259.0,cluster_12013799525_12013799526_2496228894,2,0,15
1259.0,cluster_12013799527_12013799528_2190601967,2,2,15
1259.0,cluster_12013799529_12013799530_473195061,3,0,15
1260.0,2496228891,4,0,23
1260.0,cluster_12013799525_12013799526_2496228894,3,0,15
1260.0,cluster_12013799527_12013799528_2190601967,3,2,15
1260.0,cluster_12013799529_12013799530_473195061,4,0,21
1261.0,cluster_12013799525_12013799526_2496228894,2,0,15
1261.0,cluster_12013799527_12013799528_2190601967,3,2,15
1261.0,cluster_12013799529_12013799530_473195061,4,0,21
1262.0,cluster_12013799525_12013799526_2496228894,2,0,15
1262.0,cluster_12013799527_12013799528_2190601967,3,2,15
1263.0,cluster_12013799525_12013799526_2496228894,2,0,15
1263.0,cluster_12013799527_12013799528_2190601967,4,2,23
1264.0,2496228891,2,2,15
1264.0,cluster_12013799525_12013799526_2496228894,2,0,15
1264.0,cluster_12013799527_12013799528_2190601967,4,2,21
1265.0,2496228891,2,2,15
1265.0,cluster_12013799525_12013799526_2496228894,2,0,15
1265.0,cluster_12013799527_12013799528_2190601967,4,2,21
1265.0,cluster_12013799529_12013799530_473195061,5,2,21
1266.0,2496228891,2,2,15
1266.0,cluster_12013799525_12013799526_2496228894,1,0,15
1266.0,cluster_12013799529_12013799530_473195061,5,2,21
1267.0,2496228891,2,2,15
1267.0,cluster_12013799529_12013799530_473195061,5,2,21
1268.0,2496228891,2,2,15
1268.0,cluster_12013799529_12013799530_473195061,6,2,23
1269.0,2496228891,1,2,15
1269.0,cluster_12013799527_12013799528_2190601967,5,0,21
1269.0,cluster_12013799529_12013799530_473195061,5,2,21
1270.0,2496228891,1,2,15
1270.0,cluster_12013799525_12013799526_2496228894,3,2,15
1270.0,cluster_12013799527_12013799528_2190601967,5,0,21
1270.0,cluster_12013799529_12013799530_473195061,5,2,21
1271.0,2496228891,1,2,15
1271.0,cluster_12013799525_12013799526_2496228894,3,2,15
1271.0,cluster_12013799527_12013799528_2190601967,5,0,21
1271.0,cluster_12013799529_12013799530_473195061,5,2,21
1272.0,2496228891,0,2,15
1272.0,cluster_12013799525_12013799526_2496228894,2,2,15
1272.0,cluster_12013799527_12013799528_2190601967,6,0,23
1272.0,cluster_12013799529_12013799530_473195061,6,2,21
1273.0,2496228891,0,2,15
1273.0,cluster_12013799525_12013799526_2496228894,3,2,15
1273.0,cluster_12013799527_12013799528_2190601967,5,0,21
1273.0,cluster_12013799529_12013799530_473195061,5,2,21
1274.0,2496228891,0,2,15
1274.0,cluster_12013799525_12013799526_2496228894,3,2,15
1274.0,cluster_12013799527_12013799528_2190601967,5,0,21
1274.0,cluster_12013799529_12013799530_473195061,5,2,21
1275.0,2496228891,0,2,15
1275.0,cluster_12013799525_12013799526_2496228894,3,2,15
1275.0,cluster_12013799527_12013799528_2190601967,5,0,21
1275.0,cluster_12013799529_12013799530_473195061,5,2,21
1276.0,2496228891,0,2,15
1276.0,cluster_12013799525_12013799526_2496228894,3,2,15
1276.0,cluster_12013799527_12013799528_2190601967,4,0,21
1276.0,cluster_12013799529_12013799530_473195061,4,2,21
1277.0,2496228891,0,2,15
1277.0,cluster_12013799525_12013799526_2496228894,2,2,15
1277.0,cluster_12013799527_12013799528_2190601967,4,0,21
1277.0,cluster_12013799529_12013799530_473195061,5,2,23
1278.0,2496228891,0,2,15
1278.0,cluster_12013799525_12013799526_2496228894,2,2,15
1278.0,cluster_12013799527_12013799528_2190601967,4,0,21
1278.0,cluster_12013799529_12013799530_473195061,5,2,21
1279.0,2496228891,0,2,15
1279.0,cluster_12013799525_12013799526_2496228894,2,2,15
1279.0,cluster_12013799527_12013799528_2190601967,3,0,15
1279.0,cluster_12013799529_12013799530_473195061,5,2,23
1280.0,cluster_12013799525_12013799526_2496228894,2,2,15
1280.0,cluster_12013799527_12013799528_2190601967,3,0,15
1280.0,cluster_12013799529_12013799530_473195061,5,2,21
1281.0,cluster_12013799525_12013799526_2496228894,1,2,15
1281.0,cluster_12013799527_12013799528_2190601967,2,0,15
1281.0,cluster_12013799529_12013799530_473195061,5,2,23
1282.0,cluster_12013799525_12013799526_2496228894,1,2,15
1282.0,cluster_12013799527_12013799528_2190601967,2,0,15
1282.0,cluster_12013799529_12013799530_473195061,5,2,21
1283.0,2496228891,5,0,21
1283.0,cluster_12013799525_12013799526_2496228894,0,2,15
1283.0,cluster_12013799527_12013799528_2190601967,2,0,15
1283.0,cluster_12013799529_12013799530_473195061,6,2,23
1284.0,2496228891,5,0,21
1284.0,cluster_12013799525_12013799526_2496228894,0,2,15
1284.0,cluster_12013799527_12013799528_2190601967,1,0,15
1284.0,cluster_12013799529_12013799530_473195061,5,2,21
1285.0,2496228891,5,0,21
1285.0,cluster_12013799525_12013799526_2496228894,0,2,15
1285.0,cluster_12013799527_12013799528_2190601967,1,0,15
1285.0,cluster_12013799529_12013799530_473195061,5,2,21
1286.0,2496228891,5,0,21
1286.0,cluster_12013799527_12013799528_2190601967,1,0,15
1286.0,cluster_12013799529_12013799530_473195061,6,2,23
1287.0,2496228891,5,0,21
1287.0,cluster_12013799527_12013799528_2190601967,1,0,15
1288.0,2496228891,5,0,21
1288.0,cluster_12013799527_12013799528_2190601967,1,0,15
1289.0,2496228891,5,0,21
1289.0,cluster_12013799525_12013799526_2496228894,1,0,15
1289.0,cluster_12013799527_12013799528_2190601967,0,0,15
1290.0,2496228891,4,0,21
1290.0,cluster_12013799525_12013799526_2496228894,0,0,15
1290.0,cluster_12013799527_12013799528_2190601967,0,0,15
1290.0,cluster_12013799529_12013799530_473195061,4,0,21
1291.0,2496228891,4,0,21
1291.0,cluster_12013799525_12013799526_2496228894,0,0,15
1291.0,cluster_12013799529_12013799530_473195061,4,0,21
1292.0,2496228891,4,0,21
1292.0,cluster_12013799525_12013799526_2496228894,0,0,15
1292.0,cluster_12013799529_12013799530_473195061,4,0,21
1293.0,2496228891,4,0,21
1293.0,cluster_12013799525_12013799526_2496228894,0,0,15
1293.0,cluster_12013799529_12013799530_473195061,4,0,21
1294.0,2496228891,4,0,21
1294.0,cluster_12013799525_12013799526_2496228894,0,0,15
1294.0,cluster_12013799527_12013799528_2190601967,5,2,21
1294.0,cluster_12013799529_12013799530_473195061,4,0,21
1295.0,2496228891,5,0,23
1295.0,cluster_12013799525_12013799526_2496228894,0,0,15
1295.0,cluster_12013799527_12013799528_2190601967,4,2,23
1295.0,cluster_12013799529_12013799530_473195061,3,0,15
1296.0,2496228891,5,0,21
1296.0,cluster_12013799525_12013799526_2496228894,0,0,15
1296.0,cluster_12013799527_12013799528_2190601967,4,2,21
1296.0,cluster_12013799529_12013799530_473195061,3,0,15
1297.0,2496228891,4,0,21
1297.0,cluster_12013799525_12013799526_2496228894,0,0,15
1297.0,cluster_12013799527_12013799528_2190601967,4,2,21
1297.0,cluster_12013799529_12013799530_473195061,2,0,15
1298.0,2496228891,6,0,23
1298.0,cluster_12013799525_12013799526_2496228894,0,0,15
1298.0,cluster_12013799527_12013799528_2190601967,2,2,15
1298.0,cluster_12013799529_12013799530_473195061,2,0,15
1299.0,2496228891,6,0,21
1299.0,cluster_12013799525_12013799526_2496228894,0,0,15
1299.0,cluster_12013799527_12013799528_2190601967,2,2,15
1299.0,cluster_12013799529_12013799530_473195061,2,0,15
1300.0,2496228891,3,0,15
1300.0,cluster_12013799525_12013799526_2496228894,0,0,15
1300.0,cluster_12013799527_12013799528_2190601967,2,2,15
1300.0,cluster_12013799529_12013799530_473195061,1,0,15
1301.0,2496228891,3,0,15
1301.0,cluster_12013799525_12013799526_2496228894,0,0,15
1301.0,cluster_12013799527_12013799528_2190601967,1,2,15
1301.0,cluster_12013799529_12013799530_473195061,1,0,15
1302.0,2496228891,1,0,15
1302.0,cluster_12013799525_12013799526_2496228894,0,0,15
1302.0,cluster_12013799527_12013799528_2190601967,1,2,15
1302.0,cluster_12013799529_12013799530_473195061,0,0,15
1303.0,2496228891,1,0,15
1303.0,cluster_12013799525_12013799526_2496228894,0,0,15
1303.0,cluster_12013799527_12013799528_2190601967,1,2,15
1303.0,cluster_12013799529_12013799530_473195061,0,0,15
1304.0,2496228891,2,0,15
1304.0,cluster_12013799525_12013799526_2496228894,0,0,15
1304.0,cluster_12013799527_12013799528_2190601967,1,2,15
1304.0,cluster_12013799529_12013799530_473195061,0,0,15
1305.0,cluster_12013799527_12013799528_2190601967,1,2,15
1305.0,cluster_12013799529_12013799530_473195061,0,0,15
1306.0,cluster_12013799527_12013799528_2190601967,0,2,15
1306.0,cluster_12013799529_12013799530_473195061,0,0,15
1307.0,cluster_12013799527_12013799528_2190601967,0,2,15
1307.0,cluster_12013799529_12013799530_473195061,0,0,15
1308.0,2496228891,0,2,15
1308.0,cluster_12013799525_12013799526_2496228894,0,2,15
1308.0,cluster_12013799527_12013799528_2190601967,0,2,15
1308.0,cluster_12013799529_12013799530_473195061,0,0,15
1309.0,2496228891,0,2,15
1309.0,cluster_12013799525_12013799526_2496228894,0,2,15
1309.0,cluster_12013799527_12013799528_2190601967,0,2,15
1309.0,cluster_12013799529_12013799530_473195061,0,0,15
1310.0,2496228891,0,2,15
1310.0,cluster_12013799525_12013799526_2496228894,0,2,15
1310.0,cluster_12013799527_12013799528_2190601967,0,2,15
1310.0,cluster_12013799529_12013799530_473195061,0,0,15
1311.0,2496228891,0,2,15
1311.0,cluster_12013799525_12013799526_2496228894,0,2,15
1311.0,cluster_12013799527_12013799528_2190601967,0,2,15
1311.0,cluster_12013799529_12013799530_473195061,0,0,15
1312.0,2496228891,0,2,15
1312.0,cluster_12013799525_12013799526_2496228894,0,2,15
1312.0,cluster_12013799527_12013799528_2190601967,0,2,15
1313.0,2496228891,0,2,15
1313.0,cluster_12013799525_12013799526_2496228894,0,2,15
1313.0,cluster_12013799527_12013799528_2190601967,0,2,15
1314.0,2496228891,0,2,15
1314.0,cluster_12013799525_12013799526_2496228894,0,2,15
1314.0,cluster_12013799527_12013799528_2190601967,0,2,15
1315.0,2496228891,0,2,15
1315.0,cluster_12013799525_12013799526_2496228894,0,2,15
1315.0,cluster_12013799527_12013799528_2190601967,0,2,15
1315.0,cluster_12013799529_12013799530_473195061,7,2,21
1316.0,2496228891,0,2,15
1316.0,cluster_12013799525_12013799526_2496228894,0,2,15
1316.0,cluster_12013799529_12013799530_473195061,6,2,21
1317.0,2496228891,0,2,15
1317.0,cluster_12013799525_12013799526_2496228894,0,2,15
1317.0,cluster_12013799529_12013799530_473195061,6,2,21
1318.0,2496228891,0,2,15
1318.0,cluster_12013799525_12013799526_2496228894,0,2,15
1318.0,cluster_12013799529_12013799530_473195061,6,2,21
1319.0,2496228891,0,2,15
1319.0,cluster_12013799525_12013799526_2496228894,0,2,15
1319.0,cluster_12013799527_12013799528_2190601967,0,0,15
1319.0,cluster_12013799529_12013799530_473195061,5,2,21
1320.0,2496228891,0,2,15
1320.0,cluster_12013799525_12013799526_2496228894,0,2,15
1320.0,cluster_12013799527_12013799528_2190601967,0,0,15
1320.0,cluster_12013799529_12013799530_473195061,5,2,21
1321.0,2496228891,0,2,15
1321.0,cluster_12013799525_12013799526_2496228894,0,2,15
1321.0,cluster_12013799527_12013799528_2190601967,0,0,15
1321.0,cluster_12013799529_12013799530_473195061,5,2,21
1322.0,2496228891,0,2,15
1322.0,cluster_12013799525_12013799526_2496228894,0,2,15
1322.0,cluster_12013799527_12013799528_2190601967,0,0,15
1322.0,cluster_12013799529_12013799530_473195061,3,2,15
1323.0,2496228891,0,2,15
1323.0,cluster_12013799525_12013799526_2496228894,0,2,15
1323.0,cluster_12013799527_12013799528_2190601967,0,0,15
1323.0,cluster_12013799529_12013799530_473195061,3,2,15
1324.0,cluster_12013799527_12013799528_2190601967,0,0,15
1324.0,cluster_12013799529_12013799530_473195061,3,2,15
1325.0,cluster_12013799527_12013799528_2190601967,0,0,15
1325.0,cluster_12013799529_12013799530_473195061,2,2,15
1326.0,cluster_12013799527_12013799528_2190601967,0,0,15
1326.0,cluster_12013799529_12013799530_473195061,2,2,15
1327.0,2496228891,3,0,15
1327.0,cluster_12013799525_12013799526_2496228894,0,0,15
1327.0,cluster_12013799527_12013799528_2190601967,0,0,15
1327.0,cluster_12013799529_12013799530_473195061,1,2,15
1328.0,2496228891,3,0,15
1328.0,cluster_12013799525_12013799526_2496228894,0,0,15
1328.0,cluster_12013799527_12013799528_2190601967,0,0,15
1328.0,cluster_12013799529_12013799530_473195061,1,2,15
1329.0,2496228891,6,0,23
1329.0,cluster_12013799525_12013799526_2496228894,0,0,15
1329.0,cluster_12013799527_12013799528_2190601967,0,0,15
1329.0,cluster_12013799529_12013799530_473195061,0,2,15
1330.0,2496228891,7,0,23
1330.0,cluster_12013799525_12013799526_2496228894,0,0,15
1330.0,cluster_12013799527_12013799528_2190601967,0,0,15
1330.0,cluster_12013799529_12013799530_473195061,0,2,15
1331.0,2496228891,6,0,23
1331.0,cluster_12013799525_12013799526_2496228894,0,0,15
1331.0,cluster_12013799527_12013799528_2190601967,0,0,15
1331.0,cluster_12013799529_12013799530_473195061,0,2,15
1332.0,2496228891,5,0,21
1332.0,cluster_12013799525_12013799526_2496228894,0,0,15
1332.0,cluster_12013799527_12013799528_2190601967,0,0,15
1332.0,cluster_12013799529_12013799530_473195061,0,2,15
1333.0,2496228891,5,0,23
1333.0,cluster_12013799525_12013799526_2496228894,0,0,15
1333.0,cluster_12013799527_12013799528_2190601967,0,0,15
1333.0,cluster_12013799529_12013799530_473195061,0,2,15
1334.0,2496228891,2,0,15
1334.0,cluster_12013799525_12013799526_2496228894,0,0,15
1334.0,cluster_12013799527_12013799528_2190601967,0,0,15
1334.0,cluster_12013799529_12013799530_473195061,0,2,15
1335.0,2496228891,3,0,15
1335.0,cluster_12013799525_12013799526_2496228894,0,0,15
1335.0,cluster_12013799529_12013799530_473195061,0,2,15
1336.0,2496228891,4,0,23
1336.0,cluster_12013799525_12013799526_2496228894,0,0,15
1336.0,cluster_12013799529_12013799530_473195061,0,2,15
1337.0,2496228891,3,0,15
1337.0,cluster_12013799525_12013799526_2496228894,0,0,15
1338.0,2496228891,3,0,15
1338.0,cluster_12013799525_12013799526_2496228894,0,0,15
1338.0,cluster_12013799527_12013799528_2190601967,0,2,15
1339.0,2496228891,2,0,15
1339.0,cluster_12013799525_12013799526_2496228894,0,0,15
1339.0,cluster_12013799527_12013799528_2190601967,0,2,15
1340.0,2496228891,2,0,15
1340.0,cluster_12013799525_12013799526_2496228894,0,0,15
1340.0,cluster_12013799527_12013799528_2190601967,0,2,15
1340.0,cluster_12013799529_12013799530_473195061,0,0,15
1341.0,2496228891,1,0,15
1341.0,cluster_12013799525_12013799526_2496228894,0,0,15
1341.0,cluster_12013799527_12013799528_2190601967,0,2,15
1341.0,cluster_12013799529_12013799530_473195061,0,0,15
1342.0,2496228891,0,0,15
1342.0,cluster_12013799525_12013799526_2496228894,0,0,15
1342.0,cluster_12013799527_12013799528_2190601967,0,2,15
1342.0,cluster_12013799529_12013799530_473195061,0,0,15
1343.0,cluster_12013799527_12013799528_2190601967,0,2,15
1343.0,cluster_12013799529_12013799530_473195061,0,0,15
1344.0,cluster_12013799527_12013799528_2190601967,0,2,15
1344.0,cluster_12013799529_12013799530_473195061,0,0,15
1345.0,cluster_12013799527_12013799528_2190601967,0,2,15
1345.0,cluster_12013799529_12013799530_473195061,0,0,15
1346.0,2496228891,0,2,15
1346.0,cluster_12013799525_12013799526_2496228894,3,2,15
1346.0,cluster_12013799527_12013799528_2190601967,0,2,15
1346.0,cluster_12013799529_12013799530_473195061,0,0,15
1347.0,2496228891,0,2,15
1347.0,cluster_12013799525_12013799526_2496228894,3,2,15
1347.0,cluster_12013799527_12013799528_2190601967,0,2,15
1347.0,cluster_12013799529_12013799530_473195061,0,0,15
1348.0,2496228891,0,2,15
1348.0,cluster_12013799525_12013799526_2496228894,3,2,15
1348.0,cluster_12013799527_12013799528_2190601967,1,2,15
1348.0,cluster_12013799529_12013799530_473195061,0,0,15
1349.0,2496228891,0,2,15
1349.0,cluster_12013799525_12013799526_2496228894,3,2,15
1349.0,cluster_12013799527_12013799528_2190601967,1,2,15
1349.0,cluster_12013799529_12013799530_473195061,0,0,15
1350.0,2496228891,0,2,15
1350.0,cluster_12013799525_12013799526_2496228894,2,2,15
1350.0,cluster_12013799527_12013799528_2190601967,1,2,15
1350.0,cluster_12013799529_12013799530_473195061,0,0,15
1351.0,2496228891,0,2,15
1351.0,cluster_12013799525_12013799526_2496228894,2,2,15
1351.0,cluster_12013799527_12013799528_2190601967,1,2,15
1351.0,cluster_12013799529_12013799530_473195061,0,0,15
1352.0,2496228891,0,2,15
1352.0,cluster_12013799525_12013799526_2496228894,1,2,15
1352.0,cluster_12013799527_12013799528_2190601967,1,2,15
1352.0,cluster_12013799529_12013799530_473195061,0,0,15
1353.0,2496228891,0,2,15
1353.0,cluster_12013799525_12013799526_2496228894,1,2,15
1353.0,cluster_12013799527_12013799528_2190601967,1,2,15
1353.0,cluster_12013799529_12013799530_473195061,0,0,15
1354.0,2496228891,0,2,15
1354.0,cluster_12013799525_12013799526_2496228894,0,2,15
1354.0,cluster_12013799529_12013799530_473195061,0,0,15
1355.0,2496228891,0,2,15
1355.0,cluster_12013799525_12013799526_2496228894,0,2,15
1355.0,cluster_12013799529_12013799530_473195061,0,0,15
1356.0,2496228891,0,2,15
1356.0,cluster_12013799525_12013799526_2496228894,0,2,15
1357.0,2496228891,0,2,15
1357.0,cluster_12013799525_12013799526_2496228894,0,2,15
1357.0,cluster_12013799527_12013799528_2190601967,0,0,15
1358.0,2496228891,0,2,15
1358.0,cluster_12013799525_12013799526_2496228894,0,2,15
1358.0,cluster_12013799527_12013799528_2190601967,0,0,15
1359.0,2496228891,0,2,15
1359.0,cluster_12013799525_12013799526_2496228894,0,2,15
1359.0,cluster_12013799527_12013799528_2190601967,0,0,15
1359.0,cluster_12013799529_12013799530_473195061,0,2,15
1360.0,2496228891,0,2,15
1360.0,cluster_12013799525_12013799526_2496228894,0,2,15
1360.0,cluster_12013799527_12013799528_2190601967,0,0,15
1360.0,cluster_12013799529_12013799530_473195061,0,2,15
1361.0,2496228891,0,2,15
1361.0,cluster_12013799525_12013799526_2496228894,0,2,15
1361.0,cluster_12013799527_12013799528_2190601967,0,0,15
1361.0,cluster_12013799529_12013799530_473195061,0,2,15
1362.0,cluster_12013799527_12013799528_2190601967,0,0,15
1362.0,cluster_12013799529_12013799530_473195061,0,2,15
1363.0,cluster_12013799527_12013799528_2190601967,0,0,15
1363.0,cluster_12013799529_12013799530_473195061,0,2,15
1364.0,cluster_12013799527_12013799528_2190601967,0,0,15
1364.0,cluster_12013799529_12013799530_473195061,0,2,15
1365.0,2496228891,0,0,15
1365.0,cluster_12013799525_12013799526_2496228894,0,0,15
1365.0,cluster_12013799527_12013799528_2190601967,0,0,15
1365.0,cluster_12013799529_12013799530_473195061,0,2,15
1366.0,2496228891,0,0,15
1366.0,cluster_12013799525_12013799526_2496228894,0,0,15
1366.0,cluster_12013799527_12013799528_2190601967,0,0,15
1366.0,cluster_12013799529_12013799530_473195061,0,2,15
1367.0,2496228891,0,0,15
1367.0,cluster_12013799525_12013799526_2496228894,0,0,15
1367.0,cluster_12013799527_12013799528_2190601967,0,0,15
1367.0,cluster_12013799529_12013799530_473195061,0,2,15
1368.0,2496228891,0,0,15
1368.0,cluster_12013799525_12013799526_2496228894,0,0,15
1368.0,cluster_12013799527_12013799528_2190601967,0,0,15
1368.0,cluster_12013799529_12013799530_473195061,0,2,15
1369.0,2496228891,0,0,15
1369.0,cluster_12013799525_12013799526_2496228894,0,0,15
1369.0,cluster_12013799527_12013799528_2190601967,0,0,15
1369.0,cluster_12013799529_12013799530_473195061,0,2,15
1370.0,2496228891,0,0,15
1370.0,cluster_12013799525_12013799526_2496228894,0,0,15
1370.0,cluster_12013799527_12013799528_2190601967,0,0,15
1370.0,cluster_12013799529_12013799530_473195061,0,2,15
1371.0,2496228891,0,0,15
1371.0,cluster_12013799525_12013799526_2496228894,0,0,15
1371.0,cluster_12013799527_12013799528_2190601967,0,0,15
1371.0,cluster_12013799529_12013799530_473195061,0,2,15
1372.0,2496228891,0,0,15
1372.0,cluster_12013799525_12013799526_2496228894,0,0,15
1372.0,cluster_12013799527_12013799528_2190601967,0,0,15
1372.0,cluster_12013799529_12013799530_473195061,0,2,15
1373.0,2496228891,0,0,15
1373.0,cluster_12013799525_12013799526_2496228894,0,0,15
1373.0,cluster_12013799529_12013799530_473195061,0,2,15
1374.0,2496228891,0,0,15
1374.0,cluster_12013799525_12013799526_2496228894,0,0,15
1374.0,cluster_12013799529_12013799530_473195061,0,2,15
1375.0,2496228891,0,0,15
1375.0,cluster_12013799525_12013799526_2496228894,0,0,15
1376.0,2496228891,0,0,15
1376.0,cluster_12013799525_12013799526_2496228894,0,0,15
1376.0,cluster_12013799527_12013799528_2190601967,1,2,15
1377.0,2496228891,0,0,15
1377.0,cluster_12013799525_12013799526_2496228894,0,0,15
1377.0,cluster_12013799527_12013799528_2190601967,0,2,15
1378.0,2496228891,0,0,15
1378.0,cluster_12013799525_12013799526_2496228894,0,0,15
1378.0,cluster_12013799527_12013799528_2190601967,0,2,15
1378.0,cluster_12013799529_12013799530_473195061,0,0,15
1379.0,2496228891,0,0,15
1379.0,cluster_12013799525_12013799526_2496228894,0,0,15
1379.0,cluster_12013799527_12013799528_2190601967,0,2,15
1379.0,cluster_12013799529_12013799530_473195061,0,0,15
1380.0,2496228891,0,0,15
1380.0,cluster_12013799525_12013799526_2496228894,0,0,15
1380.0,cluster_12013799527_12013799528_2190601967,0,2,15
1380.0,cluster_12013799529_12013799530_473195061,0,0,15
1381.0,cluster_12013799527_12013799528_2190601967,0,2,15
1381.0,cluster_12013799529_12013799530_473195061,0,0,15
1382.0,cluster_12013799527_12013799528_2190601967,0,2,15
1382.0,cluster_12013799529_12013799530_473195061,0,0,15
1383.0,cluster_12013799527_12013799528_2190601967,0,2,15
1383.0,cluster_12013799529_12013799530_473195061,0,0,15
1384.0,2496228891,0,2,15
1384.0,cluster_12013799525_12013799526_2496228894,0,2,15
1384.0,cluster_12013799527_12013799528_2190601967,0,2,15
1384.0,cluster_12013799529_12013799530_473195061,0,0,15
1385.0,2496228891,0,2,15
1385.0,cluster_12013799525_12013799526_2496228894,0,2,15
1385.0,cluster_12013799527_12013799528_2190601967,0,2,15
1385.0,cluster_12013799529_12013799530_473195061,0,0,15
1386.0,2496228891,1,2,15
1386.0,cluster_12013799525_12013799526_2496228894,1,2,15
1386.0,cluster_12013799527_12013799528_2190601967,1,2,15
1386.0,cluster_12013799529_12013799530_473195061,1,0,15
1387.0,2496228891,1,2,15
1387.0,cluster_12013799525_12013799526_2496228894,1,2,15
1387.0,cluster_12013799527_12013799528_2190601967,1,2,15
1387.0,cluster_12013799529_12013799530_473195061,1,0,15
1388.0,2496228891,1,2,15
1388.0,cluster_12013799525_12013799526_2496228894,1,2,15
1388.0,cluster_12013799527_12013799528_2190601967,1,2,15
1388.0,cluster_12013799529_12013799530_473195061,1,0,15
1389.0,2496228891,1,2,15
1389.0,cluster_12013799525_12013799526_2496228894,1,2,15
1389.0,cluster_12013799527_12013799528_2190601967,1,2,15
1389.0,cluster_12013799529_12013799530_473195061,1,0,15
1390.0,2496228891,2,2,15
1390.0,cluster_12013799525_12013799526_2496228894,2,2,15
1390.0,cluster_12013799527_12013799528_2190601967,2,2,15
1390.0,cluster_12013799529_12013799530_473195061,2,0,15
1391.0,2496228891,2,2,15
1391.0,cluster_12013799525_12013799526_2496228894,2,2,15
1391.0,cluster_12013799527_12013799528_2190601967,2,2,15
1391.0,cluster_12013799529_12013799530_473195061,2,0,15
1392.0,2496228891,2,2,15
1392.0,cluster_12013799525_12013799526_2496228894,2,2,15
1392.0,cluster_12013799529_12013799530_473195061,2,0,15
1393.0,2496228891,2,2,15
1393.0,cluster_12013799525_12013799526_2496228894,2,2,15
1393.0,cluster_12013799529_12013799530_473195061,2,0,15
1394.0,2496228891,2,2,15
1394.0,cluster_12013799525_12013799526_2496228894,2,2,15
1395.0,2496228891,3,2,15
1395.0,cluster_12013799525_12013799526_2496228894,3,2,15
1395.0,cluster_12013799527_12013799528_2190601967,3,0,15
1396.0,2496228891,3,2,15
1396.0,cluster_12013799525_12013799526_2496228894,3,2,15
1396.0,cluster_12013799527_12013799528_2190601967,3,0,15
1397.0,2496228891,3,2,15
1397.0,cluster_12013799525_12013799526_2496228894,3,2,15
1397.0,cluster_12013799527_12013799528_2190601967,3,0,15
1397.0,cluster_12013799529_12013799530_473195061,3,2,15
1398.0,2496228891,2,2,15
1398.0,cluster_12013799525_12013799526_2496228894,2,2,15
1398.0,cluster_12013799527_12013799528_2190601967,4,0,23
1398.0,cluster_12013799529_12013799530_473195061,4,2,21
1399.0,2496228891,3,2,15
1399.0,cluster_12013799525_12013799526_2496228894,3,2,15
1399.0,cluster_12013799527_12013799528_2190601967,4,0,21
1399.0,cluster_12013799529_12013799530_473195061,4,2,21
1400.0,cluster_12013799527_12013799528_2190601967,4,0,21
1400.0,cluster_12013799529_12013799530_473195061,4,2,21
1401.0,cluster_12013799527_12013799528_2190601967,4,0,21
1401.0,cluster_12013799529_12013799530_473195061,4,2,21
1402.0,cluster_12013799527_12013799528_2190601967,4,0,21
1402.0,cluster_12013799529_12013799530_473195061,4,2,21
1403.0,2496228891,5,0,22
1403.0,cluster_12013799525_12013799526_2496228894,3,0,15
1403.0,cluster_12013799527_12013799528_2190601967,4,0,21
1403.0,cluster_12013799529_12013799530_473195061,4,2,21
1404.0,2496228891,5,0,21
1404.0,cluster_12013799525_12013799526_2496228894,3,0,15
1404.0,cluster_12013799527_12013799528_2190601967,4,0,21
1404.0,cluster_12013799529_12013799530_473195061,4,2,21
1405.0,2496228891,5,0,21
1405.0,cluster_12013799525_12013799526_2496228894,3,0,15
1405.0,cluster_12013799527_12013799528_2190601967,4,0,21
1405.0,cluster_12013799529_12013799530_473195061,4,2,21
1406.0,2496228891,5,0,21
1406.0,cluster_12013799525_12013799526_2496228894,3,0,15
1406.0,cluster_12013799527_12013799528_2190601967,5,0,23
1406.0,cluster_12013799529_12013799530_473195061,5,2,21
1407.0,2496228891,5,0,21
1407.0,cluster_12013799525_12013799526_2496228894,2,0,15
1407.0,cluster_12013799527_12013799528_2190601967,4,0,21
1407.0,cluster_12013799529_12013799530_473195061,4,2,21
1408.0,2496228891,5,0,21
1408.0,cluster_12013799525_12013799526_2496228894,2,0,15
1408.0,cluster_12013799527_12013799528_2190601967,4,0,21
1408.0,cluster_12013799529_12013799530_473195061,4,2,21
1409.0,2496228891,5,0,21
1409.0,cluster_12013799525_12013799526_2496228894,2,0,15
1409.0,cluster_12013799527_12013799528_2190601967,4,0,21
1409.0,cluster_12013799529_12013799530_473195061,4,2,21
1410.0,2496228891,5,0,21
1410.0,cluster_12013799525_12013799526_2496228894,1,0,15
1410.0,cluster_12013799527_12013799528_2190601967,5,0,23
1410.0,cluster_12013799529_12013799530_473195061,6,2,23
1411.0,2496228891,5,0,21
1411.0,cluster_12013799525_12013799526_2496228894,1,0,15
1411.0,cluster_12013799529_12013799530_473195061,5,2,21
1412.0,2496228891,5,0,21
1412.0,cluster_12013799525_12013799526_2496228894,0,0,15
1412.0,cluster_12013799529_12013799530_473195061,5,2,21
1413.0,2496228891,5,0,21
1413.0,cluster_12013799525_12013799526_2496228894,0,0,15
1414.0,2496228891,5,0,21
1414.0,cluster_12013799525_12013799526_2496228894,0,0,15
1414.0,cluster_12013799527_12013799528_2190601967,3,2,15
1415.0,2496228891,5,0,21
1415.0,cluster_12013799525_12013799526_2496228894,0,0,15
1415.0,cluster_12013799527_12013799528_2190601967,4,2,23
1416.0,2496228891,4,0,21
1416.0,cluster_12013799525_12013799526_2496228894,0,0,15
1416.0,cluster_12013799527_12013799528_2190601967,4,2,21
1416.0,cluster_12013799529_12013799530_473195061,4,0,21
1417.0,2496228891,4,0,21
1417.0,cluster_12013799525_12013799526_2496228894,0,0,15
1417.0,cluster_12013799527_12013799528_2190601967,3,2,15
1417.0,cluster_12013799529_12013799530_473195061,4,0,21
1418.0,2496228891,4,0,21
1418.0,cluster_12013799525_12013799526_2496228894,0,0,15
1418.0,cluster_12013799527_12013799528_2190601967,3,2,15
1418.0,cluster_12013799529_12013799530_473195061,4,0,21
1419.0,2496228891,4,0,21
1419.0,cluster_12013799527_12013799528_2190601967,2,2,15
1419.0,cluster_12013799529_12013799530_473195061,4,0,21
1420.0,2496228891,4,0,21
1420.0,cluster_12013799527_12013799528_2190601967,3,2,15
1420.0,cluster_12013799529_12013799530_473195061,4,0,21
1421.0,2496228891,5,0,23
1421.0,cluster_12013799527_12013799528_2190601967,2,2,15
1421.0,cluster_12013799529_12013799530_473195061,3,0,15
1422.0,2496228891,5,0,21
1422.0,cluster_12013799525_12013799526_2496228894,3,2,15
1422.0,cluster_12013799527_12013799528_2190601967,3,2,15
1422.0,cluster_12013799529_12013799530_473195061,3,0,15
1423.0,2496228891,5,0,21
1423.0,cluster_12013799525_12013799526_2496228894,3,2,15
1423.0,cluster_12013799527_12013799528_2190601967,2,2,15
1423.0,cluster_12013799529_12013799530_473195061,3,0,15
1424.0,2496228891,6,0,23
1424.0,cluster_12013799525_12013799526_2496228894,3,2,15
1424.0,cluster_12013799527_12013799528_2190601967,2,2,15
1424.0,cluster_12013799529_12013799530_473195061,2,0,15
1425.0,2496228891,6,0,21
1425.0,cluster_12013799525_12013799526_2496228894,3,2,15
1425.0,cluster_12013799527_12013799528_2190601967,1,2,15
1425.0,cluster_12013799529_12013799530_473195061,2,0,15
1426.0,cluster_12013799525_12013799526_2496228894,3,2,15
1426.0,cluster_12013799527_12013799528_2190601967,1,2,15
1426.0,cluster_12013799529_12013799530_473195061,1,0,15
1427.0,cluster_12013799525_12013799526_2496228894,3,2,15
1427.0,cluster_12013799527_12013799528_2190601967,0,2,15
1427.0,cluster_12013799529_12013799530_473195061,1,0,15
1428.0,cluster_12013799525_12013799526_2496228894,3,2,15
1428.0,cluster_12013799527_12013799528_2190601967,0,2,15
1428.0,cluster_12013799529_12013799530_473195061,0,0,15
1429.0,2496228891,2,2,15
1429.0,cluster_12013799525_12013799526_2496228894,2,2,15
1429.0,cluster_12013799527_12013799528_2190601967,0,2,15
1429.0,cluster_12013799529_12013799530_473195061,0,0,15
1430.0,2496228891,2,2,15
1430.0,cluster_12013799525_12013799526_2496228894,2,2,15
1430.0,cluster_12013799529_12013799530_473195061,0,0,15
1431.0,2496228891,2,2,15
1431.0,cluster_12013799525_12013799526_2496228894,2,2,15
1431.0,cluster_12013799529_12013799530_473195061,0,0,15
1432.0,2496228891,2,2,15
1432.0,cluster_12013799525_12013799526_2496228894,2,2,15
1432.0,cluster_12013799529_12013799530_473195061,0,0,15
1433.0,2496228891,1,2,15
1433.0,cluster_12013799525_12013799526_2496228894,1,2,15
1433.0,cluster_12013799527_12013799528_2190601967,4,0,21
1433.0,cluster_12013799529_12013799530_473195061,0,0,15
1434.0,2496228891,1,2,15
1434.0,cluster_12013799525_12013799526_2496228894,2,2,15
1434.0,cluster_12013799527_12013799528_2190601967,3,0,15
1434.0,cluster_12013799529_12013799530_473195061,0,0,15
1435.0,2496228891,1,2,15
1435.0,cluster_12013799525_12013799526_2496228894,2,2,15
1435.0,cluster_12013799527_12013799528_2190601967,3,0,15
1435.0,cluster_12013799529_12013799530_473195061,0,0,15
1436.0,2496228891,0,2,15
1436.0,cluster_12013799525_12013799526_2496228894,2,2,15
1436.0,cluster_12013799527_12013799528_2190601967,3,0,15
1436.0,cluster_12013799529_12013799530_473195061,0,0,15
1437.0,2496228891,0,2,15
1437.0,cluster_12013799525_12013799526_2496228894,2,2,15
1437.0,cluster_12013799527_12013799528_2190601967,2,0,15
1437.0,cluster_12013799529_12013799530_473195061,0,0,15
1438.0,2496228891,0,2,15
1438.0,cluster_12013799527_12013799528_2190601967,2,0,15
1439.0,2496228891,0,2,15
1439.0,cluster_12013799527_12013799528_2190601967,2,0,15
1440.0,2496228891,0,2,15
1440.0,cluster_12013799527_12013799528_2190601967,1,0,15
1441.0,2496228891,0,2,15
1441.0,cluster_12013799525_12013799526_2496228894,0,0,15
1441.0,cluster_12013799527_12013799528_2190601967,1,0,15
1441.0,cluster_12013799529_12013799530_473195061,7,2,21
1442.0,2496228891,0,2,15
1442.0,cluster_12013799525_12013799526_2496228894,0,0,15
1442.0,cluster_12013799527_12013799528_2190601967,1,0,15
1442.0,cluster_12013799529_12013799530_473195061,6,2,21
1443.0,2496228891,0,2,15
1443.0,cluster_12013799525_12013799526_2496228894,0,0,15
1443.0,cluster_12013799527_12013799528_2190601967,0,0,15
1443.0,cluster_12013799529_12013799530_473195061,6,2,23
1444.0,2496228891,0,2,15
1444.0,cluster_12013799525_12013799526_2496228894,0,0,15
1444.0,cluster_12013799527_12013799528_2190601967,0,0,15
1444.0,cluster_12013799529_12013799530_473195061,6,2,21
1445.0,cluster_12013799525_12013799526_2496228894,0,0,15
1445.0,cluster_12013799527_12013799528_2190601967,0,0,15
1445.0,cluster_12013799529_12013799530_473195061,5,2,21
1446.0,cluster_12013799525_12013799526_2496228894,0,0,15
1446.0,cluster_12013799527_12013799528_2190601967,0,0,15
1446.0,cluster_12013799529_12013799530_473195061,6,2,23
1447.0,cluster_12013799525_12013799526_2496228894,0,0,15
1447.0,cluster_12013799527_12013799528_2190601967,0,0,15
1447.0,cluster_12013799529_12013799530_473195061,6,2,21
1448.0,2496228891,4,0,21
1448.0,cluster_12013799525_12013799526_2496228894,0,0,15
1448.0,cluster_12013799527_12013799528_2190601967,0,0,15
1448.0,cluster_12013799529_12013799530_473195061,5,2,21
1449.0,2496228891,4,0,21
1449.0,cluster_12013799525_12013799526_2496228894,0,0,15
1449.0,cluster_12013799527_12013799528_2190601967,0,0,15
1449.0,cluster_12013799529_12013799530_473195061,5,2,21
1450.0,2496228891,2,0,15
1450.0,cluster_12013799525_12013799526_2496228894,0,0,15
1450.0,cluster_12013799527_12013799528_2190601967,0,0,15
1450.0,cluster_12013799529_12013799530_473195061,5,2,21
1451.0,2496228891,4,0,23
1451.0,cluster_12013799525_12013799526_2496228894,0,0,15
1451.0,cluster_12013799527_12013799528_2190601967,0,0,15
1451.0,cluster_12013799529_12013799530_473195061,4,2,21
1452.0,2496228891,4,0,23
1452.0,cluster_12013799525_12013799526_2496228894,0,0,15
1452.0,cluster_12013799527_12013799528_2190601967,0,0,15
1452.0,cluster_12013799529_12013799530_473195061,3,2,15
1453.0,2496228891,4,0,21
1453.0,cluster_12013799525_12013799526_2496228894,0,0,15
1453.0,cluster_12013799527_12013799528_2190601967,0,0,15
1453.0,cluster_12013799529_12013799530_473195061,2,2,15
1454.0,2496228891,4,0,23
1454.0,cluster_12013799525_12013799526_2496228894,0,0,15
1454.0,cluster_12013799527_12013799528_2190601967,0,0,15
1454.0,cluster_12013799529_12013799530_473195061,2,2,15
1455.0,2496228891,1,0,15
1455.0,cluster_12013799525_12013799526_2496228894,0,0,15
1455.0,cluster_12013799529_12013799530_473195061,1,2,15
1456.0,2496228891,2,0,15
1456.0,cluster_12013799525_12013799526_2496228894,0,0,15
1456.0,cluster_12013799529_12013799530_473195061,1,2,15
1457.0,2496228891,1,0,15
1457.0,cluster_12013799529_12013799530_473195061,0,2,15
1458.0,2496228891,2,0,15
1458.0,cluster_12013799527_12013799528_2190601967,0,2,15
1458.0,cluster_12013799529_12013799530_473195061,0,2,15
1459.0,2496228891,2,0,15
1459.0,cluster_12013799527_12013799528_2190601967,0,2,15
1459.0,cluster_12013799529_12013799530_473195061,0,2,15
1460.0,2496228891,3,0,15
1460.0,cluster_12013799525_12013799526_2496228894,6,2,21
1460.0,cluster_12013799527_12013799528_2190601967,0,2,15
1460.0,cluster_12013799529_12013799530_473195061,0,2,15
1461.0,2496228891,3,0,15
1461.0,cluster_12013799525_12013799526_2496228894,4,2,21
1461.0,cluster_12013799527_12013799528_2190601967,0,2,15
1461.0,cluster_12013799529_12013799530_473195061,0,2,15
1462.0,2496228891,4,0,23
1462.0,cluster_12013799525_12013799526_2496228894,4,2,21
1462.0,cluster_12013799527_12013799528_2190601967,0,2,15
1462.0,cluster_12013799529_12013799530_473195061,0,2,15
1463.0,2496228891,3,0,15
1463.0,cluster_12013799525_12013799526_2496228894,4,2,21
1463.0,cluster_12013799527_12013799528_2190601967,0,2,15
1464.0,2496228891,2,0,15
1464.0,cluster_12013799525_12013799526_2496228894,3,2,15
1464.0,cluster_12013799527_12013799528_2190601967,0,2,15
1465.0,2496228891,2,0,15
1465.0,cluster_12013799525_12013799526_2496228894,4,2,23
1465.0,cluster_12013799527_12013799528_2190601967,1,2,15
1466.0,2496228891,1,0,15
1466.0,cluster_12013799525_12013799526_2496228894,4,2,23
1466.0,cluster_12013799527_12013799528_2190601967,1,2,15
1466.0,cluster_12013799529_12013799530_473195061,0,0,15
1467.0,2496228891,0,0,15
1467.0,cluster_12013799525_12013799526_2496228894,3,2,15
1467.0,cluster_12013799527_12013799528_2190601967,2,2,15
1467.0,cluster_12013799529_12013799530_473195061,0,0,15
1468.0,2496228891,1,0,15
1468.0,cluster_12013799525_12013799526_2496228894,4,2,23
1468.0,cluster_12013799527_12013799528_2190601967,2,2,15
1468.0,cluster_12013799529_12013799530_473195061,0,0,15
1469.0,2496228891,0,0,15
1469.0,cluster_12013799525_12013799526_2496228894,4,2,21
1469.0,cluster_12013799527_12013799528_2190601967,2,2,15
1469.0,cluster_12013799529_12013799530_473195061,0,0,15
1470.0,cluster_12013799525_12013799526_2496228894,4,2,23
1470.0,cluster_12013799527_12013799528_2190601967,2,2,15
1470.0,cluster_12013799529_12013799530_473195061,0,0,15
1471.0,cluster_12013799525_12013799526_2496228894,3,2,15
1471.0,cluster_12013799527_12013799528_2190601967,1,2,15
1471.0,cluster_12013799529_12013799530_473195061,0,0,15
1472.0,cluster_12013799525_12013799526_2496228894,3,2,15
1472.0,cluster_12013799527_12013799528_2190601967,1,2,15
1472.0,cluster_12013799529_12013799530_473195061,0,0,15
1473.0,2496228891,0,2,15
1473.0,cluster_12013799525_12013799526_2496228894,3,2,15
1473.0,cluster_12013799527_12013799528_2190601967,2,2,15
1473.0,cluster_12013799529_12013799530_473195061,0,0,15
1474.0,2496228891,0,2,15
1474.0,cluster_12013799525_12013799526_2496228894,3,2,15
1474.0,cluster_12013799529_12013799530_473195061,0,0,15
1475.0,2496228891,0,2,15
1475.0,cluster_12013799525_12013799526_2496228894,3,2,15
1475.0,cluster_12013799529_12013799530_473195061,0,0,15
1476.0,2496228891,0,2,15
1476.0,cluster_12013799525_12013799526_2496228894,2,2,15
1476.0,cluster_12013799529_12013799530_473195061,0,0,15
1477.0,2496228891,0,2,15
1477.0,cluster_12013799525_12013799526_2496228894,2,2,15
1477.0,cluster_12013799527_12013799528_2190601967,0,0,15
1477.0,cluster_12013799529_12013799530_473195061,0,0,15
1478.0,2496228891,0,2,15
1478.0,cluster_12013799525_12013799526_2496228894,1,2,15
1478.0,cluster_12013799527_12013799528_2190601967,0,0,15
1478.0,cluster_12013799529_12013799530_473195061,0,0,15
1479.0,2496228891,0,2,15
1479.0,cluster_12013799525_12013799526_2496228894,0,2,15
1479.0,cluster_12013799527_12013799528_2190601967,0,0,15
1479.0,cluster_12013799529_12013799530_473195061,0,0,15
1480.0,2496228891,0,2,15
1480.0,cluster_12013799525_12013799526_2496228894,0,2,15
1480.0,cluster_12013799527_12013799528_2190601967,0,0,15
1480.0,cluster_12013799529_12013799530_473195061,0,0,15
1481.0,2496228891,0,2,15
1481.0,cluster_12013799525_12013799526_2496228894,0,2,15
1481.0,cluster_12013799527_12013799528_2190601967,0,0,15
1481.0,cluster_12013799529_12013799530_473195061,0,0,15
1482.0,2496228891,0,2,15
1482.0,cluster_12013799527_12013799528_2190601967,0,0,15
1483.0,2496228891,0,2,15
1483.0,cluster_12013799527_12013799528_2190601967,0,0,15
1484.0,2496228891,0,2,15
1484.0,cluster_12013799527_12013799528_2190601967,0,0,15
1485.0,2496228891,0,2,15
1485.0,cluster_12013799525_12013799526_2496228894,0,0,15
1485.0,cluster_12013799527_12013799528_2190601967,0,0,15
1485.0,cluster_12013799529_12013799530_473195061,0,2,15
1486.0,2496228891,0,2,15
1486.0,cluster_12013799525_12013799526_2496228894,0,0,15
1486.0,cluster_12013799527_12013799528_2190601967,0,0,15
1486.0,cluster_12013799529_12013799530_473195061,0,2,15
1487.0,2496228891,0,2,15
1487.0,cluster_12013799525_12013799526_2496228894,0,0,15
1487.0,cluster_12013799527_12013799528_2190601967,0,0,15
1487.0,cluster_12013799529_12013799530_473195061,0,2,15
1488.0,2496228891,0,2,15
1488.0,cluster_12013799525_12013799526_2496228894,0,0,15
1488.0,cluster_12013799527_12013799528_2190601967,0,0,15
1488.0,cluster_12013799529_12013799530_473195061,0,2,15
1489.0,cluster_12013799525_12013799526_2496228894,0,0,15
1489.0,cluster_12013799527_12013799528_2190601967,0,0,15
1489.0,cluster_12013799529_12013799530_473195061,0,2,15
1490.0,cluster_12013799525_12013799526_2496228894,0,0,15
1490.0,cluster_12013799527_12013799528_2190601967,0,0,15
1490.0,cluster_12013799529_12013799530_473195061,0,2,15
1491.0,cluster_12013799525_12013799526_2496228894,0,0,15
1491.0,cluster_12013799527_12013799528_2190601967,0,0,15
1491.0,cluster_12013799529_12013799530_473195061,0,2,15
1492.0,2496228891,0,0,15
1492.0,cluster_12013799525_12013799526_2496228894,0,0,15
1492.0,cluster_12013799527_12013799528_2190601967,0,0,15
1492.0,cluster_12013799529_12013799530_473195061,0,2,15
1493.0,2496228891,0,0,15
1493.0,cluster_12013799525_12013799526_2496228894,0,0,15
1493.0,cluster_12013799529_12013799530_473195061,0,2,15
1494.0,2496228891,0,0,15
1494.0,cluster_12013799525_12013799526_2496228894,0,0,15
1494.0,cluster_12013799529_12013799530_473195061,0,2,15
1495.0,2496228891,0,0,15
1495.0,cluster_12013799525_12013799526_2496228894,0,0,15
1495.0,cluster_12013799529_12013799530_473195061,0,2,15
1496.0,2496228891,0,0,15
1496.0,cluster_12013799525_12013799526_2496228894,0,0,15
1496.0,cluster_12013799527_12013799528_2190601967,2,2,15
1496.0,cluster_12013799529_12013799530_473195061,0,2,15
1497.0,2496228891,0,0,15
1497.0,cluster_12013799525_12013799526_2496228894,0,0,15
1497.0,cluster_12013799527_12013799528_2190601967,1,2,15
1497.0,cluster_12013799529_12013799530_473195061,0,2,15
1498.0,2496228891,0,0,15
1498.0,cluster_12013799525_12013799526_2496228894,0,0,15
1498.0,cluster_12013799527_12013799528_2190601967,1,2,15
1498.0,cluster_12013799529_12013799530_473195061,0,2,15
1499.0,2496228891,0,0,15
1499.0,cluster_12013799525_12013799526_2496228894,0,0,15
1499.0,cluster_12013799527_12013799528_2190601967,1,2,15
1499.0,cluster_12013799529_12013799530_473195061,0,2,15
1500.0,2496228891,0,0,15
1500.0,cluster_12013799525_12013799526_2496228894,0,0,15
1500.0,cluster_12013799527_12013799528_2190601967,0,2,15
1500.0,cluster_12013799529_12013799530_473195061,0,2,15
1501.0,2496228891,0,0,15
1501.0,cluster_12013799527_12013799528_2190601967,0,2,15
1502.0,2496228891,0,0,15
1502.0,cluster_12013799527_12013799528_2190601967,0,2,15
1503.0,2496228891,0,0,15
1503.0,cluster_12013799527_12013799528_2190601967,0,2,15
1504.0,2496228891,0,0,15
1504.0,cluster_12013799525_12013799526_2496228894,0,2,15
1504.0,cluster_12013799527_12013799528_2190601967,0,2,15
1504.0,cluster_12013799529_12013799530_473195061,0,0,15
1505.0,2496228891,0,0,15
1505.0,cluster_12013799525_12013799526_2496228894,0,2,15
1505.0,cluster_12013799527_12013799528_2190601967,0,2,15
1505.0,cluster_12013799529_12013799530_473195061,0,0,15
1506.0,2496228891,0,0,15
1506.0,cluster_12013799525_12013799526_2496228894,0,2,15
1506.0,cluster_12013799527_12013799528_2190601967,0,2,15
1506.0,cluster_12013799529_12013799530_473195061,0,0,15
1507.0,2496228891,0,0,15
1507.0,cluster_12013799525_12013799526_2496228894,0,2,15
1507.0,cluster_12013799527_12013799528_2190601967,0,2,15
1507.0,cluster_12013799529_12013799530_473195061,0,0,15
1508.0,cluster_12013799525_12013799526_2496228894,0,2,15
1508.0,cluster_12013799527_12013799528_2190601967,0,2,15
1508.0,cluster_12013799529_12013799530_473195061,0,0,15
1509.0,cluster_12013799525_12013799526_2496228894,0,2,15
1509.0,cluster_12013799527_12013799528_2190601967,0,2,15
1509.0,cluster_12013799529_12013799530_473195061,0,0,15
1510.0,cluster_12013799525_12013799526_2496228894,0,2,15
1510.0,cluster_12013799527_12013799528_2190601967,0,2,15
1510.0,cluster_12013799529_12013799530_473195061,0,0,15
1511.0,2496228891,0,2,15
1511.0,cluster_12013799525_12013799526_2496228894,0,2,15
1511.0,cluster_12013799527_12013799528_2190601967,0,2,15
1511.0,cluster_12013799529_12013799530_473195061,0,0,15
1512.0,2496228891,0,2,15
1512.0,cluster_12013799525_12013799526_2496228894,0,2,15
1512.0,cluster_12013799529_12013799530_473195061,0,0,15
1513.0,2496228891,0,2,15
1513.0,cluster_12013799525_12013799526_2496228894,0,2,15
1513.0,cluster_12013799529_12013799530_473195061,0,0,15
1514.0,2496228891,0,2,15
1514.0,cluster_12013799525_12013799526_2496228894,0,2,15
1514.0,cluster_12013799529_12013799530_473195061,0,0,15
1515.0,2496228891,0,2,15
1515.0,cluster_12013799525_12013799526_2496228894,0,2,15
1515.0,cluster_12013799527_12013799528_2190601967,0,0,15
1515.0,cluster_12013799529_12013799530_473195061,0,0,15
1516.0,2496228891,0,2,15
1516.0,cluster_12013799525_12013799526_2496228894,0,2,15
1516.0,cluster_12013799527_12013799528_2190601967,0,0,15
1516.0,cluster_12013799529_12013799530_473195061,0,0,15
1517.0,2496228891,0,2,15
1517.0,cluster_12013799525_12013799526_2496228894,0,2,15
1517.0,cluster_12013799527_12013799528_2190601967,0,0,15
1517.0,cluster_12013799529_12013799530_473195061,0,0,15
1518.0,2496228891,0,2,15
1518.0,cluster_12013799525_12013799526_2496228894,0,2,15
1518.0,cluster_12013799527_12013799528_2190601967,0,0,15
1518.0,cluster_12013799529_12013799530_473195061,0,0,15
1519.0,2496228891,0,2,15
1519.0,cluster_12013799525_12013799526_2496228894,0,2,15
1519.0,cluster_12013799527_12013799528_2190601967,0,0,15
1519.0,cluster_12013799529_12013799530_473195061,0,0,15
1520.0,2496228891,0,2,15
1520.0,cluster_12013799527_12013799528_2190601967,0,0,15
1521.0,2496228891,0,2,15
1521.0,cluster_12013799527_12013799528_2190601967,0,0,15
1522.0,2496228891,0,2,15
1522.0,cluster_12013799527_12013799528_2190601967,0,0,15
1523.0,2496228891,0,2,15
1523.0,cluster_12013799525_12013799526_2496228894,0,0,15
1523.0,cluster_12013799527_12013799528_2190601967,0,0,15
1523.0,cluster_12013799529_12013799530_473195061,0,2,15
1524.0,2496228891,0,2,15
1524.0,cluster_12013799525_12013799526_2496228894,0,0,15
1524.0,cluster_12013799527_12013799528_2190601967,0,0,15
1524.0,cluster_12013799529_12013799530_473195061,0,2,15
1525.0,2496228891,1,2,15
1525.0,cluster_12013799525_12013799526_2496228894,1,0,15
1525.0,cluster_12013799527_12013799528_2190601967,1,0,15
1525.0,cluster_12013799529_12013799530_473195061,1,2,15
1526.0,2496228891,1,2,15
1526.0,cluster_12013799525_12013799526_2496228894,1,0,15
1526.0,cluster_12013799527_12013799528_2190601967,1,0,15
1526.0,cluster_12013799529_12013799530_473195061,1,2,15
1527.0,cluster_12013799525_12013799526_2496228894,1,0,15
1527.0,cluster_12013799527_12013799528_2190601967,1,0,15
1527.0,cluster_12013799529_12013799530_473195061,1,2,15
1528.0,cluster_12013799525_12013799526_2496228894,1,0,15
1528.0,cluster_12013799527_12013799528_2190601967,1,0,15
1528.0,cluster_12013799529_12013799530_473195061,1,2,15
1529.0,cluster_12013799525_12013799526_2496228894,2,0,15
1529.0,cluster_12013799527_12013799528_2190601967,2,0,15
1529.0,cluster_12013799529_12013799530_473195061,2,2,15
1530.0,2496228891,2,0,15
1530.0,cluster_12013799525_12013799526_2496228894,2,0,15
1530.0,cluster_12013799527_12013799528_2190601967,2,0,15
1530.0,cluster_12013799529_12013799530_473195061,2,2,15
1531.0,2496228891,2,0,15
1531.0,cluster_12013799525_12013799526_2496228894,2,0,15
1531.0,cluster_12013799529_12013799530_473195061,2,2,15
1532.0,2496228891,2,0,15
1532.0,cluster_12013799525_12013799526_2496228894,2,0,15
1532.0,cluster_12013799529_12013799530_473195061,2,2,15
1533.0,2496228891,3,0,15
1533.0,cluster_12013799525_12013799526_2496228894,3,0,15
1533.0,cluster_12013799529_12013799530_473195061,3,2,15
1534.0,2496228891,3,0,15
1534.0,cluster_12013799525_12013799526_2496228894,2,0,15
1534.0,cluster_12013799527_12013799528_2190601967,2,2,15
1534.0,cluster_12013799529_12013799530_473195061,3,2,15
1535.0,2496228891,3,0,15
1535.0,cluster_12013799525_12013799526_2496228894,2,0,15
1535.0,cluster_12013799527_12013799528_2190601967,2,2,15
1535.0,cluster_12013799529_12013799530_473195061,3,2,15
1536.0,2496228891,3,0,15
1536.0,cluster_12013799525_12013799526_2496228894,2,0,15
1536.0,cluster_12013799527_12013799528_2190601967,3,2,15
1536.0,cluster_12013799529_12013799530_473195061,3,2,15
1537.0,2496228891,4,0,23
1537.0,cluster_12013799525_12013799526_2496228894,3,0,15
1537.0,cluster_12013799527_12013799528_2190601967,4,2,21
1537.0,cluster_12013799529_12013799530_473195061,4,2,23
1538.0,2496228891,4,0,21
1538.0,cluster_12013799525_12013799526_2496228894,2,0,15
1538.0,cluster_12013799527_12013799528_2190601967,3,2,15
1538.0,cluster_12013799529_12013799530_473195061,4,2,21
1539.0,2496228891,4,0,21
1539.0,cluster_12013799527_12013799528_2190601967,3,2,15
1540.0,2496228891,4,0,21
1540.0,cluster_12013799527_12013799528_2190601967,3,2,15
1541.0,2496228891,5,0,23
1541.0,cluster_12013799527_12013799528_2190601967,4,2,23
1542.0,2496228891,4,0,21
1542.0,cluster_12013799525_12013799526_2496228894,3,2,15
1542.0,cluster_12013799527_12013799528_2190601967,3,2,15
1542.0,cluster_12013799529_12013799530_473195061,4,0,21
1543.0,2496228891,4,0,21
1543.0,cluster_12013799525_12013799526_2496228894,3,2,15
1543.0,cluster_12013799527_12013799528_2190601967,4,2,23
1543.0,cluster_12013799529_12013799530_473195061,4,0,21
1544.0,2496228891,6,0,23
1544.0,cluster_12013799525_12013799526_2496228894,3,2,15
1544.0,cluster_12013799527_12013799528_2190601967,4,2,21
1544.0,cluster_12013799529_12013799530_473195061,4,0,21
1545.0,2496228891,6,0,21
1545.0,cluster_12013799525_12013799526_2496228894,3,2,15
1545.0,cluster_12013799527_12013799528_2190601967,4,2,21
1545.0,cluster_12013799529_12013799530_473195061,4,0,21
1546.0,cluster_12013799525_12013799526_2496228894,3,2,15
1546.0,cluster_12013799527_12013799528_2190601967,4,2,23
1546.0,cluster_12013799529_12013799530_473195061,4,0,21
1547.0,cluster_12013799525_12013799526_2496228894,3,2,15
1547.0,cluster_12013799527_12013799528_2190601967,4,2,21
1547.0,cluster_12013799529_12013799530_473195061,4,0,21
1548.0,cluster_12013799525_12013799526_2496228894,3,2,15
1548.0,cluster_12013799527_12013799528_2190601967,3,2,15
1548.0,cluster_12013799529_12013799530_473195061,3,0,15
1549.0,2496228891,3,2,15
1549.0,cluster_12013799525_12013799526_2496228894,3,2,15
1549.0,cluster_12013799527_12013799528_2190601967,3,2,15
1549.0,cluster_12013799529_12013799530_473195061,3,0,15
1550.0,2496228891,2,2,15
1550.0,cluster_12013799525_12013799526_2496228894,2,2,15
1550.0,cluster_12013799529_12013799530_473195061,2,0,15
1551.0,2496228891,2,2,15
1551.0,cluster_12013799525_12013799526_2496228894,2,2,15
1551.0,cluster_12013799529_12013799530_473195061,2,0,15
1552.0,2496228891,2,2,15
1552.0,cluster_12013799525_12013799526_2496228894,2,2,15
1552.0,cluster_12013799529_12013799530_473195061,2,0,15
1553.0,2496228891,2,2,15
1553.0,cluster_12013799525_12013799526_2496228894,2,2,15
1553.0,cluster_12013799527_12013799528_2190601967,7,0,21
1553.0,cluster_12013799529_12013799530_473195061,2,0,15
1554.0,2496228891,1,2,15
1554.0,cluster_12013799525_12013799526_2496228894,2,2,15
1554.0,cluster_12013799527_12013799528_2190601967,6,0,21
1554.0,cluster_12013799529_12013799530_473195061,1,0,15
1555.0,2496228891,1,2,15
1555.0,cluster_12013799525_12013799526_2496228894,2,2,15
1555.0,cluster_12013799527_12013799528_2190601967,6,0,21
1555.0,cluster_12013799529_12013799530_473195061,1,0,15
1556.0,2496228891,0,2,15
1556.0,cluster_12013799525_12013799526_2496228894,2,2,15
1556.0,cluster_12013799527_12013799528_2190601967,6,0,21
1556.0,cluster_12013799529_12013799530_473195061,1,0,15
1557.0,2496228891,0,2,15
1557.0,cluster_12013799525_12013799526_2496228894,2,2,15
1557.0,cluster_12013799527_12013799528_2190601967,6,0,21
1557.0,cluster_12013799529_12013799530_473195061,1,0,15
1558.0,2496228891,0,2,15
1558.0,cluster_12013799527_12013799528_2190601967,5,0,21
1558.0,cluster_12013799529_12013799530_473195061,0,0,15
1559.0,2496228891,0,2,15
1559.0,cluster_12013799527_12013799528_2190601967,5,0,21
1559.0,cluster_12013799529_12013799530_473195061,0,0,15
1560.0,2496228891,0,2,15
1560.0,cluster_12013799527_12013799528_2190601967,5,0,21
1560.0,cluster_12013799529_12013799530_473195061,0,0,15
1561.0,2496228891,0,2,15
1561.0,cluster_12013799525_12013799526_2496228894,2,0,15
1561.0,cluster_12013799527_12013799528_2190601967,4,0,21
1561.0,cluster_12013799529_12013799530_473195061,0,0,15
1562.0,2496228891,0,2,15
1562.0,cluster_12013799525_12013799526_2496228894,1,0,15
1562.0,cluster_12013799527_12013799528_2190601967,4,0,21
1562.0,cluster_12013799529_12013799530_473195061,0,0,15
1563.0,2496228891,0,2,15
1563.0,cluster_12013799525_12013799526_2496228894,1,0,15
1563.0,cluster_12013799527_12013799528_2190601967,4,0,21
1563.0,cluster_12013799529_12013799530_473195061,0,0,15
1564.0,2496228891,0,2,15
1564.0,cluster_12013799525_12013799526_2496228894,1,0,15
1564.0,cluster_12013799527_12013799528_2190601967,3,0,15
1565.0,cluster_12013799525_12013799526_2496228894,1,0,15
1565.0,cluster_12013799527_12013799528_2190601967,3,0,15
1566.0,cluster_12013799525_12013799526_2496228894,0,0,15
1566.0,cluster_12013799527_12013799528_2190601967,2,0,15
1567.0,cluster_12013799525_12013799526_2496228894,0,0,15
1567.0,cluster_12013799527_12013799528_2190601967,2,0,15
1567.0,cluster_12013799529_12013799530_473195061,6,2,21
1568.0,2496228891,3,0,15
1568.0,cluster_12013799525_12013799526_2496228894,0,0,15
1568.0,cluster_12013799527_12013799528_2190601967,1,0,15
1568.0,cluster_12013799529_12013799530_473195061,5,2,23
1569.0,2496228891,2,0,15
1569.0,cluster_12013799525_12013799526_2496228894,0,0,15
1569.0,cluster_12013799527_12013799528_2190601967,1,0,15
1569.0,cluster_12013799529_12013799530_473195061,5,2,21
1570.0,2496228891,2,0,15
1570.0,cluster_12013799525_12013799526_2496228894,0,0,15
1570.0,cluster_12013799527_12013799528_2190601967,0,0,15
1570.0,cluster_12013799529_12013799530_473195061,5,2,23
1571.0,2496228891,2,0,15
1571.0,cluster_12013799525_12013799526_2496228894,0,0,15
1571.0,cluster_12013799527_12013799528_2190601967,0,0,15
1571.0,cluster_12013799529_12013799530_473195061,5,2,21
1572.0,2496228891,1,0,15
1572.0,cluster_12013799525_12013799526_2496228894,0,0,15
1572.0,cluster_12013799527_12013799528_2190601967,0,0,15
1572.0,cluster_12013799529_12013799530_473195061,5,2,23
1573.0,2496228891,1,0,15
1573.0,cluster_12013799525_12013799526_2496228894,0,0,15
1573.0,cluster_12013799527_12013799528_2190601967,0,0,15
1573.0,cluster_12013799529_12013799530_473195061,4,2,21
1574.0,2496228891,1,0,15
1574.0,cluster_12013799525_12013799526_2496228894,0,0,15
1574.0,cluster_12013799527_12013799528_2190601967,0,0,15
1574.0,cluster_12013799529_12013799530_473195061,4,2,21
1575.0,2496228891,2,0,15
1575.0,cluster_12013799525_12013799526_2496228894,0,0,15
1575.0,cluster_12013799529_12013799530_473195061,4,2,21
1576.0,2496228891,2,0,15
1576.0,cluster_12013799525_12013799526_2496228894,0,0,15
1576.0,cluster_12013799529_12013799530_473195061,4,2,21
1577.0,2496228891,2,0,15
1577.0,cluster_12013799529_12013799530_473195061,3,2,15
1578.0,2496228891,2,0,15
1578.0,cluster_12013799527_12013799528_2190601967,2,2,15
1578.0,cluster_12013799529_12013799530_473195061,3,2,15
1579.0,2496228891,0,0,15
1579.0,cluster_12013799527_12013799528_2190601967,1,2,15
1579.0,cluster_12013799529_12013799530_473195061,2,2,15
1580.0,2496228891,1,0,15
1580.0,cluster_12013799525_12013799526_2496228894,6,2,21
1580.0,cluster_12013799527_12013799528_2190601967,1,2,15
1580.0,cluster_12013799529_12013799530_473195061,3,2,15
1581.0,2496228891,1,0,15
1581.0,cluster_12013799525_12013799526_2496228894,4,2,21
1581.0,cluster_12013799527_12013799528_2190601967,0,2,15
1581.0,cluster_12013799529_12013799530_473195061,2,2,15
1582.0,2496228891,1,0,15
1582.0,cluster_12013799525_12013799526_2496228894,4,2,21
1582.0,cluster_12013799527_12013799528_2190601967,0,2,15
1582.0,cluster_12013799529_12013799530_473195061,2,2,15
1583.0,2496228891,1,0,15
1583.0,cluster_12013799525_12013799526_2496228894,4,2,21
1583.0,cluster_12013799527_12013799528_2190601967,0,2,15
1583.0,cluster_12013799529_12013799530_473195061,2,2,15
1584.0,cluster_12013799525_12013799526_2496228894,3,2,15
1584.0,cluster_12013799527_12013799528_2190601967,0,2,15
1584.0,cluster_12013799529_12013799530_473195061,2,2,15
1585.0,cluster_12013799525_12013799526_2496228894,3,2,15
1585.0,cluster_12013799527_12013799528_2190601967,1,2,15
1585.0,cluster_12013799529_12013799530_473195061,2,2,15
1586.0,cluster_12013799525_12013799526_2496228894,3,2,15
1586.0,cluster_12013799527_12013799528_2190601967,1,2,15
1586.0,cluster_12013799529_12013799530_473195061,2,2,15
1587.0,2496228891,0,2,15
1587.0,cluster_12013799525_12013799526_2496228894,2,2,15
1587.0,cluster_12013799527_12013799528_2190601967,2,2,15
1587.0,cluster_12013799529_12013799530_473195061,2,2,15
1588.0,2496228891,0,2,15
1588.0,cluster_12013799525_12013799526_2496228894,2,2,15
1588.0,cluster_12013799527_12013799528_2190601967,2,2,15
1588.0,cluster_12013799529_12013799530_473195061,2,2,15
1589.0,2496228891,0,2,15
1589.0,cluster_12013799525_12013799526_2496228894,1,2,15
1589.0,cluster_12013799527_12013799528_2190601967,2,2,15
1590.0,2496228891,0,2,15
1590.0,cluster_12013799525_12013799526_2496228894,1,2,15
1590.0,cluster_12013799527_12013799528_2190601967,2,2,15
1591.0,2496228891,0,2,15
1591.0,cluster_12013799525_12013799526_2496228894,0,2,15
1591.0,cluster_12013799527_12013799528_2190601967,1,2,15
1592.0,2496228891,0,2,15
1592.0,cluster_12013799525_12013799526_2496228894,0,2,15
1592.0,cluster_12013799527_12013799528_2190601967,2,2,15
1592.0,cluster_12013799529_12013799530_473195061,0,0,15
1593.0,2496228891,0,2,15
1593.0,cluster_12013799525_12013799526_2496228894,0,2,15
1593.0,cluster_12013799527_12013799528_2190601967,2,2,15
1593.0,cluster_12013799529_12013799530_473195061,0,0,15
1594.0,2496228891,0,2,15
1594.0,cluster_12013799525_12013799526_2496228894,0,2,15
1594.0,cluster_12013799529_12013799530_473195061,0,0,15
1595.0,2496228891,0,2,15
1595.0,cluster_12013799525_12013799526_2496228894,0,2,15
1595.0,cluster_12013799529_12013799530_473195061,0,0,15
1596.0,2496228891,0,2,15
1596.0,cluster_12013799525_12013799526_2496228894,0,2,15
1596.0,cluster_12013799529_12013799530_473195061,0,0,15
1597.0,2496228891,0,2,15
1597.0,cluster_12013799525_12013799526_2496228894,0,2,15
1597.0,cluster_12013799527_12013799528_2190601967,0,0,15
1597.0,cluster_12013799529_12013799530_473195061,0,0,15
1598.0,2496228891,0,2,15
1598.0,cluster_12013799525_12013799526_2496228894,0,2,15
1598.0,cluster_12013799527_12013799528_2190601967,0,0,15
1598.0,cluster_12013799529_12013799530_473195061,0,0,15
1599.0,2496228891,0,2,15
1599.0,cluster_12013799525_12013799526_2496228894,0,2,15
1599.0,cluster_12013799527_12013799528_2190601967,0,0,15
1599.0,cluster_12013799529_12013799530_473195061,0,0,15
1600.0,2496228891,0,2,15
1600.0,cluster_12013799525_12013799526_2496228894,0,2,15
1600.0,cluster_12013799527_12013799528_2190601967,0,0,15
1600.0,cluster_12013799529_12013799530_473195061,0,0,15
1601.0,2496228891,0,2,15
1601.0,cluster_12013799525_12013799526_2496228894,0,2,15
1601.0,cluster_12013799527_12013799528_2190601967,0,0,15
1601.0,cluster_12013799529_12013799530_473195061,0,0,15
1602.0,2496228891,0,2,15
1602.0,cluster_12013799527_12013799528_2190601967,0,0,15
1602.0,cluster_12013799529_12013799530_473195061,0,0,15
1603.0,cluster_12013799527_12013799528_2190601967,0,0,15
1603.0,cluster_12013799529_12013799530_473195061,0,0,15
1604.0,cluster_12013799527_12013799528_2190601967,0,0,15
1604.0,cluster_12013799529_12013799530_473195061,0,0,15
1605.0,cluster_12013799525_12013799526_2496228894,0,0,15
1605.0,cluster_12013799527_12013799528_2190601967,0,0,15
1605.0,cluster_12013799529_12013799530_473195061,0,0,15
1606.0,2496228891,2,0,15
1606.0,cluster_12013799525_12013799526_2496228894,0,0,15
1606.0,cluster_12013799527_12013799528_2190601967,0,0,15
1606.0,cluster_12013799529_12013799530_473195061,0,0,15
1607.0,2496228891,1,0,15
1607.0,cluster_12013799525_12013799526_2496228894,0,0,15
1607.0,cluster_12013799527_12013799528_2190601967,0,0,15
1607.0,cluster_12013799529_12013799530_473195061,0,0,15
1608.0,2496228891,1,0,15
1608.0,cluster_12013799525_12013799526_2496228894,0,0,15
1608.0,cluster_12013799527_12013799528_2190601967,0,0,15
1609.0,2496228891,1,0,15
1609.0,cluster_12013799525_12013799526_2496228894,0,0,15
1609.0,cluster_12013799527_12013799528_2190601967,0,0,15
1610.0,2496228891,1,0,15
1610.0,cluster_12013799525_12013799526_2496228894,0,0,15
1610.0,cluster_12013799527_12013799528_2190601967,0,0,15
1611.0,2496228891,0,0,15
1611.0,cluster_12013799525_12013799526_2496228894,0,0,15
1611.0,cluster_12013799527_12013799528_2190601967,0,0,15
1611.0,cluster_12013799529_12013799530_473195061,2,2,15
1612.0,2496228891,0,0,15
1612.0,cluster_12013799525_12013799526_2496228894,0,0,15
1612.0,cluster_12013799527_12013799528_2190601967,0,0,15
1612.0,cluster_12013799529_12013799530_473195061,1,2,15
1613.0,2496228891,0,0,15
1613.0,cluster_12013799525_12013799526_2496228894,0,0,15
1613.0,cluster_12013799529_12013799530_473195061,1,2,15
1614.0,2496228891,0,0,15
1614.0,cluster_12013799525_12013799526_2496228894,0,0,15
1614.0,cluster_12013799529_12013799530_473195061,1,2,15
1615.0,2496228891,0,0,15
1615.0,cluster_12013799525_12013799526_2496228894,0,0,15
1615.0,cluster_12013799529_12013799530_473195061,1,2,15
1616.0,2496228891,0,0,15
1616.0,cluster_12013799525_12013799526_2496228894,0,0,15
1616.0,cluster_12013799527_12013799528_2190601967,3,2,15
1616.0,cluster_12013799529_12013799530_473195061,0,2,15
1617.0,2496228891,2,0,15
1617.0,cluster_12013799525_12013799526_2496228894,0,0,15
1617.0,cluster_12013799527_12013799528_2190601967,1,2,15
1617.0,cluster_12013799529_12013799530_473195061,0,2,15
1618.0,2496228891,2,0,15
1618.0,cluster_12013799525_12013799526_2496228894,0,0,15
1618.0,cluster_12013799527_12013799528_2190601967,1,2,15
1618.0,cluster_12013799529_12013799530_473195061,0,2,15
1619.0,2496228891,2,0,15
1619.0,cluster_12013799525_12013799526_2496228894,0,0,15
1619.0,cluster_12013799527_12013799528_2190601967,1,2,15
1619.0,cluster_12013799529_12013799530_473195061,0,2,15
1620.0,2496228891,0,0,15
1620.0,cluster_12013799525_12013799526_2496228894,0,0,15
1620.0,cluster_12013799527_12013799528_2190601967,0,2,15
1620.0,cluster_12013799529_12013799530_473195061,0,2,15
1621.0,2496228891,0,0,15
1621.0,cluster_12013799527_12013799528_2190601967,0,2,15
1621.0,cluster_12013799529_12013799530_473195061,1,2,15
1622.0,cluster_12013799527_12013799528_2190601967,0,2,15
1622.0,cluster_12013799529_12013799530_473195061,1,2,15
1623.0,cluster_12013799527_12013799528_2190601967,0,2,15
1623.0,cluster_12013799529_12013799530_473195061,1,2,15
1624.0,cluster_12013799525_12013799526_2496228894,0,2,15
1624.0,cluster_12013799527_12013799528_2190601967,0,2,15
1624.0,cluster_12013799529_12013799530_473195061,1,2,15
1625.0,2496228891,0,2,15
1625.0,cluster_12013799525_12013799526_2496228894,0,2,15
1625.0,cluster_12013799527_12013799528_2190601967,0,2,15
1625.0,cluster_12013799529_12013799530_473195061,1,2,15
1626.0,2496228891,0,2,15
1626.0,cluster_12013799525_12013799526_2496228894,0,2,15
1626.0,cluster_12013799527_12013799528_2190601967,0,2,15
1626.0,cluster_12013799529_12013799530_473195061,1,2,15
1627.0,2496228891,0,2,15
1627.0,cluster_12013799525_12013799526_2496228894,0,2,15
1627.0,cluster_12013799527_12013799528_2190601967,0,2,15
1628.0,2496228891,0,2,15
1628.0,cluster_12013799525_12013799526_2496228894,0,2,15
1628.0,cluster_12013799527_12013799528_2190601967,0,2,15
1629.0,2496228891,0,2,15
1629.0,cluster_12013799525_12013799526_2496228894,0,2,15
1629.0,cluster_12013799527_12013799528_2190601967,0,2,15
1630.0,2496228891,0,2,15
1630.0,cluster_12013799525_12013799526_2496228894,0,2,15
1630.0,cluster_12013799527_12013799528_2190601967,0,2,15
1630.0,cluster_12013799529_12013799530_473195061,0,0,15
1631.0,2496228891,0,2,15
1631.0,cluster_12013799525_12013799526_2496228894,0,2,15
1631.0,cluster_12013799527_12013799528_2190601967,0,2,15
1631.0,cluster_12013799529_12013799530_473195061,0,0,15
1632.0,2496228891,0,2,15
1632.0,cluster_12013799525_12013799526_2496228894,0,2,15
1632.0,cluster_12013799529_12013799530_473195061,0,0,15
1633.0,2496228891,0,2,15
1633.0,cluster_12013799525_12013799526_2496228894,0,2,15
1633.0,cluster_12013799529_12013799530_473195061,0,0,15
1634.0,2496228891,0,2,15
1634.0,cluster_12013799525_12013799526_2496228894,0,2,15
1634.0,cluster_12013799529_12013799530_473195061,0,0,15
1635.0,2496228891,0,2,15
1635.0,cluster_12013799525_12013799526_2496228894,0,2,15
1635.0,cluster_12013799527_12013799528_2190601967,0,0,15
1635.0,cluster_12013799529_12013799530_473195061,0,0,15
1636.0,2496228891,0,2,15
1636.0,cluster_12013799525_12013799526_2496228894,0,2,15
1636.0,cluster_12013799527_12013799528_2190601967,0,0,15
1636.0,cluster_12013799529_12013799530_473195061,0,0,15
1637.0,2496228891,0,2,15
1637.0,cluster_12013799525_12013799526_2496228894,0,2,15
1637.0,cluster_12013799527_12013799528_2190601967,0,0,15
1637.0,cluster_12013799529_12013799530_473195061,0,0,15
1638.0,2496228891,0,2,15
1638.0,cluster_12013799525_12013799526_2496228894,0,2,15
1638.0,cluster_12013799527_12013799528_2190601967,0,0,15
1638.0,cluster_12013799529_12013799530_473195061,0,0,15
1639.0,2496228891,0,2,15
1639.0,cluster_12013799525_12013799526_2496228894,0,2,15
1639.0,cluster_12013799527_12013799528_2190601967,0,0,15
1639.0,cluster_12013799529_12013799530_473195061,0,0,15
1640.0,2496228891,0,2,15
1640.0,cluster_12013799527_12013799528_2190601967,0,0,15
1640.0,cluster_12013799529_12013799530_473195061,0,0,15
1641.0,cluster_12013799527_12013799528_2190601967,0,0,15
1641.0,cluster_12013799529_12013799530_473195061,0,0,15
1642.0,cluster_12013799527_12013799528_2190601967,0,0,15
1642.0,cluster_12013799529_12013799530_473195061,0,0,15
1643.0,cluster_12013799525_12013799526_2496228894,0,0,15
1643.0,cluster_12013799527_12013799528_2190601967,0,0,15
1643.0,cluster_12013799529_12013799530_473195061,0,0,15
1644.0,2496228891,2,0,15
1644.0,cluster_12013799525_12013799526_2496228894,0,0,15
1644.0,cluster_12013799527_12013799528_2190601967,0,0,15
1644.0,cluster_12013799529_12013799530_473195061,0,0,15
1645.0,2496228891,0,0,15
1645.0,cluster_12013799525_12013799526_2496228894,0,0,15
1645.0,cluster_12013799527_12013799528_2190601967,0,0,15
1645.0,cluster_12013799529_12013799530_473195061,0,0,15
1646.0,2496228891,0,0,15
1646.0,cluster_12013799525_12013799526_2496228894,0,0,15
1646.0,cluster_12013799527_12013799528_2190601967,0,0,15
1647.0,2496228891,0,0,15
1647.0,cluster_12013799525_12013799526_2496228894,0,0,15
1647.0,cluster_12013799527_12013799528_2190601967,0,0,15
1648.0,2496228891,0,0,15
1648.0,cluster_12013799525_12013799526_2496228894,0,0,15
1648.0,cluster_12013799527_12013799528_2190601967,0,0,15
1649.0,2496228891,0,0,15
1649.0,cluster_12013799525_12013799526_2496228894,0,0,15
1649.0,cluster_12013799527_12013799528_2190601967,0,0,15
1649.0,cluster_12013799529_12013799530_473195061,1,2,15
1650.0,2496228891,0,0,15
1650.0,cluster_12013799525_12013799526_2496228894,0,0,15
1650.0,cluster_12013799527_12013799528_2190601967,0,0,15
1650.0,cluster_12013799529_12013799530_473195061,0,2,15
1651.0,2496228891,0,0,15
1651.0,cluster_12013799525_12013799526_2496228894,0,0,15
1651.0,cluster_12013799529_12013799530_473195061,0,2,15
1652.0,2496228891,0,0,15
1652.0,cluster_12013799525_12013799526_2496228894,0,0,15
1652.0,cluster_12013799529_12013799530_473195061,0,2,15
1653.0,2496228891,0,0,15
1653.0,cluster_12013799525_12013799526_2496228894,0,0,15
1653.0,cluster_12013799529_12013799530_473195061,0,2,15
1654.0,2496228891,0,0,15
1654.0,cluster_12013799525_12013799526_2496228894,0,0,15
1654.0,cluster_12013799527_12013799528_2190601967,0,2,15
1654.0,cluster_12013799529_12013799530_473195061,0,2,15
1655.0,2496228891,0,0,15
1655.0,cluster_12013799525_12013799526_2496228894,0,0,15
1655.0,cluster_12013799527_12013799528_2190601967,0,2,15
1655.0,cluster_12013799529_12013799530_473195061,0,2,15
1656.0,2496228891,0,0,15
1656.0,cluster_12013799525_12013799526_2496228894,0,0,15
1656.0,cluster_12013799527_12013799528_2190601967,0,2,15
1656.0,cluster_12013799529_12013799530_473195061,0,2,15
1657.0,2496228891,0,0,15
1657.0,cluster_12013799525_12013799526_2496228894,0,0,15
1657.0,cluster_12013799527_12013799528_2190601967,0,2,15
1657.0,cluster_12013799529_12013799530_473195061,0,2,15
1658.0,2496228891,0,0,15
1658.0,cluster_12013799525_12013799526_2496228894,0,0,15
1658.0,cluster_12013799527_12013799528_2190601967,0,2,15
1658.0,cluster_12013799529_12013799530_473195061,0,2,15
1659.0,2496228891,0,0,15
1659.0,cluster_12013799527_12013799528_2190601967,0,2,15
1659.0,cluster_12013799529_12013799530_473195061,0,2,15
1660.0,cluster_12013799527_12013799528_2190601967,0,2,15
1660.0,cluster_12013799529_12013799530_473195061,0,2,15
1661.0,cluster_12013799527_12013799528_2190601967,0,2,15
1661.0,cluster_12013799529_12013799530_473195061,0,2,15
1662.0,cluster_12013799525_12013799526_2496228894,0,2,15
1662.0,cluster_12013799527_12013799528_2190601967,0,2,15
1662.0,cluster_12013799529_12013799530_473195061,0,2,15
1663.0,2496228891,1,2,15
1663.0,cluster_12013799525_12013799526_2496228894,1,2,15
1663.0,cluster_12013799527_12013799528_2190601967,1,2,15
1663.0,cluster_12013799529_12013799530_473195061,1,2,15
1664.0,2496228891,1,2,15
1664.0,cluster_12013799525_12013799526_2496228894,1,2,15
1664.0,cluster_12013799527_12013799528_2190601967,1,2,15
1664.0,cluster_12013799529_12013799530_473195061,1,2,15
1665.0,2496228891,1,2,15
1665.0,cluster_12013799525_12013799526_2496228894,1,2,15
1665.0,cluster_12013799527_12013799528_2190601967,1,2,15
1666.0,2496228891,1,2,15
1666.0,cluster_12013799525_12013799526_2496228894,1,2,15
1666.0,cluster_12013799527_12013799528_2190601967,1,2,15
1667.0,2496228891,2,2,15
1667.0,cluster_12013799525_12013799526_2496228894,2,2,15
1667.0,cluster_12013799527_12013799528_2190601967,2,2,15
1668.0,2496228891,2,2,15
1668.0,cluster_12013799525_12013799526_2496228894,2,2,15
1668.0,cluster_12013799527_12013799528_2190601967,2,2,15
1668.0,cluster_12013799529_12013799530_473195061,2,0,15
1669.0,2496228891,2,2,15
1669.0,cluster_12013799525_12013799526_2496228894,2,2,15
1669.0,cluster_12013799527_12013799528_2190601967,2,2,15
1669.0,cluster_12013799529_12013799530_473195061,2,0,15
1670.0,2496228891,2,2,15
1670.0,cluster_12013799525_12013799526_2496228894,2,2,15
1670.0,cluster_12013799529_12013799530_473195061,2,0,15
1671.0,2496228891,2,2,15
1671.0,cluster_12013799525_12013799526_2496228894,2,2,15
1671.0,cluster_12013799529_12013799530_473195061,3,0,15
1672.0,2496228891,3,2,15
1672.0,cluster_12013799525_12013799526_2496228894,3,2,15
1672.0,cluster_12013799529_12013799530_473195061,3,0,15
1673.0,2496228891,3,2,15
1673.0,cluster_12013799525_12013799526_2496228894,3,2,15
1673.0,cluster_12013799527_12013799528_2190601967,3,0,15
1673.0,cluster_12013799529_12013799530_473195061,3,0,15
1674.0,2496228891,3,2,15
1674.0,cluster_12013799525_12013799526_2496228894,3,2,15
1674.0,cluster_12013799527_12013799528_2190601967,3,0,15
1674.0,cluster_12013799529_12013799530_473195061,3,0,15
1675.0,2496228891,2,2,15
1675.0,cluster_12013799525_12013799526_2496228894,2,2,15
1675.0,cluster_12013799527_12013799528_2190601967,4,0,23
1675.0,cluster_12013799529_12013799530_473195061,4,0,23
1676.0,2496228891,3,2,15
1676.0,cluster_12013799525_12013799526_2496228894,3,2,15
1676.0,cluster_12013799527_12013799528_2190601967,4,0,21
1676.0,cluster_12013799529_12013799530_473195061,4,0,21
1677.0,2496228891,3,2,15
1677.0,cluster_12013799525_12013799526_2496228894,3,2,15
1677.0,cluster_12013799527_12013799528_2190601967,4,0,21
1677.0,cluster_12013799529_12013799530_473195061,4,0,21
1678.0,2496228891,3,2,15
1678.0,cluster_12013799527_12013799528_2190601967,4,0,21
1678.0,cluster_12013799529_12013799530_473195061,4,0,21
1679.0,cluster_12013799527_12013799528_2190601967,5,0,23
1679.0,cluster_12013799529_12013799530_473195061,5,0,23
1680.0,cluster_12013799527_12013799528_2190601967,5,0,21
1680.0,cluster_12013799529_12013799530_473195061,4,0,21
1681.0,cluster_12013799525_12013799526_2496228894,3,0,15
1681.0,cluster_12013799527_12013799528_2190601967,4,0,21
1681.0,cluster_12013799529_12013799530_473195061,4,0,21
1682.0,2496228891,4,0,21
1682.0,cluster_12013799525_12013799526_2496228894,3,0,15
1682.0,cluster_12013799527_12013799528_2190601967,4,0,21
1682.0,cluster_12013799529_12013799530_473195061,4,0,21
1683.0,2496228891,6,0,23
1683.0,cluster_12013799525_12013799526_2496228894,3,0,15
1683.0,cluster_12013799527_12013799528_2190601967,5,0,23
1683.0,cluster_12013799529_12013799530_473195061,4,0,21
1684.0,2496228891,5,0,21
1684.0,cluster_12013799525_12013799526_2496228894,3,0,15
1684.0,cluster_12013799527_12013799528_2190601967,4,0,21
1685.0,2496228891,5,0,21
1685.0,cluster_12013799525_12013799526_2496228894,2,0,15
1685.0,cluster_12013799527_12013799528_2190601967,4,0,21
1686.0,2496228891,7,0,23
1686.0,cluster_12013799525_12013799526_2496228894,2,0,15
1686.0,cluster_12013799527_12013799528_2190601967,4,0,21
1687.0,2496228891,5,0,21
1687.0,cluster_12013799525_12013799526_2496228894,2,0,15
1687.0,cluster_12013799527_12013799528_2190601967,4,0,21
1687.0,cluster_12013799529_12013799530_473195061,5,2,21
1688.0,2496228891,5,0,21
1688.0,cluster_12013799525_12013799526_2496228894,1,0,15
1688.0,cluster_12013799527_12013799528_2190601967,4,0,21
1688.0,cluster_12013799529_12013799530_473195061,5,2,21
1689.0,2496228891,6,0,23
1689.0,cluster_12013799525_12013799526_2496228894,1,0,15
1689.0,cluster_12013799529_12013799530_473195061,6,2,23
1690.0,2496228891,4,0,21
1690.0,cluster_12013799525_12013799526_2496228894,1,0,15
1690.0,cluster_12013799529_12013799530_473195061,6,2,21
1691.0,2496228891,4,0,21
1691.0,cluster_12013799525_12013799526_2496228894,0,0,15
1691.0,cluster_12013799529_12013799530_473195061,6,2,21
1692.0,2496228891,5,0,23
1692.0,cluster_12013799525_12013799526_2496228894,0,0,15
1692.0,cluster_12013799527_12013799528_2190601967,3,2,15
1692.0,cluster_12013799529_12013799530_473195061,6,2,21
1693.0,2496228891,5,0,21
1693.0,cluster_12013799525_12013799526_2496228894,0,0,15
1693.0,cluster_12013799527_12013799528_2190601967,2,2,15
1693.0,cluster_12013799529_12013799530_473195061,6,2,21
1694.0,2496228891,4,0,21
1694.0,cluster_12013799525_12013799526_2496228894,0,0,15
1694.0,cluster_12013799527_12013799528_2190601967,4,2,23
1694.0,cluster_12013799529_12013799530_473195061,6,2,21
1695.0,2496228891,4,0,21
1695.0,cluster_12013799525_12013799526_2496228894,0,0,15
1695.0,cluster_12013799527_12013799528_2190601967,3,2,15
1695.0,cluster_12013799529_12013799530_473195061,6,2,21
1696.0,2496228891,4,0,23
1696.0,cluster_12013799525_12013799526_2496228894,0,0,15
1696.0,cluster_12013799527_12013799528_2190601967,4,2,23
1696.0,cluster_12013799529_12013799530_473195061,5,2,21
1697.0,2496228891,3,0,15
1697.0,cluster_12013799527_12013799528_2190601967,4,2,21
1697.0,cluster_12013799529_12013799530_473195061,5,2,21
1698.0,2496228891,3,0,15
1698.0,cluster_12013799527_12013799528_2190601967,3,2,15
1698.0,cluster_12013799529_12013799530_473195061,4,2,21
1699.0,2496228891,3,0,15
1699.0,cluster_12013799527_12013799528_2190601967,3,2,15
1699.0,cluster_12013799529_12013799530_473195061,4,2,21
1700.0,2496228891,5,0,23
1700.0,cluster_12013799525_12013799526_2496228894,3,2,15
1700.0,cluster_12013799527_12013799528_2190601967,2,2,15
1700.0,cluster_12013799529_12013799530_473195061,4,2,21
1701.0,2496228891,5,0,21
1701.0,cluster_12013799525_12013799526_2496228894,3,2,15
1701.0,cluster_12013799527_12013799528_2190601967,2,2,15
1701.0,cluster_12013799529_12013799530_473195061,5,2,23
1702.0,2496228891,5,0,21
1702.0,cluster_12013799525_12013799526_2496228894,3,2,15
1702.0,cluster_12013799527_12013799528_2190601967,2,2,15
1702.0,cluster_12013799529_12013799530_473195061,5,2,21
1703.0,2496228891,5,0,21
1703.0,cluster_12013799525_12013799526_2496228894,3,2,15
1703.0,cluster_12013799527_12013799528_2190601967,2,2,15
1703.0,cluster_12013799529_12013799530_473195061,5,2,21
1704.0,cluster_12013799525_12013799526_2496228894,3,2,15
1704.0,cluster_12013799527_12013799528_2190601967,1,2,15
1704.0,cluster_12013799529_12013799530_473195061,5,2,21
1705.0,cluster_12013799525_12013799526_2496228894,3,2,15
1705.0,cluster_12013799527_12013799528_2190601967,1,2,15
1705.0,cluster_12013799529_12013799530_473195061,5,2,21
1706.0,cluster_12013799525_12013799526_2496228894,3,2,15
1706.0,cluster_12013799527_12013799528_2190601967,0,2,15
1706.0,cluster_12013799529_12013799530_473195061,6,2,23
1707.0,2496228891,3,2,15
1707.0,cluster_12013799525_12013799526_2496228894,3,2,15
1707.0,cluster_12013799527_12013799528_2190601967,0,2,15
1707.0,cluster_12013799529_12013799530_473195061,6,2,21
1708.0,2496228891,2,2,15
1708.0,cluster_12013799525_12013799526_2496228894,2,2,15
1708.0,cluster_12013799529_12013799530_473195061,7,2,23
1709.0,2496228891,2,2,15
1709.0,cluster_12013799525_12013799526_2496228894,2,2,15
1710.0,2496228891,2,2,15
1710.0,cluster_12013799525_12013799526_2496228894,2,2,15
1711.0,2496228891,1,2,15
1711.0,cluster_12013799525_12013799526_2496228894,1,2,15
1711.0,cluster_12013799527_12013799528_2190601967,4,0,21
1712.0,2496228891,1,2,15
1712.0,cluster_12013799525_12013799526_2496228894,2,2,15
1712.0,cluster_12013799527_12013799528_2190601967,3,0,15
1712.0,cluster_12013799529_12013799530_473195061,3,0,15
1713.0,2496228891,1,2,15
1713.0,cluster_12013799525_12013799526_2496228894,2,2,15
1713.0,cluster_12013799527_12013799528_2190601967,3,0,15
1713.0,cluster_12013799529_12013799530_473195061,2,0,15
1714.0,2496228891,0,2,15
1714.0,cluster_12013799525_12013799526_2496228894,2,2,15
1714.0,cluster_12013799527_12013799528_2190601967,3,0,15
1714.0,cluster_12013799529_12013799530_473195061,2,0,15
1715.0,2496228891,0,2,15
1715.0,cluster_12013799525_12013799526_2496228894,2,2,15
1715.0,cluster_12013799527_12013799528_2190601967,3,0,15
1715.0,cluster_12013799529_12013799530_473195061,2,0,15
1716.0,2496228891,0,2,15
1716.0,cluster_12013799527_12013799528_2190601967,2,0,15
1716.0,cluster_12013799529_12013799530_473195061,2,0,15
1717.0,2496228891,0,2,15
1717.0,cluster_12013799527_12013799528_2190601967,2,0,15
1717.0,cluster_12013799529_12013799530_473195061,1,0,15
1718.0,2496228891,0,2,15
1718.0,cluster_12013799527_12013799528_2190601967,1,0,15
1718.0,cluster_12013799529_12013799530_473195061,1,0,15
1719.0,2496228891,0,2,15
1719.0,cluster_12013799525_12013799526_2496228894,0,0,15
1719.0,cluster_12013799527_12013799528_2190601967,1,0,15
1719.0,cluster_12013799529_12013799530_473195061,0,0,15
1720.0,2496228891,0,2,15
1720.0,cluster_12013799525_12013799526_2496228894,0,0,15
1720.0,cluster_12013799527_12013799528_2190601967,1,0,15
1720.0,cluster_12013799529_12013799530_473195061,0,0,15
1721.0,2496228891,0,2,15
1721.0,cluster_12013799525_12013799526_2496228894,0,0,15
1721.0,cluster_12013799527_12013799528_2190601967,0,0,15
1721.0,cluster_12013799529_12013799530_473195061,0,0,15
1722.0,2496228891,0,2,15
1722.0,cluster_12013799525_12013799526_2496228894,0,0,15
1722.0,cluster_12013799527_12013799528_2190601967,0,0,15
1722.0,cluster_12013799529_12013799530_473195061,0,0,15
1723.0,cluster_12013799525_12013799526_2496228894,0,0,15
1723.0,cluster_12013799527_12013799528_2190601967,0,0,15
1723.0,cluster_12013799529_12013799530_473195061,0,0,15
1724.0,cluster_12013799525_12013799526_2496228894,0,0,15
1724.0,cluster_12013799527_12013799528_2190601967,0,0,15
1724.0,cluster_12013799529_12013799530_473195061,0,0,15
1725.0,cluster_12013799525_12013799526_2496228894,0,0,15
1725.0,cluster_12013799527_12013799528_2190601967,0,0,15
1725.0,cluster_12013799529_12013799530_473195061,0,0,15
1726.0,2496228891,2,0,15
1726.0,cluster_12013799525_12013799526_2496228894,0,0,15
1726.0,cluster_12013799527_12013799528_2190601967,0,0,15
1726.0,cluster_12013799529_12013799530_473195061,0,0,15
1727.0,2496228891,3,0,15
1727.0,cluster_12013799525_12013799526_2496228894,0,0,15
1727.0,cluster_12013799527_12013799528_2190601967,0,0,15
1727.0,cluster_12013799529_12013799530_473195061,0,0,15
1728.0,2496228891,3,0,15
1728.0,cluster_12013799525_12013799526_2496228894,0,0,15
1728.0,cluster_12013799527_12013799528_2190601967,0,0,15
1729.0,2496228891,3,0,15
1729.0,cluster_12013799525_12013799526_2496228894,0,0,15
1729.0,cluster_12013799527_12013799528_2190601967,0,0,15
1730.0,2496228891,2,0,15
1730.0,cluster_12013799525_12013799526_2496228894,0,0,15
1730.0,cluster_12013799527_12013799528_2190601967,0,0,15
1731.0,2496228891,1,0,15
1731.0,cluster_12013799525_12013799526_2496228894,0,0,15
1731.0,cluster_12013799527_12013799528_2190601967,0,0,15
1731.0,cluster_12013799529_12013799530_473195061,6,2,21
1732.0,2496228891,2,0,15
1732.0,cluster_12013799525_12013799526_2496228894,0,0,15
1732.0,cluster_12013799527_12013799528_2190601967,0,0,15
1732.0,cluster_12013799529_12013799530_473195061,5,2,21
1733.0,2496228891,1,0,15
1733.0,cluster_12013799525_12013799526_2496228894,0,0,15
1733.0,cluster_12013799529_12013799530_473195061,5,2,21
1734.0,2496228891,1,0,15
1734.0,cluster_12013799525_12013799526_2496228894,0,0,15
1734.0,cluster_12013799529_12013799530_473195061,5,2,21
1735.0,2496228891,0,0,15
1735.0,cluster_12013799529_12013799530_473195061,4,2,21
1736.0,2496228891,2,0,15
1736.0,cluster_12013799527_12013799528_2190601967,0,2,15
1736.0,cluster_12013799529_12013799530_473195061,3,2,15
1737.0,2496228891,2,0,15
1737.0,cluster_12013799527_12013799528_2190601967,0,2,15
1737.0,cluster_12013799529_12013799530_473195061,3,2,15
1738.0,2496228891,2,0,15
1738.0,cluster_12013799525_12013799526_2496228894,4,2,21
1738.0,cluster_12013799527_12013799528_2190601967,0,2,15
1738.0,cluster_12013799529_12013799530_473195061,3,2,15
1739.0,2496228891,2,0,15
1739.0,cluster_12013799525_12013799526_2496228894,4,2,21
1739.0,cluster_12013799527_12013799528_2190601967,0,2,15
1739.0,cluster_12013799529_12013799530_473195061,2,2,15
1740.0,2496228891,2,0,15
1740.0,cluster_12013799525_12013799526_2496228894,4,2,21
1740.0,cluster_12013799527_12013799528_2190601967,0,2,15
1740.0,cluster_12013799529_12013799530_473195061,2,2,15
1741.0,2496228891,0,0,15
1741.0,cluster_12013799525_12013799526_2496228894,4,2,21
1741.0,cluster_12013799527_12013799528_2190601967,0,2,15
1741.0,cluster_12013799529_12013799530_473195061,1,2,15
1742.0,cluster_12013799525_12013799526_2496228894,3,2,15
1742.0,cluster_12013799527_12013799528_2190601967,0,2,15
1742.0,cluster_12013799529_12013799530_473195061,1,2,15
1743.0,cluster_12013799525_12013799526_2496228894,3,2,15
1743.0,cluster_12013799527_12013799528_2190601967,1,2,15
1743.0,cluster_12013799529_12013799530_473195061,1,2,15
1744.0,cluster_12013799525_12013799526_2496228894,3,2,15
1744.0,cluster_12013799527_12013799528_2190601967,1,2,15
1744.0,cluster_12013799529_12013799530_473195061,0,2,15
1745.0,2496228891,0,2,15
1745.0,cluster_12013799525_12013799526_2496228894,2,2,15
1745.0,cluster_12013799527_12013799528_2190601967,2,2,15
1745.0,cluster_12013799529_12013799530_473195061,0,2,15
1746.0,2496228891,0,2,15
1746.0,cluster_12013799525_12013799526_2496228894,2,2,15
1746.0,cluster_12013799527_12013799528_2190601967,2,2,15
1746.0,cluster_12013799529_12013799530_473195061,0,2,15
1747.0,2496228891,0,2,15
1747.0,cluster_12013799525_12013799526_2496228894,0,2,15
1747.0,cluster_12013799527_12013799528_2190601967,2,2,15
1747.0,cluster_12013799529_12013799530_473195061,0,2,15
1748.0,2496228891,0,2,15
1748.0,cluster_12013799525_12013799526_2496228894,0,2,15
1748.0,cluster_12013799527_12013799528_2190601967,2,2,15
1748.0,cluster_12013799529_12013799530_473195061,0,2,15
1749.0,2496228891,0,2,15
1749.0,cluster_12013799525_12013799526_2496228894,0,2,15
1749.0,cluster_12013799527_12013799528_2190601967,2,2,15
1749.0,cluster_12013799529_12013799530_473195061,0,2,15
1750.0,2496228891,0,2,15
1750.0,cluster_12013799525_12013799526_2496228894,0,2,15
1750.0,cluster_12013799527_12013799528_2190601967,3,2,15
1750.0,cluster_12013799529_12013799530_473195061,0,2,15
1751.0,2496228891,0,2,15
1751.0,cluster_12013799525_12013799526_2496228894,0,2,15
1751.0,cluster_12013799527_12013799528_2190601967,2,2,15
1751.0,cluster_12013799529_12013799530_473195061,0,2,15
1752.0,2496228891,0,2,15
1752.0,cluster_12013799525_12013799526_2496228894,0,2,15
1752.0,cluster_12013799529_12013799530_473195061,0,2,15
1753.0,2496228891,0,2,15
1753.0,cluster_12013799525_12013799526_2496228894,0,2,15
1754.0,2496228891,0,2,15
1754.0,cluster_12013799525_12013799526_2496228894,0,2,15
1755.0,2496228891,0,2,15
1755.0,cluster_12013799525_12013799526_2496228894,0,2,15
1755.0,cluster_12013799527_12013799528_2190601967,0,0,15
1756.0,2496228891,0,2,15
1756.0,cluster_12013799525_12013799526_2496228894,0,2,15
1756.0,cluster_12013799527_12013799528_2190601967,0,0,15
1756.0,cluster_12013799529_12013799530_473195061,0,0,15
1757.0,2496228891,0,2,15
1757.0,cluster_12013799525_12013799526_2496228894,0,2,15
1757.0,cluster_12013799527_12013799528_2190601967,0,0,15
1757.0,cluster_12013799529_12013799530_473195061,0,0,15
1758.0,2496228891,0,2,15
1758.0,cluster_12013799525_12013799526_2496228894,0,2,15
1758.0,cluster_12013799527_12013799528_2190601967,0,0,15
1758.0,cluster_12013799529_12013799530_473195061,0,0,15
1759.0,2496228891,0,2,15
1759.0,cluster_12013799525_12013799526_2496228894,0,2,15
1759.0,cluster_12013799527_12013799528_2190601967,0,0,15
1759.0,cluster_12013799529_12013799530_473195061,0,0,15
1760.0,2496228891,0,2,15
1760.0,cluster_12013799527_12013799528_2190601967,0,0,15
1760.0,cluster_12013799529_12013799530_473195061,0,0,15
1761.0,cluster_12013799527_12013799528_2190601967,0,0,15
1761.0,cluster_12013799529_12013799530_473195061,0,0,15
1762.0,cluster_12013799527_12013799528_2190601967,0,0,15
1762.0,cluster_12013799529_12013799530_473195061,0,0,15
1763.0,cluster_12013799525_12013799526_2496228894,0,0,15
1763.0,cluster_12013799527_12013799528_2190601967,0,0,15
1763.0,cluster_12013799529_12013799530_473195061,0,0,15
1764.0,2496228891,3,0,15
1764.0,cluster_12013799525_12013799526_2496228894,0,0,15
1764.0,cluster_12013799527_12013799528_2190601967,0,0,15
1764.0,cluster_12013799529_12013799530_473195061,0,0,15
1765.0,2496228891,2,0,15
1765.0,cluster_12013799525_12013799526_2496228894,0,0,15
1765.0,cluster_12013799527_12013799528_2190601967,0,0,15
1765.0,cluster_12013799529_12013799530_473195061,0,0,15
1766.0,2496228891,2,0,15
1766.0,cluster_12013799525_12013799526_2496228894,0,0,15
1766.0,cluster_12013799527_12013799528_2190601967,0,0,15
1766.0,cluster_12013799529_12013799530_473195061,0,0,15
1767.0,2496228891,2,0,15
1767.0,cluster_12013799525_12013799526_2496228894,0,0,15
1767.0,cluster_12013799527_12013799528_2190601967,0,0,15
1767.0,cluster_12013799529_12013799530_473195061,0,0,15
1768.0,2496228891,1,0,15
1768.0,cluster_12013799525_12013799526_2496228894,0,0,15
1768.0,cluster_12013799527_12013799528_2190601967,0,0,15
1768.0,cluster_12013799529_12013799530_473195061,0,0,15
1769.0,2496228891,1,0,15
1769.0,cluster_12013799525_12013799526_2496228894,0,0,15
1769.0,cluster_12013799527_12013799528_2190601967,0,0,15
1769.0,cluster_12013799529_12013799530_473195061,0,0,15
1770.0,2496228891,1,0,15
1770.0,cluster_12013799525_12013799526_2496228894,0,0,15
1770.0,cluster_12013799527_12013799528_2190601967,0,0,15
1770.0,cluster_12013799529_12013799530_473195061,0,0,15
1771.0,2496228891,0,0,15
1771.0,cluster_12013799525_12013799526_2496228894,0,0,15
1771.0,cluster_12013799529_12013799530_473195061,0,0,15
1772.0,2496228891,0,0,15
1772.0,cluster_12013799525_12013799526_2496228894,0,0,15
1773.0,2496228891,0,0,15
1773.0,cluster_12013799525_12013799526_2496228894,0,0,15
1774.0,2496228891,0,0,15
1774.0,cluster_12013799525_12013799526_2496228894,0,0,15
1774.0,cluster_12013799527_12013799528_2190601967,1,2,15
1775.0,2496228891,0,0,15
1775.0,cluster_12013799525_12013799526_2496228894,0,0,15
1775.0,cluster_12013799527_12013799528_2190601967,1,2,15
1775.0,cluster_12013799529_12013799530_473195061,0,2,15
1776.0,2496228891,0,0,15
1776.0,cluster_12013799525_12013799526_2496228894,0,0,15
1776.0,cluster_12013799527_12013799528_2190601967,1,2,15
1776.0,cluster_12013799529_12013799530_473195061,0,2,15
1777.0,2496228891,0,0,15
1777.0,cluster_12013799525_12013799526_2496228894,0,0,15
1777.0,cluster_12013799527_12013799528_2190601967,1,2,15
1777.0,cluster_12013799529_12013799530_473195061,0,2,15
1778.0,2496228891,0,0,15
1778.0,cluster_12013799525_12013799526_2496228894,0,0,15
1778.0,cluster_12013799527_12013799528_2190601967,0,2,15
1778.0,cluster_12013799529_12013799530_473195061,1,2,15
1779.0,2496228891,0,0,15
1779.0,cluster_12013799527_12013799528_2190601967,0,2,15
1779.0,cluster_12013799529_12013799530_473195061,1,2,15
1780.0,cluster_12013799527_12013799528_2190601967,0,2,15
1780.0,cluster_12013799529_12013799530_473195061,1,2,15
1781.0,cluster_12013799527_12013799528_2190601967,0,2,15
1781.0,cluster_12013799529_12013799530_473195061,1,2,15
1782.0,cluster_12013799525_12013799526_2496228894,1,2,15
1782.0,cluster_12013799527_12013799528_2190601967,0,2,15
1782.0,cluster_12013799529_12013799530_473195061,1,2,15
1783.0,2496228891,0,2,15
1783.0,cluster_12013799525_12013799526_2496228894,1,2,15
1783.0,cluster_12013799527_12013799528_2190601967,0,2,15
1783.0,cluster_12013799529_12013799530_473195061,1,2,15
1784.0,2496228891,0,2,15
1784.0,cluster_12013799525_12013799526_2496228894,0,2,15
1784.0,cluster_12013799527_12013799528_2190601967,0,2,15
1784.0,cluster_12013799529_12013799530_473195061,1,2,15
1785.0,2496228891,0,2,15
1785.0,cluster_12013799525_12013799526_2496228894,0,2,15
1785.0,cluster_12013799527_12013799528_2190601967,0,2,15
1785.0,cluster_12013799529_12013799530_473195061,1,2,15
1786.0,2496228891,0,2,15
1786.0,cluster_12013799525_12013799526_2496228894,0,2,15
1786.0,cluster_12013799527_12013799528_2190601967,0,2,15
1786.0,cluster_12013799529_12013799530_473195061,1,2,15
1787.0,2496228891,0,2,15
1787.0,cluster_12013799525_12013799526_2496228894,0,2,15
1787.0,cluster_12013799527_12013799528_2190601967,0,2,15
1787.0,cluster_12013799529_12013799530_473195061,1,2,15
1788.0,2496228891,0,2,15
1788.0,cluster_12013799525_12013799526_2496228894,0,2,15
1788.0,cluster_12013799527_12013799528_2190601967,0,2,15
1788.0,cluster_12013799529_12013799530_473195061,1,2,15
1789.0,2496228891,0,2,15
1789.0,cluster_12013799525_12013799526_2496228894,0,2,15
1789.0,cluster_12013799527_12013799528_2190601967,0,2,15
1789.0,cluster_12013799529_12013799530_473195061,0,2,15
1790.0,2496228891,0,2,15
1790.0,cluster_12013799525_12013799526_2496228894,0,2,15
1790.0,cluster_12013799529_12013799530_473195061,0,2,15
1791.0,2496228891,0,2,15
1791.0,cluster_12013799525_12013799526_2496228894,0,2,15
1792.0,2496228891,0,2,15
1792.0,cluster_12013799525_12013799526_2496228894,0,2,15
1793.0,2496228891,0,2,15
1793.0,cluster_12013799525_12013799526_2496228894,0,2,15
1793.0,cluster_12013799527_12013799528_2190601967,0,0,15
1794.0,2496228891,0,2,15
1794.0,cluster_12013799525_12013799526_2496228894,0,2,15
1794.0,cluster_12013799527_12013799528_2190601967,0,0,15
1794.0,cluster_12013799529_12013799530_473195061,0,0,15
1795.0,2496228891,0,2,15
1795.0,cluster_12013799525_12013799526_2496228894,0,2,15
1795.0,cluster_12013799527_12013799528_2190601967,0,0,15
1795.0,cluster_12013799529_12013799530_473195061,0,0,15
1796.0,2496228891,0,2,15
1796.0,cluster_12013799525_12013799526_2496228894,0,2,15
1796.0,cluster_12013799527_12013799528_2190601967,0,0,15
1796.0,cluster_12013799529_12013799530_473195061,0,0,15
1797.0,2496228891,0,2,15
1797.0,cluster_12013799525_12013799526_2496228894,0,2,15
1797.0,cluster_12013799527_12013799528_2190601967,0,0,15
1797.0,cluster_12013799529_12013799530_473195061,0,0,15
1798.0,2496228891,0,2,15
1798.0,cluster_12013799527_12013799528_2190601967,0,0,15
1798.0,cluster_12013799529_12013799530_473195061,0,0,15
1799.0,cluster_12013799527_12013799528_2190601967,0,0,15
1799.0,cluster_12013799529_12013799530_473195061,0,0,15
1800.0,cluster_12013799527_12013799528_2190601967,0,0,15
1800.0,cluster_12013799529_12013799530_473195061,0,0,15
1801.0,cluster_12013799525_12013799526_2496228894,0,0,15
1801.0,cluster_12013799527_12013799528_2190601967,0,0,15
1801.0,cluster_12013799529_12013799530_473195061,0,0,15
1802.0,2496228891,1,0,15
1802.0,cluster_12013799525_12013799526_2496228894,1,0,15
1802.0,cluster_12013799527_12013799528_2190601967,1,0,15
1802.0,cluster_12013799529_12013799530_473195061,1,0,15
1803.0,2496228891,1,0,15
1803.0,cluster_12013799525_12013799526_2496228894,1,0,15
1803.0,cluster_12013799527_12013799528_2190601967,1,0,15
1803.0,cluster_12013799529_12013799530_473195061,1,0,15
1804.0,2496228891,1,0,15
1804.0,cluster_12013799525_12013799526_2496228894,1,0,15
1804.0,cluster_12013799527_12013799528_2190601967,1,0,15
1804.0,cluster_12013799529_12013799530_473195061,1,0,15
1805.0,2496228891,1,0,15
1805.0,cluster_12013799525_12013799526_2496228894,1,0,15
1805.0,cluster_12013799527_12013799528_2190601967,1,0,15
1805.0,cluster_12013799529_12013799530_473195061,1,0,15
1806.0,2496228891,2,0,15
1806.0,cluster_12013799525_12013799526_2496228894,2,0,15
1806.0,cluster_12013799527_12013799528_2190601967,2,0,15
1806.0,cluster_12013799529_12013799530_473195061,2,0,15
1807.0,2496228891,2,0,15
1807.0,cluster_12013799525_12013799526_2496228894,2,0,15
1807.0,cluster_12013799527_12013799528_2190601967,2,0,15
1807.0,cluster_12013799529_12013799530_473195061,2,0,15
1808.0,2496228891,2,0,15
1808.0,cluster_12013799525_12013799526_2496228894,2,0,15
1808.0,cluster_12013799527_12013799528_2190601967,2,0,15
1808.0,cluster_12013799529_12013799530_473195061,2,0,15
1809.0,2496228891,2,0,15
1809.0,cluster_12013799525_12013799526_2496228894,2,0,15
1809.0,cluster_12013799529_12013799530_473195061,2,0,15
1810.0,2496228891,3,0,15
1810.0,cluster_12013799525_12013799526_2496228894,3,0,15
1811.0,2496228891,3,0,15
1811.0,cluster_12013799525_12013799526_2496228894,3,0,15
1812.0,2496228891,3,0,15
1812.0,cluster_12013799525_12013799526_2496228894,2,0,15
1812.0,cluster_12013799527_12013799528_2190601967,2,2,15
1813.0,2496228891,3,0,15
1813.0,cluster_12013799525_12013799526_2496228894,2,0,15
1813.0,cluster_12013799527_12013799528_2190601967,2,2,15
1813.0,cluster_12013799529_12013799530_473195061,3,2,15
1814.0,2496228891,4,0,23
1814.0,cluster_12013799525_12013799526_2496228894,3,0,15
1814.0,cluster_12013799527_12013799528_2190601967,4,2,23
1814.0,cluster_12013799529_12013799530_473195061,4,2,23
1815.0,2496228891,4,0,21
1815.0,cluster_12013799525_12013799526_2496228894,3,0,15
1815.0,cluster_12013799527_12013799528_2190601967,4,2,21
1815.0,cluster_12013799529_12013799530_473195061,4,2,21
1816.0,2496228891,4,0,21
1816.0,cluster_12013799525_12013799526_2496228894,2,0,15
1816.0,cluster_12013799527_12013799528_2190601967,3,2,15
1816.0,cluster_12013799529_12013799530_473195061,4,2,21
1817.0,2496228891,4,0,21
1817.0,cluster_12013799527_12013799528_2190601967,3,2,15
1817.0,cluster_12013799529_12013799530_473195061,4,2,21
1818.0,cluster_12013799527_12013799528_2190601967,4,2,23
1818.0,cluster_12013799529_12013799530_473195061,5,2,23
1819.0,cluster_12013799527_12013799528_2190601967,4,2,23
1819.0,cluster_12013799529_12013799530_473195061,5,2,21
1820.0,cluster_12013799525_12013799526_2496228894,3,2,15
1820.0,cluster_12013799527_12013799528_2190601967,4,2,21
1820.0,cluster_12013799529_12013799530_473195061,5,2,21
1821.0,2496228891,2,2,15
1821.0,cluster_12013799525_12013799526_2496228894,2,2,15
1821.0,cluster_12013799527_12013799528_2190601967,4,2,21
1821.0,cluster_12013799529_12013799530_473195061,5,2,21
1822.0,2496228891,2,2,15
1822.0,cluster_12013799525_12013799526_2496228894,2,2,15
1822.0,cluster_12013799527_12013799528_2190601967,4,2,21
1822.0,cluster_12013799529_12013799530_473195061,6,2,23
1823.0,2496228891,2,2,15
1823.0,cluster_12013799525_12013799526_2496228894,2,2,15
1823.0,cluster_12013799527_12013799528_2190601967,3,2,15
1823.0,cluster_12013799529_12013799530_473195061,6,2,21
1824.0,2496228891,2,2,15
1824.0,cluster_12013799525_12013799526_2496228894,2,2,15
1824.0,cluster_12013799527_12013799528_2190601967,3,2,15
1824.0,cluster_12013799529_12013799530_473195061,6,2,21
1825.0,2496228891,1,2,15
1825.0,cluster_12013799525_12013799526_2496228894,2,2,15
1825.0,cluster_12013799527_12013799528_2190601967,3,2,15
1825.0,cluster_12013799529_12013799530_473195061,7,2,23
1826.0,2496228891,1,2,15
1826.0,cluster_12013799525_12013799526_2496228894,2,2,15
1826.0,cluster_12013799527_12013799528_2190601967,3,2,15
1826.0,cluster_12013799529_12013799530_473195061,8,2,24
1827.0,2496228891,1,2,15
1827.0,cluster_12013799525_12013799526_2496228894,3,2,15
1827.0,cluster_12013799527_12013799528_2190601967,3,2,15
1827.0,cluster_12013799529_12013799530_473195061,8,2,21
1828.0,2496228891,0,2,15
1828.0,cluster_12013799525_12013799526_2496228894,2,2,15
1828.0,cluster_12013799529_12013799530_473195061,8,2,21
1829.0,2496228891,0,2,15
1829.0,cluster_12013799525_12013799526_2496228894,3,2,15
1830.0,2496228891,0,2,15
1830.0,cluster_12013799525_12013799526_2496228894,3,2,15
1831.0,2496228891,0,2,15
1831.0,cluster_12013799525_12013799526_2496228894,3,2,15
1831.0,cluster_12013799527_12013799528_2190601967,7,0,21
1832.0,2496228891,0,2,15
1832.0,cluster_12013799525_12013799526_2496228894,3,2,15
1832.0,cluster_12013799527_12013799528_2190601967,6,0,21
1832.0,cluster_12013799529_12013799530_473195061,4,0,21
1833.0,2496228891,0,2,15
1833.0,cluster_12013799525_12013799526_2496228894,3,2,15
1833.0,cluster_12013799527_12013799528_2190601967,6,0,21
1833.0,cluster_12013799529_12013799530_473195061,4,0,21
1834.0,2496228891,0,2,15
1834.0,cluster_12013799525_12013799526_2496228894,3,2,15
1834.0,cluster_12013799527_12013799528_2190601967,6,0,21
1834.0,cluster_12013799529_12013799530_473195061,4,0,21
1835.0,2496228891,0,2,15
1835.0,cluster_12013799525_12013799526_2496228894,2,2,15
1835.0,cluster_12013799527_12013799528_2190601967,5,0,21
1835.0,cluster_12013799529_12013799530_473195061,4,0,21
1836.0,2496228891,0,2,15
1836.0,cluster_12013799527_12013799528_2190601967,5,0,21
1836.0,cluster_12013799529_12013799530_473195061,4,0,21
1837.0,cluster_12013799527_12013799528_2190601967,5,0,21
1837.0,cluster_12013799529_12013799530_473195061,3,0,15
1838.0,cluster_12013799527_12013799528_2190601967,4,0,21
1838.0,cluster_12013799529_12013799530_473195061,3,0,15
1839.0,cluster_12013799525_12013799526_2496228894,2,0,15
1839.0,cluster_12013799527_12013799528_2190601967,4,0,21
1839.0,cluster_12013799529_12013799530_473195061,2,0,15
1840.0,2496228891,6,0,21
1840.0,cluster_12013799525_12013799526_2496228894,1,0,15
1840.0,cluster_12013799527_12013799528_2190601967,4,0,21
1840.0,cluster_12013799529_12013799530_473195061,2,0,15
1841.0,2496228891,6,0,21
1841.0,cluster_12013799525_12013799526_2496228894,1,0,15
1841.0,cluster_12013799527_12013799528_2190601967,3,0,15
1841.0,cluster_12013799529_12013799530_473195061,2,0,15
1842.0,2496228891,3,0,15
1842.0,cluster_12013799525_12013799526_2496228894,1,0,15
1842.0,cluster_12013799527_12013799528_2190601967,3,0,15
1842.0,cluster_12013799529_12013799530_473195061,1,0,15
1843.0,2496228891,4,0,23
1843.0,cluster_12013799525_12013799526_2496228894,0,0,15
1843.0,cluster_12013799527_12013799528_2190601967,3,0,15
1843.0,cluster_12013799529_12013799530_473195061,1,0,15
1844.0,2496228891,2,0,15
1844.0,cluster_12013799525_12013799526_2496228894,0,0,15
1844.0,cluster_12013799527_12013799528_2190601967,2,0,15
1844.0,cluster_12013799529_12013799530_473195061,1,0,15
1845.0,2496228891,1,0,15
1845.0,cluster_12013799525_12013799526_2496228894,0,0,15
1845.0,cluster_12013799527_12013799528_2190601967,2,0,15
1845.0,cluster_12013799529_12013799530_473195061,0,0,15
1846.0,2496228891,2,0,15
1846.0,cluster_12013799525_12013799526_2496228894,0,0,15
1846.0,cluster_12013799527_12013799528_2190601967,1,0,15
1846.0,cluster_12013799529_12013799530_473195061,0,0,15
1847.0,2496228891,1,0,15
1847.0,cluster_12013799525_12013799526_2496228894,0,0,15
1847.0,cluster_12013799527_12013799528_2190601967,1,0,15
1847.0,cluster_12013799529_12013799530_473195061,0,0,15
1848.0,2496228891,2,0,15
1848.0,cluster_12013799525_12013799526_2496228894,0,0,15
1848.0,cluster_12013799527_12013799528_2190601967,0,0,15
1848.0,cluster_12013799529_12013799530_473195061,0,0,15
1849.0,2496228891,2,0,15
1849.0,cluster_12013799525_12013799526_2496228894,0,0,15
1849.0,cluster_12013799527_12013799528_2190601967,0,0,15
1849.0,cluster_12013799529_12013799530_473195061,0,0,15
1850.0,2496228891,3,0,15
1850.0,cluster_12013799525_12013799526_2496228894,0,0,15
1850.0,cluster_12013799527_12013799528_2190601967,0,0,15
1850.0,cluster_12013799529_12013799530_473195061,0,0,15
1851.0,2496228891,2,0,15
1851.0,cluster_12013799525_12013799526_2496228894,0,0,15
1851.0,cluster_12013799527_12013799528_2190601967,0,0,15
1851.0,cluster_12013799529_12013799530_473195061,0,0,15
1852.0,2496228891,2,0,15
1852.0,cluster_12013799525_12013799526_2496228894,0,0,15
1852.0,cluster_12013799527_12013799528_2190601967,0,0,15
1852.0,cluster_12013799529_12013799530_473195061,0,0,15
1853.0,2496228891,3,0,15
1853.0,cluster_12013799525_12013799526_2496228894,0,0,15
1853.0,cluster_12013799529_12013799530_473195061,0,0,15
1854.0,2496228891,2,0,15
1854.0,cluster_12013799525_12013799526_2496228894,0,0,15
1855.0,2496228891,2,0,15
1856.0,2496228891,1,0,15
1856.0,cluster_12013799527_12013799528_2190601967,1,2,15
1857.0,2496228891,1,0,15
1857.0,cluster_12013799527_12013799528_2190601967,1,2,15
1857.0,cluster_12013799529_12013799530_473195061,6,2,21
1858.0,2496228891,1,0,15
1858.0,cluster_12013799525_12013799526_2496228894,3,2,15
1858.0,cluster_12013799527_12013799528_2190601967,0,2,15
1858.0,cluster_12013799529_12013799530_473195061,6,2,21
1859.0,2496228891,1,0,15
1859.0,cluster_12013799525_12013799526_2496228894,3,2,15
1859.0,cluster_12013799527_12013799528_2190601967,0,2,15
1859.0,cluster_12013799529_12013799530_473195061,6,2,21
1860.0,2496228891,1,0,15
1860.0,cluster_12013799525_12013799526_2496228894,3,2,15
1860.0,cluster_12013799527_12013799528_2190601967,0,2,15
1860.0,cluster_12013799529_12013799530_473195061,7,2,23
1861.0,2496228891,0,0,15
1861.0,cluster_12013799525_12013799526_2496228894,3,2,15
1861.0,cluster_12013799527_12013799528_2190601967,0,2,15
1861.0,cluster_12013799529_12013799530_473195061,6,2,21
1862.0,cluster_12013799525_12013799526_2496228894,2,2,15
1862.0,cluster_12013799527_12013799528_2190601967,1,2,15
1862.0,cluster_12013799529_12013799530_473195061,5,2,21
1863.0,cluster_12013799525_12013799526_2496228894,3,2,15
1863.0,cluster_12013799527_12013799528_2190601967,1,2,15
1863.0,cluster_12013799529_12013799530_473195061,5,2,21
1864.0,cluster_12013799525_12013799526_2496228894,3,2,15
1864.0,cluster_12013799527_12013799528_2190601967,1,2,15
1864.0,cluster_12013799529_12013799530_473195061,4,2,21
1865.0,2496228891,0,2,15
1865.0,cluster_12013799525_12013799526_2496228894,2,2,15
1865.0,cluster_12013799527_12013799528_2190601967,2,2,15
1865.0,cluster_12013799529_12013799530_473195061,3,2,15
1866.0,2496228891,0,2,15
1866.0,cluster_12013799525_12013799526_2496228894,2,2,15
1866.0,cluster_12013799527_12013799528_2190601967,2,2,15
1866.0,cluster_12013799529_12013799530_473195061,3,2,15
1867.0,2496228891,0,2,15
1867.0,cluster_12013799525_12013799526_2496228894,1,2,15
1867.0,cluster_12013799527_12013799528_2190601967,2,2,15
1867.0,cluster_12013799529_12013799530_473195061,2,2,15
1868.0,2496228891,0,2,15
1868.0,cluster_12013799525_12013799526_2496228894,1,2,15
1868.0,cluster_12013799527_12013799528_2190601967,1,2,15
1868.0,cluster_12013799529_12013799530_473195061,2,2,15
1869.0,2496228891,0,2,15
1869.0,cluster_12013799525_12013799526_2496228894,1,2,15
1869.0,cluster_12013799527_12013799528_2190601967,2,2,15
1869.0,cluster_12013799529_12013799530_473195061,1,2,15
1870.0,2496228891,0,2,15
1870.0,cluster_12013799525_12013799526_2496228894,1,2,15
1870.0,cluster_12013799527_12013799528_2190601967,1,2,15
1870.0,cluster_12013799529_12013799530_473195061,1,2,15
1871.0,2496228891,0,2,15
1871.0,cluster_12013799525_12013799526_2496228894,1,2,15
1871.0,cluster_12013799527_12013799528_2190601967,2,2,15
1871.0,cluster_12013799529_12013799530_473195061,1,2,15
1872.0,2496228891,0,2,15
1872.0,cluster_12013799525_12013799526_2496228894,1,2,15
1872.0,cluster_12013799529_12013799530_473195061,0,2,15
1873.0,2496228891,0,2,15
1873.0,cluster_12013799525_12013799526_2496228894,1,2,15
1873.0,cluster_12013799529_12013799530_473195061,0,2,15
1874.0,2496228891,0,2,15
1874.0,cluster_12013799529_12013799530_473195061,0,2,15
1875.0,2496228891,0,2,15
1875.0,cluster_12013799527_12013799528_2190601967,0,0,15
1875.0,cluster_12013799529_12013799530_473195061,0,2,15
1876.0,2496228891,0,2,15
1876.0,cluster_12013799527_12013799528_2190601967,0,0,15
1876.0,cluster_12013799529_12013799530_473195061,0,2,15
1877.0,2496228891,0,2,15
1877.0,cluster_12013799525_12013799526_2496228894,0,0,15
1877.0,cluster_12013799527_12013799528_2190601967,0,0,15
1877.0,cluster_12013799529_12013799530_473195061,0,2,15
1878.0,2496228891,0,2,15
1878.0,cluster_12013799525_12013799526_2496228894,0,0,15
1878.0,cluster_12013799527_12013799528_2190601967,0,0,15
1878.0,cluster_12013799529_12013799530_473195061,0,2,15
1879.0,2496228891,0,2,15
1879.0,cluster_12013799525_12013799526_2496228894,0,0,15
1879.0,cluster_12013799527_12013799528_2190601967,0,0,15
1880.0,2496228891,0,2,15
1880.0,cluster_12013799525_12013799526_2496228894,0,0,15
1880.0,cluster_12013799527_12013799528_2190601967,0,0,15
1881.0,cluster_12013799525_12013799526_2496228894,0,0,15
1881.0,cluster_12013799527_12013799528_2190601967,0,0,15
1882.0,cluster_12013799525_12013799526_2496228894,0,0,15
1882.0,cluster_12013799527_12013799528_2190601967,0,0,15
1882.0,cluster_12013799529_12013799530_473195061,0,0,15
1883.0,cluster_12013799525_12013799526_2496228894,0,0,15
1883.0,cluster_12013799527_12013799528_2190601967,0,0,15
1883.0,cluster_12013799529_12013799530_473195061,0,0,15
1884.0,2496228891,4,0,21
1884.0,cluster_12013799525_12013799526_2496228894,0,0,15
1884.0,cluster_12013799527_12013799528_2190601967,0,0,15
1884.0,cluster_12013799529_12013799530_473195061,0,0,15
1885.0,2496228891,3,0,15
1885.0,cluster_12013799525_12013799526_2496228894,0,0,15
1885.0,cluster_12013799527_12013799528_2190601967,0,0,15
1885.0,cluster_12013799529_12013799530_473195061,0,0,15
1886.0,2496228891,3,0,15
1886.0,cluster_12013799525_12013799526_2496228894,0,0,15
1886.0,cluster_12013799527_12013799528_2190601967,0,0,15
1886.0,cluster_12013799529_12013799530_473195061,0,0,15
1887.0,2496228891,3,0,15
1887.0,cluster_12013799525_12013799526_2496228894,0,0,15
1887.0,cluster_12013799527_12013799528_2190601967,0,0,15
1887.0,cluster_12013799529_12013799530_473195061,0,0,15
1888.0,2496228891,2,0,15
1888.0,cluster_12013799525_12013799526_2496228894,0,0,15
1888.0,cluster_12013799527_12013799528_2190601967,0,0,15
1888.0,cluster_12013799529_12013799530_473195061,0,0,15
1889.0,2496228891,1,0,15
1889.0,cluster_12013799525_12013799526_2496228894,0,0,15
1889.0,cluster_12013799527_12013799528_2190601967,0,0,15
1889.0,cluster_12013799529_12013799530_473195061,0,0,15
1890.0,2496228891,1,0,15
1890.0,cluster_12013799525_12013799526_2496228894,0,0,15
1890.0,cluster_12013799527_12013799528_2190601967,0,0,15
1890.0,cluster_12013799529_12013799530_473195061,0,0,15
1891.0,2496228891,0,0,15
1891.0,cluster_12013799525_12013799526_2496228894,0,0,15
1891.0,cluster_12013799529_12013799530_473195061,0,0,15
1892.0,2496228891,0,0,15
1892.0,cluster_12013799525_12013799526_2496228894,0,0,15
1892.0,cluster_12013799529_12013799530_473195061,0,0,15
1893.0,2496228891,0,0,15
1893.0,cluster_12013799529_12013799530_473195061,0,0,15
1894.0,2496228891,0,0,15
1894.0,cluster_12013799527_12013799528_2190601967,1,2,15
1894.0,cluster_12013799529_12013799530_473195061,0,0,15
1895.0,2496228891,0,0,15
1895.0,cluster_12013799527_12013799528_2190601967,0,2,15
1895.0,cluster_12013799529_12013799530_473195061,0,0,15
1896.0,2496228891,0,0,15
1896.0,cluster_12013799525_12013799526_2496228894,3,2,15
1896.0,cluster_12013799527_12013799528_2190601967,0,2,15
1896.0,cluster_12013799529_12013799530_473195061,0,0,15
1897.0,2496228891,0,0,15
1897.0,cluster_12013799525_12013799526_2496228894,3,2,15
1897.0,cluster_12013799527_12013799528_2190601967,0,2,15
1897.0,cluster_12013799529_12013799530_473195061,0,0,15
1898.0,2496228891,0,0,15
1898.0,cluster_12013799525_12013799526_2496228894,3,2,15
1898.0,cluster_12013799527_12013799528_2190601967,0,2,15
1899.0,2496228891,0,0,15
1899.0,cluster_12013799525_12013799526_2496228894,3,2,15
1899.0,cluster_12013799527_12013799528_2190601967,0,2,15
1900.0,2496228891,0,0,15
1900.0,cluster_12013799525_12013799526_2496228894,2,2,15
1900.0,cluster_12013799527_12013799528_2190601967,0,2,15
1901.0,2496228891,0,0,15
1901.0,cluster_12013799525_12013799526_2496228894,2,2,15
1901.0,cluster_12013799527_12013799528_2190601967,1,2,15
1901.0,cluster_12013799529_12013799530_473195061,1,2,15
1902.0,2496228891,0,0,15
1902.0,cluster_12013799525_12013799526_2496228894,1,2,15
1902.0,cluster_12013799527_12013799528_2190601967,1,2,15
1902.0,cluster_12013799529_12013799530_473195061,1,2,15
1903.0,2496228891,0,0,15
1903.0,cluster_12013799525_12013799526_2496228894,0,2,15
1903.0,cluster_12013799527_12013799528_2190601967,1,2,15
1903.0,cluster_12013799529_12013799530_473195061,1,2,15
1904.0,2496228891,0,0,15
1904.0,cluster_12013799525_12013799526_2496228894,0,2,15
1904.0,cluster_12013799527_12013799528_2190601967,1,2,15
1904.0,cluster_12013799529_12013799530_473195061,1,2,15
1905.0,2496228891,0,0,15
1905.0,cluster_12013799525_12013799526_2496228894,0,2,15
1905.0,cluster_12013799527_12013799528_2190601967,1,2,15
1905.0,cluster_12013799529_12013799530_473195061,1,2,15
1906.0,cluster_12013799525_12013799526_2496228894,0,2,15
1906.0,cluster_12013799527_12013799528_2190601967,1,2,15
1906.0,cluster_12013799529_12013799530_473195061,1,2,15
1907.0,cluster_12013799525_12013799526_2496228894,0,2,15
1907.0,cluster_12013799527_12013799528_2190601967,1,2,15
1907.0,cluster_12013799529_12013799530_473195061,1,2,15
1908.0,cluster_12013799525_12013799526_2496228894,0,2,15
1908.0,cluster_12013799527_12013799528_2190601967,0,2,15
1908.0,cluster_12013799529_12013799530_473195061,0,2,15
1909.0,2496228891,0,2,15
1909.0,cluster_12013799525_12013799526_2496228894,0,2,15
1909.0,cluster_12013799527_12013799528_2190601967,1,2,15
1909.0,cluster_12013799529_12013799530_473195061,0,2,15
1910.0,2496228891,0,2,15
1910.0,cluster_12013799525_12013799526_2496228894,0,2,15
1910.0,cluster_12013799529_12013799530_473195061,0,2,15
1911.0,2496228891,0,2,15
1911.0,cluster_12013799525_12013799526_2496228894,0,2,15
1911.0,cluster_12013799529_12013799530_473195061,0,2,15
1912.0,2496228891,0,2,15
1912.0,cluster_12013799529_12013799530_473195061,0,2,15
1913.0,2496228891,0,2,15
1913.0,cluster_12013799527_12013799528_2190601967,0,0,15
1913.0,cluster_12013799529_12013799530_473195061,0,2,15
1914.0,2496228891,0,2,15
1914.0,cluster_12013799527_12013799528_2190601967,0,0,15
1914.0,cluster_12013799529_12013799530_473195061,0,2,15
1915.0,2496228891,0,2,15
1915.0,cluster_12013799525_12013799526_2496228894,0,0,15
1915.0,cluster_12013799527_12013799528_2190601967,0,0,15
1915.0,cluster_12013799529_12013799530_473195061,0,2,15
1916.0,2496228891,0,2,15
1916.0,cluster_12013799525_12013799526_2496228894,0,0,15
1916.0,cluster_12013799527_12013799528_2190601967,0,0,15
1916.0,cluster_12013799529_12013799530_473195061,0,2,15
1917.0,2496228891,0,2,15
1917.0,cluster_12013799525_12013799526_2496228894,0,0,15
1917.0,cluster_12013799527_12013799528_2190601967,0,0,15
1918.0,2496228891,0,2,15
1918.0,cluster_12013799525_12013799526_2496228894,0,0,15
1918.0,cluster_12013799527_12013799528_2190601967,0,0,15
1919.0,2496228891,0,2,15
1919.0,cluster_12013799525_12013799526_2496228894,0,0,15
1919.0,cluster_12013799527_12013799528_2190601967,0,0,15
1920.0,2496228891,0,2,15
1920.0,cluster_12013799525_12013799526_2496228894,0,0,15
1920.0,cluster_12013799527_12013799528_2190601967,0,0,15
1920.0,cluster_12013799529_12013799530_473195061,0,0,15
1921.0,2496228891,0,2,15
1921.0,cluster_12013799525_12013799526_2496228894,0,0,15
1921.0,cluster_12013799527_12013799528_2190601967,0,0,15
1921.0,cluster_12013799529_12013799530_473195061,0,0,15
1922.0,2496228891,0,2,15
1922.0,cluster_12013799525_12013799526_2496228894,0,0,15
1922.0,cluster_12013799527_12013799528_2190601967,0,0,15
1922.0,cluster_12013799529_12013799530_473195061,0,0,15
1923.0,2496228891,0,2,15
1923.0,cluster_12013799525_12013799526_2496228894,0,0,15
1923.0,cluster_12013799527_12013799528_2190601967,0,0,15
1923.0,cluster_12013799529_12013799530_473195061,0,0,15
1924.0,2496228891,0,2,15
1924.0,cluster_12013799525_12013799526_2496228894,0,0,15
1924.0,cluster_12013799527_12013799528_2190601967,0,0,15
1924.0,cluster_12013799529_12013799530_473195061,0,0,15
1925.0,cluster_12013799525_12013799526_2496228894,0,0,15
1925.0,cluster_12013799527_12013799528_2190601967,0,0,15
1925.0,cluster_12013799529_12013799530_473195061,0,0,15
1926.0,cluster_12013799525_12013799526_2496228894,0,0,15
1926.0,cluster_12013799527_12013799528_2190601967,0,0,15
1926.0,cluster_12013799529_12013799530_473195061,0,0,15
1927.0,cluster_12013799525_12013799526_2496228894,0,0,15
1927.0,cluster_12013799527_12013799528_2190601967,0,0,15
1927.0,cluster_12013799529_12013799530_473195061,0,0,15
1928.0,2496228891,0,0,15
1928.0,cluster_12013799525_12013799526_2496228894,0,0,15
1928.0,cluster_12013799527_12013799528_2190601967,0,0,15
1928.0,cluster_12013799529_12013799530_473195061,0,0,15
1929.0,2496228891,0,0,15
1929.0,cluster_12013799525_12013799526_2496228894,0,0,15
1929.0,cluster_12013799529_12013799530_473195061,0,0,15
1930.0,2496228891,0,0,15
1930.0,cluster_12013799525_12013799526_2496228894,0,0,15
1930.0,cluster_12013799529_12013799530_473195061,0,0,15
1931.0,2496228891,0,0,15
1931.0,cluster_12013799529_12013799530_473195061,0,0,15
1932.0,2496228891,0,0,15
1932.0,cluster_12013799527_12013799528_2190601967,1,2,15
1932.0,cluster_12013799529_12013799530_473195061,0,0,15
1933.0,2496228891,0,0,15
1933.0,cluster_12013799527_12013799528_2190601967,0,2,15
1933.0,cluster_12013799529_12013799530_473195061,0,0,15
1934.0,2496228891,0,0,15
1934.0,cluster_12013799525_12013799526_2496228894,0,2,15
1934.0,cluster_12013799527_12013799528_2190601967,0,2,15
1934.0,cluster_12013799529_12013799530_473195061,0,0,15
1935.0,2496228891,0,0,15
1935.0,cluster_12013799525_12013799526_2496228894,0,2,15
1935.0,cluster_12013799527_12013799528_2190601967,0,2,15
1935.0,cluster_12013799529_12013799530_473195061,0,0,15
1936.0,2496228891,0,0,15
1936.0,cluster_12013799525_12013799526_2496228894,0,2,15
1936.0,cluster_12013799527_12013799528_2190601967,0,2,15
1937.0,2496228891,0,0,15
1937.0,cluster_12013799525_12013799526_2496228894,0,2,15
1937.0,cluster_12013799527_12013799528_2190601967,0,2,15
1938.0,2496228891,0,0,15
1938.0,cluster_12013799525_12013799526_2496228894,0,2,15
1938.0,cluster_12013799527_12013799528_2190601967,0,2,15
1939.0,2496228891,0,0,15
1939.0,cluster_12013799525_12013799526_2496228894,0,2,15
1939.0,cluster_12013799527_12013799528_2190601967,0,2,15
1939.0,cluster_12013799529_12013799530_473195061,0,2,15
1940.0,2496228891,1,0,15
1940.0,cluster_12013799525_12013799526_2496228894,1,2,15
1940.0,cluster_12013799527_12013799528_2190601967,1,2,15
1940.0,cluster_12013799529_12013799530_473195061,1,2,15
1941.0,2496228891,1,0,15
1941.0,cluster_12013799525_12013799526_2496228894,1,2,15
1941.0,cluster_12013799527_12013799528_2190601967,1,2,15
1941.0,cluster_12013799529_12013799530_473195061,1,2,15
1942.0,2496228891,1,0,15
1942.0,cluster_12013799525_12013799526_2496228894,1,2,15
1942.0,cluster_12013799527_12013799528_2190601967,1,2,15
1942.0,cluster_12013799529_12013799530_473195061,1,2,15
1943.0,2496228891,1,0,15
1943.0,cluster_12013799525_12013799526_2496228894,1,2,15
1943.0,cluster_12013799527_12013799528_2190601967,1,2,15
1943.0,cluster_12013799529_12013799530_473195061,1,2,15
1944.0,cluster_12013799525_12013799526_2496228894,2,2,15
1944.0,cluster_12013799527_12013799528_2190601967,2,2,15
1944.0,cluster_12013799529_12013799530_473195061,2,2,15
1945.0,cluster_12013799525_12013799526_2496228894,2,2,15
1945.0,cluster_12013799527_12013799528_2190601967,2,2,15
1945.0,cluster_12013799529_12013799530_473195061,2,2,15
1946.0,cluster_12013799525_12013799526_2496228894,2,2,15
1946.0,cluster_12013799527_12013799528_2190601967,2,2,15
1946.0,cluster_12013799529_12013799530_473195061,2,2,15
1947.0,2496228891,2,2,15
1947.0,cluster_12013799525_12013799526_2496228894,2,2,15
1947.0,cluster_12013799527_12013799528_2190601967,2,2,15
1947.0,cluster_12013799529_12013799530_473195061,2,2,15
1948.0,2496228891,2,2,15
1948.0,cluster_12013799525_12013799526_2496228894,2,2,15
1948.0,cluster_12013799529_12013799530_473195061,3,2,15
1949.0,2496228891,3,2,15
1949.0,cluster_12013799525_12013799526_2496228894,3,2,15
1949.0,cluster_12013799529_12013799530_473195061,3,2,15
1950.0,2496228891,3,2,15
1950.0,cluster_12013799529_12013799530_473195061,3,2,15
1951.0,2496228891,3,2,15
1951.0,cluster_12013799527_12013799528_2190601967,3,0,15
1951.0,cluster_12013799529_12013799530_473195061,3,2,15
1952.0,2496228891,2,2,15
1952.0,cluster_12013799527_12013799528_2190601967,4,0,23
1952.0,cluster_12013799529_12013799530_473195061,4,2,21
1953.0,2496228891,3,2,15
1953.0,cluster_12013799525_12013799526_2496228894,3,0,15
1953.0,cluster_12013799527_12013799528_2190601967,4,0,21
1953.0,cluster_12013799529_12013799530_473195061,4,2,21
1954.0,2496228891,3,2,15
1954.0,cluster_12013799525_12013799526_2496228894,3,0,15
1954.0,cluster_12013799527_12013799528_2190601967,4,0,21
1954.0,cluster_12013799529_12013799530_473195061,4,2,21
1955.0,2496228891,3,2,15
1955.0,cluster_12013799525_12013799526_2496228894,3,0,15
1955.0,cluster_12013799527_12013799528_2190601967,4,0,21
1956.0,2496228891,2,2,15
1956.0,cluster_12013799525_12013799526_2496228894,3,0,15
1956.0,cluster_12013799527_12013799528_2190601967,4,0,21
1957.0,2496228891,3,2,15
1957.0,cluster_12013799525_12013799526_2496228894,2,0,15
1957.0,cluster_12013799527_12013799528_2190601967,4,0,21
1958.0,2496228891,2,2,15
1958.0,cluster_12013799525_12013799526_2496228894,2,0,15
1958.0,cluster_12013799527_12013799528_2190601967,4,0,21
1958.0,cluster_12013799529_12013799530_473195061,4,0,21
1959.0,2496228891,2,2,15
1959.0,cluster_12013799525_12013799526_2496228894,2,0,15
1959.0,cluster_12013799527_12013799528_2190601967,4,0,21
1959.0,cluster_12013799529_12013799530_473195061,4,0,21
1960.0,2496228891,2,2,15
1960.0,cluster_12013799525_12013799526_2496228894,1,0,15
1960.0,cluster_12013799527_12013799528_2190601967,4,0,21
1960.0,cluster_12013799529_12013799530_473195061,4,0,21
1961.0,2496228891,1,2,15
1961.0,cluster_12013799525_12013799526_2496228894,1,0,15
1961.0,cluster_12013799527_12013799528_2190601967,4,0,21
1961.0,cluster_12013799529_12013799530_473195061,4,0,21
1962.0,2496228891,1,2,15
1962.0,cluster_12013799525_12013799526_2496228894,1,0,15
1962.0,cluster_12013799527_12013799528_2190601967,4,0,21
1962.0,cluster_12013799529_12013799530_473195061,3,0,15
1963.0,cluster_12013799525_12013799526_2496228894,0,0,15
1963.0,cluster_12013799527_12013799528_2190601967,4,0,21
1963.0,cluster_12013799529_12013799530_473195061,3,0,15
1964.0,cluster_12013799525_12013799526_2496228894,0,0,15
1964.0,cluster_12013799527_12013799528_2190601967,4,0,21
1964.0,cluster_12013799529_12013799530_473195061,3,0,15
1965.0,cluster_12013799525_12013799526_2496228894,0,0,15
1965.0,cluster_12013799527_12013799528_2190601967,4,0,21
1965.0,cluster_12013799529_12013799530_473195061,2,0,15
1966.0,2496228891,4,0,21
1966.0,cluster_12013799525_12013799526_2496228894,0,0,15
1966.0,cluster_12013799527_12013799528_2190601967,4,0,21
1966.0,cluster_12013799529_12013799530_473195061,2,0,15
1967.0,2496228891,4,0,21
1967.0,cluster_12013799525_12013799526_2496228894,0,0,15
1967.0,cluster_12013799529_12013799530_473195061,2,0,15
1968.0,2496228891,5,0,23
1968.0,cluster_12013799525_12013799526_2496228894,0,0,15
1968.0,cluster_12013799529_12013799530_473195061,2,0,15
1969.0,2496228891,3,0,15
1969.0,cluster_12013799529_12013799530_473195061,2,0,15
1970.0,2496228891,2,0,15
1970.0,cluster_12013799527_12013799528_2190601967,3,2,15
1970.0,cluster_12013799529_12013799530_473195061,1,0,15
1971.0,2496228891,3,0,15
1971.0,cluster_12013799527_12013799528_2190601967,3,2,15
1971.0,cluster_12013799529_12013799530_473195061,1,0,15
1972.0,2496228891,3,0,15
1972.0,cluster_12013799525_12013799526_2496228894,2,2,15
1972.0,cluster_12013799527_12013799528_2190601967,2,2,15
1972.0,cluster_12013799529_12013799530_473195061,1,0,15
1973.0,2496228891,2,0,15
1973.0,cluster_12013799525_12013799526_2496228894,1,2,15
1973.0,cluster_12013799527_12013799528_2190601967,2,2,15
1973.0,cluster_12013799529_12013799530_473195061,0,0,15
1974.0,2496228891,2,0,15
1974.0,cluster_12013799525_12013799526_2496228894,1,2,15
1974.0,cluster_12013799527_12013799528_2190601967,1,2,15
1974.0,cluster_12013799529_12013799530_473195061,0,0,15
1975.0,2496228891,2,0,15
1975.0,cluster_12013799525_12013799526_2496228894,1,2,15
1975.0,cluster_12013799527_12013799528_2190601967,2,2,15
1975.0,cluster_12013799529_12013799530_473195061,0,0,15
1976.0,2496228891,2,0,15
1976.0,cluster_12013799525_12013799526_2496228894,1,2,15
1976.0,cluster_12013799527_12013799528_2190601967,1,2,15
1976.0,cluster_12013799529_12013799530_473195061,0,0,15
1977.0,2496228891,1,0,15
1977.0,cluster_12013799525_12013799526_2496228894,1,2,15
1977.0,cluster_12013799527_12013799528_2190601967,1,2,15
1977.0,cluster_12013799529_12013799530_473195061,0,0,15
1978.0,2496228891,0,0,15
1978.0,cluster_12013799525_12013799526_2496228894,1,2,15
1978.0,cluster_12013799527_12013799528_2190601967,1,2,15
1978.0,cluster_12013799529_12013799530_473195061,0,0,15
1979.0,2496228891,1,0,15
1979.0,cluster_12013799525_12013799526_2496228894,2,2,15
1979.0,cluster_12013799527_12013799528_2190601967,1,2,15
1979.0,cluster_12013799529_12013799530_473195061,0,0,15
1980.0,2496228891,1,0,15
1980.0,cluster_12013799525_12013799526_2496228894,2,2,15
1980.0,cluster_12013799527_12013799528_2190601967,1,2,15
1981.0,2496228891,1,0,15
1981.0,cluster_12013799525_12013799526_2496228894,2,2,15
1981.0,cluster_12013799527_12013799528_2190601967,0,2,15
1982.0,2496228891,2,0,15
1982.0,cluster_12013799525_12013799526_2496228894,2,2,15
1982.0,cluster_12013799527_12013799528_2190601967,1,2,15
1983.0,2496228891,2,0,15
1983.0,cluster_12013799525_12013799526_2496228894,2,2,15
1983.0,cluster_12013799527_12013799528_2190601967,1,2,15
1983.0,cluster_12013799529_12013799530_473195061,8,2,21
1984.0,2496228891,2,0,15
1984.0,cluster_12013799525_12013799526_2496228894,2,2,15
1984.0,cluster_12013799527_12013799528_2190601967,1,2,15
1984.0,cluster_12013799529_12013799530_473195061,7,2,21
1985.0,2496228891,2,0,15
1985.0,cluster_12013799525_12013799526_2496228894,2,2,15
1985.0,cluster_12013799527_12013799528_2190601967,1,2,15
1985.0,cluster_12013799529_12013799530_473195061,7,2,21
1986.0,2496228891,1,0,15
1986.0,cluster_12013799525_12013799526_2496228894,2,2,15
1986.0,cluster_12013799529_12013799530_473195061,7,2,21
1987.0,2496228891,1,0,15
1987.0,cluster_12013799525_12013799526_2496228894,3,2,15
1987.0,cluster_12013799529_12013799530_473195061,6,2,21
1988.0,cluster_12013799529_12013799530_473195061,6,2,21
1989.0,cluster_12013799527_12013799528_2190601967,4,0,21
1989.0,cluster_12013799529_12013799530_473195061,6,2,21
1990.0,cluster_12013799527_12013799528_2190601967,3,0,15
1990.0,cluster_12013799529_12013799530_473195061,4,2,21
1991.0,2496228891,1,2,15
1991.0,cluster_12013799525_12013799526_2496228894,0,0,15
1991.0,cluster_12013799527_12013799528_2190601967,3,0,15
1991.0,cluster_12013799529_12013799530_473195061,4,2,21
1992.0,2496228891,0,2,15
1992.0,cluster_12013799525_12013799526_2496228894,0,0,15
1992.0,cluster_12013799527_12013799528_2190601967,3,0,15
1992.0,cluster_12013799529_12013799530_473195061,4,2,21
1993.0,2496228891,0,2,15
1993.0,cluster_12013799525_12013799526_2496228894,0,0,15
1993.0,cluster_12013799527_12013799528_2190601967,2,0,15
1993.0,cluster_12013799529_12013799530_473195061,2,2,15
1994.0,2496228891,0,2,15
1994.0,cluster_12013799525_12013799526_2496228894,0,0,15
1994.0,cluster_12013799527_12013799528_2190601967,2,0,15
1994.0,cluster_12013799529_12013799530_473195061,3,2,15
1995.0,2496228891,0,2,15
1995.0,cluster_12013799525_12013799526_2496228894,0,0,15
1995.0,cluster_12013799527_12013799528_2190601967,2,0,15
1995.0,cluster_12013799529_12013799530_473195061,3,2,15
1996.0,2496228891,0,2,15
1996.0,cluster_12013799525_12013799526_2496228894,0,0,15
1996.0,cluster_12013799527_12013799528_2190601967,1,0,15
1996.0,cluster_12013799529_12013799530_473195061,2,2,15
1997.0,2496228891,0,2,15
1997.0,cluster_12013799525_12013799526_2496228894,0,0,15
1997.0,cluster_12013799527_12013799528_2190601967,1,0,15
1997.0,cluster_12013799529_12013799530_473195061,3,2,15
1998.0,2496228891,0,2,15
1998.0,cluster_12013799525_12013799526_2496228894,0,0,15
1998.0,cluster_12013799527_12013799528_2190601967,0,0,15
1998.0,cluster_12013799529_12013799530_473195061,2,2,15
1999.0,2496228891,0,2,15
1999.0,cluster_12013799525_12013799526_2496228894,0,0,15
1999.0,cluster_12013799527_12013799528_2190601967,0,0,15
1999.0,cluster_12013799529_12013799530_473195061,3,2,15
2000.0,2496228891,0,2,15
2000.0,cluster_12013799525_12013799526_2496228894,0,0,15
2000.0,cluster_12013799527_12013799528_2190601967,0,0,15
2000.0,cluster_12013799529_12013799530_473195061,3,2,15
2001.0,2496228891,0,2,15
2001.0,cluster_12013799525_12013799526_2496228894,0,0,15
2001.0,cluster_12013799527_12013799528_2190601967,0,0,15
2001.0,cluster_12013799529_12013799530_473195061,4,2,23
2002.0,2496228891,0,2,15
2002.0,cluster_12013799525_12013799526_2496228894,0,0,15
2002.0,cluster_12013799527_12013799528_2190601967,0,0,15
2002.0,cluster_12013799529_12013799530_473195061,4,2,21
2003.0,2496228891,0,2,15
2003.0,cluster_12013799525_12013799526_2496228894,0,0,15
2003.0,cluster_12013799527_12013799528_2190601967,0,0,15
2003.0,cluster_12013799529_12013799530_473195061,4,2,21
2004.0,2496228891,0,2,15
2004.0,cluster_12013799525_12013799526_2496228894,0,0,15
2004.0,cluster_12013799527_12013799528_2190601967,0,0,15
2004.0,cluster_12013799529_12013799530_473195061,4,2,21
2005.0,2496228891,0,2,15
2005.0,cluster_12013799525_12013799526_2496228894,0,0,15
2005.0,cluster_12013799527_12013799528_2190601967,0,0,15
2006.0,2496228891,0,2,15
2006.0,cluster_12013799525_12013799526_2496228894,0,0,15
2006.0,cluster_12013799527_12013799528_2190601967,0,0,15
2007.0,cluster_12013799527_12013799528_2190601967,0,0,15
2008.0,cluster_12013799527_12013799528_2190601967,0,0,15
2008.0,cluster_12013799529_12013799530_473195061,0,0,15
2009.0,cluster_12013799527_12013799528_2190601967,0,0,15
2009.0,cluster_12013799529_12013799530_473195061,0,0,15
2010.0,2496228891,4,0,21
2010.0,cluster_12013799525_12013799526_2496228894,1,2,15
2010.0,cluster_12013799527_12013799528_2190601967,0,0,15
2010.0,cluster_12013799529_12013799530_473195061,0,0,15
2011.0,2496228891,2,0,15
2011.0,cluster_12013799525_12013799526_2496228894,0,2,15
2011.0,cluster_12013799529_12013799530_473195061,0,0,15
2012.0,2496228891,2,0,15
2012.0,cluster_12013799525_12013799526_2496228894,0,2,15
2012.0,cluster_12013799529_12013799530_473195061,0,0,15
2013.0,2496228891,2,0,15
2013.0,cluster_12013799525_12013799526_2496228894,0,2,15
2013.0,cluster_12013799529_12013799530_473195061,0,0,15
2014.0,2496228891,2,0,15
2014.0,cluster_12013799525_12013799526_2496228894,1,2,15
2014.0,cluster_12013799527_12013799528_2190601967,1,2,15
2014.0,cluster_12013799529_12013799530_473195061,0,0,15
2015.0,2496228891,0,0,15
2015.0,cluster_12013799525_12013799526_2496228894,1,2,15
2015.0,cluster_12013799527_12013799528_2190601967,1,2,15
2015.0,cluster_12013799529_12013799530_473195061,0,0,15
2016.0,2496228891,0,0,15
2016.0,cluster_12013799525_12013799526_2496228894,1,2,15
2016.0,cluster_12013799527_12013799528_2190601967,1,2,15
2016.0,cluster_12013799529_12013799530_473195061,0,0,15
2017.0,2496228891,0,0,15
2017.0,cluster_12013799525_12013799526_2496228894,2,2,15
2017.0,cluster_12013799527_12013799528_2190601967,1,2,15
2017.0,cluster_12013799529_12013799530_473195061,0,0,15
2018.0,2496228891,0,0,15
2018.0,cluster_12013799525_12013799526_2496228894,2,2,15
2018.0,cluster_12013799527_12013799528_2190601967,1,2,15
2018.0,cluster_12013799529_12013799530_473195061,0,0,15
2019.0,2496228891,0,0,15
2019.0,cluster_12013799525_12013799526_2496228894,2,2,15
2019.0,cluster_12013799527_12013799528_2190601967,1,2,15
2019.0,cluster_12013799529_12013799530_473195061,0,0,15
2020.0,2496228891,0,0,15
2020.0,cluster_12013799525_12013799526_2496228894,2,2,15
2020.0,cluster_12013799527_12013799528_2190601967,1,2,15
2020.0,cluster_12013799529_12013799530_473195061,0,0,15
2021.0,2496228891,0,0,15
2021.0,cluster_12013799525_12013799526_2496228894,2,2,15
2021.0,cluster_12013799527_12013799528_2190601967,1,2,15
2021.0,cluster_12013799529_12013799530_473195061,0,0,15
2022.0,2496228891,0,0,15
2022.0,cluster_12013799525_12013799526_2496228894,2,2,15
2022.0,cluster_12013799527_12013799528_2190601967,1,2,15
2022.0,cluster_12013799529_12013799530_473195061,0,0,15
2023.0,2496228891,0,0,15
2023.0,cluster_12013799525_12013799526_2496228894,2,2,15
2023.0,cluster_12013799527_12013799528_2190601967,1,2,15
2023.0,cluster_12013799529_12013799530_473195061,0,0,15
2024.0,2496228891,0,0,15
2024.0,cluster_12013799525_12013799526_2496228894,2,2,15
2024.0,cluster_12013799527_12013799528_2190601967,1,2,15
2025.0,2496228891,0,0,15
2025.0,cluster_12013799525_12013799526_2496228894,1,2,15
2025.0,cluster_12013799527_12013799528_2190601967,1,2,15
2026.0,2496228891,0,0,15
2026.0,cluster_12013799527_12013799528_2190601967,1,2,15
2027.0,2496228891,0,0,15
2027.0,cluster_12013799527_12013799528_2190601967,1,2,15
2027.0,cluster_12013799529_12013799530_473195061,2,2,15
2028.0,2496228891,0,0,15
2028.0,cluster_12013799527_12013799528_2190601967,1,2,15
2028.0,cluster_12013799529_12013799530_473195061,2,2,15
2029.0,2496228891,0,0,15
2029.0,cluster_12013799525_12013799526_2496228894,0,0,15
2029.0,cluster_12013799527_12013799528_2190601967,1,2,15
2029.0,cluster_12013799529_12013799530_473195061,3,2,15
2030.0,2496228891,0,0,15
2030.0,cluster_12013799525_12013799526_2496228894,0,0,15
2030.0,cluster_12013799529_12013799530_473195061,3,2,15
2031.0,2496228891,0,0,15
2031.0,cluster_12013799525_12013799526_2496228894,0,0,15
2031.0,cluster_12013799529_12013799530_473195061,2,2,15
2032.0,cluster_12013799525_12013799526_2496228894,0,0,15
2032.0,cluster_12013799529_12013799530_473195061,2,2,15
2033.0,cluster_12013799525_12013799526_2496228894,0,0,15
2033.0,cluster_12013799527_12013799528_2190601967,0,0,15
2033.0,cluster_12013799529_12013799530_473195061,2,2,15
2034.0,cluster_12013799525_12013799526_2496228894,0,0,15
2034.0,cluster_12013799527_12013799528_2190601967,0,0,15
2034.0,cluster_12013799529_12013799530_473195061,1,2,15
2035.0,2496228891,0,2,15
2035.0,cluster_12013799525_12013799526_2496228894,0,0,15
2035.0,cluster_12013799527_12013799528_2190601967,0,0,15
2035.0,cluster_12013799529_12013799530_473195061,1,2,15
2036.0,2496228891,0,2,15
2036.0,cluster_12013799525_12013799526_2496228894,0,0,15
2036.0,cluster_12013799527_12013799528_2190601967,0,0,15
2036.0,cluster_12013799529_12013799530_473195061,1,2,15
2037.0,2496228891,0,2,15
2037.0,cluster_12013799525_12013799526_2496228894,0,0,15
2037.0,cluster_12013799527_12013799528_2190601967,0,0,15
2037.0,cluster_12013799529_12013799530_473195061,1,2,15
2038.0,2496228891,0,2,15
2038.0,cluster_12013799525_12013799526_2496228894,0,0,15
2038.0,cluster_12013799527_12013799528_2190601967,0,0,15
2038.0,cluster_12013799529_12013799530_473195061,1,2,15
2039.0,2496228891,0,2,15
2039.0,cluster_12013799525_12013799526_2496228894,0,0,15
2039.0,cluster_12013799527_12013799528_2190601967,0,0,15
2039.0,cluster_12013799529_12013799530_473195061,1,2,15
2040.0,2496228891,0,2,15
2040.0,cluster_12013799525_12013799526_2496228894,0,0,15
2040.0,cluster_12013799527_12013799528_2190601967,0,0,15
2040.0,cluster_12013799529_12013799530_473195061,0,2,15
2041.0,2496228891,0,2,15
2041.0,cluster_12013799525_12013799526_2496228894,0,0,15
2041.0,cluster_12013799527_12013799528_2190601967,0,0,15
2041.0,cluster_12013799529_12013799530_473195061,0,2,15
2042.0,2496228891,0,2,15
2042.0,cluster_12013799525_12013799526_2496228894,0,0,15
2042.0,cluster_12013799527_12013799528_2190601967,0,0,15
2042.0,cluster_12013799529_12013799530_473195061,0,2,15
2043.0,2496228891,0,2,15
2043.0,cluster_12013799525_12013799526_2496228894,0,0,15
2043.0,cluster_12013799527_12013799528_2190601967,0,0,15
2044.0,2496228891,0,2,15
2044.0,cluster_12013799525_12013799526_2496228894,0,0,15
2044.0,cluster_12013799527_12013799528_2190601967,0,0,15
2045.0,2496228891,0,2,15
2045.0,cluster_12013799527_12013799528_2190601967,0,0,15
2046.0,2496228891,0,2,15
2046.0,cluster_12013799527_12013799528_2190601967,0,0,15
2046.0,cluster_12013799529_12013799530_473195061,0,0,15
2047.0,2496228891,0,2,15
2047.0,cluster_12013799527_12013799528_2190601967,0,0,15
2047.0,cluster_12013799529_12013799530_473195061,0,0,15
2048.0,2496228891,0,2,15
2048.0,cluster_12013799525_12013799526_2496228894,0,2,15
2048.0,cluster_12013799527_12013799528_2190601967,0,0,15
2048.0,cluster_12013799529_12013799530_473195061,0,0,15
2049.0,2496228891,0,2,15
2049.0,cluster_12013799525_12013799526_2496228894,0,2,15
2049.0,cluster_12013799529_12013799530_473195061,0,0,15
2050.0,2496228891,0,2,15
2050.0,cluster_12013799525_12013799526_2496228894,0,2,15
2050.0,cluster_12013799529_12013799530_473195061,0,0,15
2051.0,cluster_12013799525_12013799526_2496228894,0,2,15
2051.0,cluster_12013799529_12013799530_473195061,0,0,15
2052.0,cluster_12013799525_12013799526_2496228894,0,2,15
2052.0,cluster_12013799527_12013799528_2190601967,0,2,15
2052.0,cluster_12013799529_12013799530_473195061,0,0,15
2053.0,cluster_12013799525_12013799526_2496228894,0,2,15
2053.0,cluster_12013799527_12013799528_2190601967,0,2,15
2053.0,cluster_12013799529_12013799530_473195061,0,0,15
2054.0,2496228891,2,0,15
2054.0,cluster_12013799525_12013799526_2496228894,0,2,15
2054.0,cluster_12013799527_12013799528_2190601967,0,2,15
2054.0,cluster_12013799529_12013799530_473195061,0,0,15
2055.0,2496228891,1,0,15
2055.0,cluster_12013799525_12013799526_2496228894,0,2,15
2055.0,cluster_12013799527_12013799528_2190601967,0,2,15
2055.0,cluster_12013799529_12013799530_473195061,0,0,15
2056.0,2496228891,1,0,15
2056.0,cluster_12013799525_12013799526_2496228894,0,2,15
2056.0,cluster_12013799527_12013799528_2190601967,0,2,15
2056.0,cluster_12013799529_12013799530_473195061,0,0,15
2057.0,2496228891,1,0,15
2057.0,cluster_12013799525_12013799526_2496228894,0,2,15
2057.0,cluster_12013799527_12013799528_2190601967,0,2,15
2057.0,cluster_12013799529_12013799530_473195061,0,0,15
2058.0,2496228891,1,0,15
2058.0,cluster_12013799525_12013799526_2496228894,1,2,15
2058.0,cluster_12013799527_12013799528_2190601967,0,2,15
2058.0,cluster_12013799529_12013799530_473195061,0,0,15
2059.0,2496228891,0,0,15
2059.0,cluster_12013799525_12013799526_2496228894,1,2,15
2059.0,cluster_12013799527_12013799528_2190601967,0,2,15
2059.0,cluster_12013799529_12013799530_473195061,0,0,15
2060.0,2496228891,0,0,15
2060.0,cluster_12013799525_12013799526_2496228894,1,2,15
2060.0,cluster_12013799527_12013799528_2190601967,0,2,15
2060.0,cluster_12013799529_12013799530_473195061,0,0,15
2061.0,2496228891,0,0,15
2061.0,cluster_12013799525_12013799526_2496228894,2,2,15
2061.0,cluster_12013799527_12013799528_2190601967,0,2,15
2061.0,cluster_12013799529_12013799530_473195061,0,0,15
2062.0,2496228891,0,0,15
2062.0,cluster_12013799525_12013799526_2496228894,2,2,15
2062.0,cluster_12013799527_12013799528_2190601967,0,2,15
2063.0,2496228891,0,0,15
2063.0,cluster_12013799525_12013799526_2496228894,2,2,15
2063.0,cluster_12013799527_12013799528_2190601967,0,2,15
2064.0,2496228891,0,0,15
2064.0,cluster_12013799527_12013799528_2190601967,0,2,15
2065.0,2496228891,0,0,15
2065.0,cluster_12013799527_12013799528_2190601967,0,2,15
2065.0,cluster_12013799529_12013799530_473195061,0,2,15
2066.0,2496228891,0,0,15
2066.0,cluster_12013799527_12013799528_2190601967,0,2,15
2066.0,cluster_12013799529_12013799530_473195061,0,2,15
2067.0,2496228891,0,0,15
2067.0,cluster_12013799525_12013799526_2496228894,0,0,15
2067.0,cluster_12013799527_12013799528_2190601967,0,2,15
2067.0,cluster_12013799529_12013799530_473195061,0,2,15
2068.0,2496228891,0,0,15
2068.0,cluster_12013799525_12013799526_2496228894,0,0,15
2068.0,cluster_12013799529_12013799530_473195061,0,2,15
2069.0,2496228891,0,0,15
2069.0,cluster_12013799525_12013799526_2496228894,0,0,15
2069.0,cluster_12013799529_12013799530_473195061,0,2,15
2070.0,cluster_12013799525_12013799526_2496228894,0,0,15
2070.0,cluster_12013799529_12013799530_473195061,0,2,15
2071.0,cluster_12013799525_12013799526_2496228894,0,0,15
2071.0,cluster_12013799527_12013799528_2190601967,0,0,15
2071.0,cluster_12013799529_12013799530_473195061,0,2,15
2072.0,cluster_12013799525_12013799526_2496228894,0,0,15
2072.0,cluster_12013799527_12013799528_2190601967,0,0,15
2072.0,cluster_12013799529_12013799530_473195061,0,2,15
2073.0,2496228891,0,2,15
2073.0,cluster_12013799525_12013799526_2496228894,0,0,15
2073.0,cluster_12013799527_12013799528_2190601967,0,0,15
2073.0,cluster_12013799529_12013799530_473195061,0,2,15
2074.0,2496228891,0,2,15
2074.0,cluster_12013799525_12013799526_2496228894,0,0,15
2074.0,cluster_12013799527_12013799528_2190601967,0,0,15
2074.0,cluster_12013799529_12013799530_473195061,0,2,15
2075.0,2496228891,0,2,15
2075.0,cluster_12013799525_12013799526_2496228894,0,0,15
2075.0,cluster_12013799527_12013799528_2190601967,0,0,15
2075.0,cluster_12013799529_12013799530_473195061,0,2,15
2076.0,2496228891,0,2,15
2076.0,cluster_12013799525_12013799526_2496228894,0,0,15
2076.0,cluster_12013799527_12013799528_2190601967,0,0,15
2076.0,cluster_12013799529_12013799530_473195061,0,2,15
2077.0,2496228891,0,2,15
2077.0,cluster_12013799525_12013799526_2496228894,0,0,15
2077.0,cluster_12013799527_12013799528_2190601967,0,0,15
2077.0,cluster_12013799529_12013799530_473195061,0,2,15
2078.0,2496228891,1,2,15
2078.0,cluster_12013799525_12013799526_2496228894,1,0,15
2078.0,cluster_12013799527_12013799528_2190601967,1,0,15
2078.0,cluster_12013799529_12013799530_473195061,1,2,15
2079.0,2496228891,1,2,15
2079.0,cluster_12013799525_12013799526_2496228894,1,0,15
2079.0,cluster_12013799527_12013799528_2190601967,1,0,15
2079.0,cluster_12013799529_12013799530_473195061,1,2,15
2080.0,2496228891,1,2,15
2080.0,cluster_12013799525_12013799526_2496228894,1,0,15
2080.0,cluster_12013799527_12013799528_2190601967,1,0,15
2080.0,cluster_12013799529_12013799530_473195061,1,2,15
2081.0,2496228891,1,2,15
2081.0,cluster_12013799525_12013799526_2496228894,1,0,15
2081.0,cluster_12013799527_12013799528_2190601967,1,0,15
2082.0,2496228891,2,2,15
2082.0,cluster_12013799525_12013799526_2496228894,2,0,15
2082.0,cluster_12013799527_12013799528_2190601967,2,0,15
2083.0,2496228891,2,2,15
2083.0,cluster_12013799527_12013799528_2190601967,2,0,15
2084.0,2496228891,2,2,15
2084.0,cluster_12013799527_12013799528_2190601967,2,0,15
2084.0,cluster_12013799529_12013799530_473195061,2,0,15
2085.0,2496228891,2,2,15
2085.0,cluster_12013799527_12013799528_2190601967,2,0,15
2085.0,cluster_12013799529_12013799530_473195061,2,0,15
2086.0,2496228891,2,2,15
2086.0,cluster_12013799525_12013799526_2496228894,3,2,15
2086.0,cluster_12013799527_12013799528_2190601967,3,0,15
2086.0,cluster_12013799529_12013799530_473195061,3,0,15
2087.0,2496228891,3,2,15
2087.0,cluster_12013799525_12013799526_2496228894,3,2,15
2087.0,cluster_12013799529_12013799530_473195061,3,0,15
2088.0,2496228891,3,2,15
2088.0,cluster_12013799525_12013799526_2496228894,3,2,15
2088.0,cluster_12013799529_12013799530_473195061,3,0,15
2089.0,cluster_12013799525_12013799526_2496228894,3,2,15
2089.0,cluster_12013799529_12013799530_473195061,3,0,15
2090.0,cluster_12013799525_12013799526_2496228894,2,2,15
2090.0,cluster_12013799527_12013799528_2190601967,4,2,21
2090.0,cluster_12013799529_12013799530_473195061,3,0,15
2091.0,cluster_12013799525_12013799526_2496228894,3,2,15
2091.0,cluster_12013799527_12013799528_2190601967,4,2,21
2091.0,cluster_12013799529_12013799530_473195061,4,0,23
2092.0,2496228891,4,0,21
2092.0,cluster_12013799525_12013799526_2496228894,3,2,15
2092.0,cluster_12013799527_12013799528_2190601967,4,2,21
2092.0,cluster_12013799529_12013799530_473195061,4,0,21
2093.0,2496228891,4,0,21
2093.0,cluster_12013799525_12013799526_2496228894,3,2,15
2093.0,cluster_12013799527_12013799528_2190601967,4,2,21
2093.0,cluster_12013799529_12013799530_473195061,4,0,21
2094.0,2496228891,4,0,21
2094.0,cluster_12013799525_12013799526_2496228894,3,2,15
2094.0,cluster_12013799527_12013799528_2190601967,4,2,21
2094.0,cluster_12013799529_12013799530_473195061,4,0,21
2095.0,2496228891,5,0,23
2095.0,cluster_12013799525_12013799526_2496228894,2,2,15
2095.0,cluster_12013799527_12013799528_2190601967,4,2,21
2095.0,cluster_12013799529_12013799530_473195061,5,0,21
2096.0,2496228891,5,0,21
2096.0,cluster_12013799525_12013799526_2496228894,3,2,15
2096.0,cluster_12013799527_12013799528_2190601967,4,2,21
2096.0,cluster_12013799529_12013799530_473195061,5,0,21
2097.0,2496228891,4,0,21
2097.0,cluster_12013799525_12013799526_2496228894,3,2,15
2097.0,cluster_12013799527_12013799528_2190601967,4,2,21
2097.0,cluster_12013799529_12013799530_473195061,4,0,21
2098.0,2496228891,4,0,21
2098.0,cluster_12013799525_12013799526_2496228894,3,2,15
2098.0,cluster_12013799527_12013799528_2190601967,4,2,21
2098.0,cluster_12013799529_12013799530_473195061,4,0,21
2099.0,2496228891,3,0,15
2099.0,cluster_12013799525_12013799526_2496228894,3,2,15
2099.0,cluster_12013799527_12013799528_2190601967,4,2,21
2099.0,cluster_12013799529_12013799530_473195061,3,0,15
2100.0,2496228891,5,0,23
2100.0,cluster_12013799525_12013799526_2496228894,3,2,15
2100.0,cluster_12013799527_12013799528_2190601967,4,2,21
2101.0,2496228891,5,0,21
2101.0,cluster_12013799525_12013799526_2496228894,3,2,15
2101.0,cluster_12013799527_12013799528_2190601967,4,2,21
2102.0,2496228891,7,0,23
2102.0,cluster_12013799527_12013799528_2190601967,4,2,21
2103.0,2496228891,7,0,21
2103.0,cluster_12013799527_12013799528_2190601967,4,2,21
2103.0,cluster_12013799529_12013799530_473195061,7,2,21
2104.0,2496228891,7,0,21
2104.0,cluster_12013799527_12013799528_2190601967,4,2,21
2104.0,cluster_12013799529_12013799530_473195061,7,2,21
2105.0,2496228891,7,0,21
2105.0,cluster_12013799525_12013799526_2496228894,4,0,21
2105.0,cluster_12013799527_12013799528_2190601967,4,2,21
2105.0,cluster_12013799529_12013799530_473195061,7,2,21
2106.0,2496228891,5,0,21
2106.0,cluster_12013799525_12013799526_2496228894,3,0,15
2106.0,cluster_12013799527_12013799528_2190601967,3,2,15
2106.0,cluster_12013799529_12013799530_473195061,7,2,21
2107.0,2496228891,6,0,23
2107.0,cluster_12013799525_12013799526_2496228894,3,0,15
2107.0,cluster_12013799527_12013799528_2190601967,3,2,15
2107.0,cluster_12013799529_12013799530_473195061,7,2,21
2108.0,2496228891,4,0,21
2108.0,cluster_12013799525_12013799526_2496228894,3,0,15
2108.0,cluster_12013799527_12013799528_2190601967,3,2,15
2108.0,cluster_12013799529_12013799530_473195061,7,2,21
2109.0,2496228891,5,0,23
2109.0,cluster_12013799525_12013799526_2496228894,3,0,15
2109.0,cluster_12013799527_12013799528_2190601967,3,2,15
2109.0,cluster_12013799529_12013799530_473195061,7,2,21
2110.0,2496228891,5,0,21
2110.0,cluster_12013799525_12013799526_2496228894,2,0,15
2110.0,cluster_12013799527_12013799528_2190601967,2,2,15
2110.0,cluster_12013799529_12013799530_473195061,7,2,21
2111.0,2496228891,5,0,21
2111.0,cluster_12013799525_12013799526_2496228894,2,0,15
2111.0,cluster_12013799527_12013799528_2190601967,3,2,15
2111.0,cluster_12013799529_12013799530_473195061,7,2,21
2112.0,2496228891,5,0,21
2112.0,cluster_12013799525_12013799526_2496228894,2,0,15
2112.0,cluster_12013799529_12013799530_473195061,7,2,21
2113.0,2496228891,4,0,21
2113.0,cluster_12013799525_12013799526_2496228894,1,0,15
2113.0,cluster_12013799529_12013799530_473195061,7,2,21
2114.0,cluster_12013799525_12013799526_2496228894,1,0,15
2114.0,cluster_12013799529_12013799530_473195061,7,2,21
2115.0,cluster_12013799525_12013799526_2496228894,1,0,15
2115.0,cluster_12013799527_12013799528_2190601967,7,0,21
2115.0,cluster_12013799529_12013799530_473195061,7,2,21
2116.0,cluster_12013799525_12013799526_2496228894,0,0,15
2116.0,cluster_12013799527_12013799528_2190601967,6,0,21
2116.0,cluster_12013799529_12013799530_473195061,6,2,21
2117.0,2496228891,2,2,15
2117.0,cluster_12013799525_12013799526_2496228894,0,0,15
2117.0,cluster_12013799527_12013799528_2190601967,6,0,21
2117.0,cluster_12013799529_12013799530_473195061,6,2,21
2118.0,2496228891,2,2,15
2118.0,cluster_12013799525_12013799526_2496228894,0,0,15
2118.0,cluster_12013799527_12013799528_2190601967,6,0,21
2118.0,cluster_12013799529_12013799530_473195061,6,2,21
2119.0,2496228891,2,2,15
2119.0,cluster_12013799525_12013799526_2496228894,0,0,15
2119.0,cluster_12013799527_12013799528_2190601967,5,0,21
2119.0,cluster_12013799529_12013799530_473195061,5,2,21
2120.0,2496228891,2,2,15
2120.0,cluster_12013799525_12013799526_2496228894,0,0,15
2120.0,cluster_12013799527_12013799528_2190601967,5,0,21
2120.0,cluster_12013799529_12013799530_473195061,5,2,21
2121.0,2496228891,1,2,15
2121.0,cluster_12013799525_12013799526_2496228894,0,0,15
2121.0,cluster_12013799527_12013799528_2190601967,5,0,21
2121.0,cluster_12013799529_12013799530_473195061,5,2,21
2122.0,2496228891,1,2,15
2122.0,cluster_12013799525_12013799526_2496228894,0,0,15
2122.0,cluster_12013799527_12013799528_2190601967,5,0,21
2122.0,cluster_12013799529_12013799530_473195061,5,2,21
2123.0,2496228891,1,2,15
2123.0,cluster_12013799525_12013799526_2496228894,0,0,15
2123.0,cluster_12013799527_12013799528_2190601967,4,0,21
2123.0,cluster_12013799529_12013799530_473195061,5,2,23
2124.0,2496228891,0,2,15
2124.0,cluster_12013799525_12013799526_2496228894,0,0,15
2124.0,cluster_12013799527_12013799528_2190601967,4,0,21
2124.0,cluster_12013799529_12013799530_473195061,5,2,21
2125.0,2496228891,0,2,15
2125.0,cluster_12013799525_12013799526_2496228894,0,0,15
2125.0,cluster_12013799527_12013799528_2190601967,3,0,15
2126.0,2496228891,0,2,15
2126.0,cluster_12013799525_12013799526_2496228894,0,0,15
2126.0,cluster_12013799527_12013799528_2190601967,3,0,15
2127.0,2496228891,0,2,15
2127.0,cluster_12013799527_12013799528_2190601967,2,0,15
2128.0,2496228891,0,2,15
2128.0,cluster_12013799527_12013799528_2190601967,2,0,15
2128.0,cluster_12013799529_12013799530_473195061,3,0,15
2129.0,2496228891,0,2,15
2129.0,cluster_12013799527_12013799528_2190601967,1,0,15
2129.0,cluster_12013799529_12013799530_473195061,2,0,15
2130.0,2496228891,0,2,15
2130.0,cluster_12013799525_12013799526_2496228894,3,2,15
2130.0,cluster_12013799527_12013799528_2190601967,1,0,15
2130.0,cluster_12013799529_12013799530_473195061,2,0,15
2131.0,2496228891,0,2,15
2131.0,cluster_12013799525_12013799526_2496228894,3,2,15
2131.0,cluster_12013799527_12013799528_2190601967,0,0,15
2131.0,cluster_12013799529_12013799530_473195061,2,0,15
2132.0,2496228891,0,2,15
2132.0,cluster_12013799525_12013799526_2496228894,3,2,15
2132.0,cluster_12013799527_12013799528_2190601967,0,0,15
2132.0,cluster_12013799529_12013799530_473195061,2,0,15
2133.0,cluster_12013799525_12013799526_2496228894,2,2,15
2133.0,cluster_12013799527_12013799528_2190601967,0,0,15
2133.0,cluster_12013799529_12013799530_473195061,1,0,15
2134.0,cluster_12013799525_12013799526_2496228894,1,2,15
2134.0,cluster_12013799527_12013799528_2190601967,0,0,15
2134.0,cluster_12013799529_12013799530_473195061,1,0,15
2135.0,cluster_12013799525_12013799526_2496228894,1,2,15
2135.0,cluster_12013799527_12013799528_2190601967,0,0,15
2135.0,cluster_12013799529_12013799530_473195061,0,0,15
2136.0,2496228891,1,0,15
2136.0,cluster_12013799525_12013799526_2496228894,1,2,15
2136.0,cluster_12013799527_12013799528_2190601967,0,0,15
2136.0,cluster_12013799529_12013799530_473195061,0,0,15
2137.0,2496228891,0,0,15
2137.0,cluster_12013799525_12013799526_2496228894,1,2,15
2137.0,cluster_12013799529_12013799530_473195061,0,0,15
2138.0,2496228891,0,0,15
2138.0,cluster_12013799525_12013799526_2496228894,1,2,15
2138.0,cluster_12013799529_12013799530_473195061,0,0,15
2139.0,2496228891,0,0,15
2139.0,cluster_12013799525_12013799526_2496228894,0,2,15
2139.0,cluster_12013799529_12013799530_473195061,0,0,15
2140.0,2496228891,1,0,15
2140.0,cluster_12013799525_12013799526_2496228894,0,2,15
2140.0,cluster_12013799527_12013799528_2190601967,4,2,21
2140.0,cluster_12013799529_12013799530_473195061,0,0,15
2141.0,2496228891,2,0,15
2141.0,cluster_12013799525_12013799526_2496228894,0,2,15
2141.0,cluster_12013799527_12013799528_2190601967,4,2,23
2141.0,cluster_12013799529_12013799530_473195061,0,0,15
2142.0,2496228891,2,0,15
2142.0,cluster_12013799525_12013799526_2496228894,0,2,15
2142.0,cluster_12013799527_12013799528_2190601967,4,2,21
2142.0,cluster_12013799529_12013799530_473195061,0,0,15
2143.0,2496228891,2,0,15
2143.0,cluster_12013799525_12013799526_2496228894,0,2,15
2143.0,cluster_12013799527_12013799528_2190601967,4,2,21
2143.0,cluster_12013799529_12013799530_473195061,0,0,15
2144.0,2496228891,2,0,15
2144.0,cluster_12013799525_12013799526_2496228894,0,2,15
2144.0,cluster_12013799527_12013799528_2190601967,4,2,21
2145.0,2496228891,2,0,15
2145.0,cluster_12013799525_12013799526_2496228894,0,2,15
2145.0,cluster_12013799527_12013799528_2190601967,3,2,15
2146.0,2496228891,2,0,15
2146.0,cluster_12013799527_12013799528_2190601967,2,2,15
2147.0,2496228891,2,0,15
2147.0,cluster_12013799527_12013799528_2190601967,2,2,15
2147.0,cluster_12013799529_12013799530_473195061,7,2,21
2148.0,2496228891,2,0,15
2148.0,cluster_12013799527_12013799528_2190601967,1,2,15
2148.0,cluster_12013799529_12013799530_473195061,6,2,21
2149.0,2496228891,1,0,15
2149.0,cluster_12013799525_12013799526_2496228894,0,0,15
2149.0,cluster_12013799527_12013799528_2190601967,1,2,15
2149.0,cluster_12013799529_12013799530_473195061,6,2,21
2150.0,2496228891,1,0,15
2150.0,cluster_12013799525_12013799526_2496228894,0,0,15
2150.0,cluster_12013799527_12013799528_2190601967,1,2,15
2150.0,cluster_12013799529_12013799530_473195061,7,2,23
2151.0,2496228891,0,0,15
2151.0,cluster_12013799525_12013799526_2496228894,0,0,15
2151.0,cluster_12013799527_12013799528_2190601967,1,2,15
2151.0,cluster_12013799529_12013799530_473195061,5,2,21
2152.0,cluster_12013799525_12013799526_2496228894,0,0,15
2152.0,cluster_12013799527_12013799528_2190601967,1,2,15
2152.0,cluster_12013799529_12013799530_473195061,5,2,21
2153.0,cluster_12013799525_12013799526_2496228894,0,0,15
2153.0,cluster_12013799527_12013799528_2190601967,1,2,15
2153.0,cluster_12013799529_12013799530_473195061,5,2,21
2154.0,cluster_12013799525_12013799526_2496228894,0,0,15
2154.0,cluster_12013799527_12013799528_2190601967,1,2,15
2154.0,cluster_12013799529_12013799530_473195061,4,2,21
2155.0,2496228891,0,2,15
2155.0,cluster_12013799525_12013799526_2496228894,0,0,15
2155.0,cluster_12013799527_12013799528_2190601967,1,2,15
2155.0,cluster_12013799529_12013799530_473195061,4,2,23
2156.0,2496228891,0,2,15
2156.0,cluster_12013799525_12013799526_2496228894,0,0,15
2156.0,cluster_12013799527_12013799528_2190601967,0,2,15
2156.0,cluster_12013799529_12013799530_473195061,4,2,21
2157.0,2496228891,0,2,15
2157.0,cluster_12013799525_12013799526_2496228894,0,0,15
2157.0,cluster_12013799527_12013799528_2190601967,0,2,15
2157.0,cluster_12013799529_12013799530_473195061,3,2,15
2158.0,2496228891,0,2,15
2158.0,cluster_12013799525_12013799526_2496228894,0,0,15
2158.0,cluster_12013799527_12013799528_2190601967,0,2,15
2158.0,cluster_12013799529_12013799530_473195061,4,2,23
2159.0,2496228891,0,2,15
2159.0,cluster_12013799525_12013799526_2496228894,0,0,15
2159.0,cluster_12013799527_12013799528_2190601967,0,2,15
2159.0,cluster_12013799529_12013799530_473195061,3,2,15
2160.0,2496228891,0,2,15
2160.0,cluster_12013799525_12013799526_2496228894,0,0,15
2160.0,cluster_12013799527_12013799528_2190601967,0,2,15
2160.0,cluster_12013799529_12013799530_473195061,2,2,15
2161.0,2496228891,0,2,15
2161.0,cluster_12013799525_12013799526_2496228894,0,0,15
2161.0,cluster_12013799527_12013799528_2190601967,0,2,15
2161.0,cluster_12013799529_12013799530_473195061,2,2,15
2162.0,2496228891,0,2,15
2162.0,cluster_12013799525_12013799526_2496228894,0,0,15
2162.0,cluster_12013799529_12013799530_473195061,2,2,15
2163.0,2496228891,0,2,15
2163.0,cluster_12013799525_12013799526_2496228894,0,0,15
2163.0,cluster_12013799529_12013799530_473195061,1,2,15
2164.0,2496228891,0,2,15
2164.0,cluster_12013799525_12013799526_2496228894,0,0,15
2164.0,cluster_12013799529_12013799530_473195061,1,2,15
2165.0,2496228891,0,2,15
2165.0,cluster_12013799527_12013799528_2190601967,0,0,15
2165.0,cluster_12013799529_12013799530_473195061,1,2,15
2166.0,2496228891,0,2,15
2166.0,cluster_12013799527_12013799528_2190601967,0,0,15
2166.0,cluster_12013799529_12013799530_473195061,1,2,15
2167.0,2496228891,0,2,15
2167.0,cluster_12013799527_12013799528_2190601967,0,0,15
2167.0,cluster_12013799529_12013799530_473195061,1,2,15
2168.0,2496228891,0,2,15
2168.0,cluster_12013799525_12013799526_2496228894,1,2,15
2168.0,cluster_12013799527_12013799528_2190601967,0,0,15
2168.0,cluster_12013799529_12013799530_473195061,1,2,15
2169.0,2496228891,0,2,15
2169.0,cluster_12013799525_12013799526_2496228894,0,2,15
2169.0,cluster_12013799527_12013799528_2190601967,0,0,15
2170.0,2496228891,0,2,15
2170.0,cluster_12013799525_12013799526_2496228894,0,2,15
2170.0,cluster_12013799527_12013799528_2190601967,0,0,15
2171.0,cluster_12013799525_12013799526_2496228894,0,2,15
2171.0,cluster_12013799527_12013799528_2190601967,0,0,15
2172.0,cluster_12013799525_12013799526_2496228894,0,2,15
2172.0,cluster_12013799527_12013799528_2190601967,0,0,15
2172.0,cluster_12013799529_12013799530_473195061,0,0,15
2173.0,cluster_12013799525_12013799526_2496228894,0,2,15
2173.0,cluster_12013799527_12013799528_2190601967,0,0,15
2173.0,cluster_12013799529_12013799530_473195061,0,0,15
2174.0,2496228891,5,0,21
2174.0,cluster_12013799525_12013799526_2496228894,0,2,15
2174.0,cluster_12013799527_12013799528_2190601967,0,0,15
2174.0,cluster_12013799529_12013799530_473195061,0,0,15
2175.0,2496228891,3,0,15
2175.0,cluster_12013799525_12013799526_2496228894,0,2,15
2175.0,cluster_12013799527_12013799528_2190601967,0,0,15
2175.0,cluster_12013799529_12013799530_473195061,0,0,15
2176.0,2496228891,3,0,15
2176.0,cluster_12013799525_12013799526_2496228894,0,2,15
2176.0,cluster_12013799527_12013799528_2190601967,0,0,15
2176.0,cluster_12013799529_12013799530_473195061,0,0,15
2177.0,2496228891,3,0,15
2177.0,cluster_12013799525_12013799526_2496228894,1,2,15
2177.0,cluster_12013799527_12013799528_2190601967,0,0,15
2177.0,cluster_12013799529_12013799530_473195061,0,0,15
2178.0,2496228891,1,0,15
2178.0,cluster_12013799525_12013799526_2496228894,1,2,15
2178.0,cluster_12013799527_12013799528_2190601967,0,0,15
2178.0,cluster_12013799529_12013799530_473195061,0,0,15
2179.0,2496228891,1,0,15
2179.0,cluster_12013799525_12013799526_2496228894,1,2,15
2179.0,cluster_12013799527_12013799528_2190601967,0,0,15
2179.0,cluster_12013799529_12013799530_473195061,0,0,15
2180.0,2496228891,1,0,15
2180.0,cluster_12013799525_12013799526_2496228894,2,2,15
2180.0,cluster_12013799527_12013799528_2190601967,0,0,15
2180.0,cluster_12013799529_12013799530_473195061,0,0,15
2181.0,2496228891,0,0,15
2181.0,cluster_12013799525_12013799526_2496228894,2,2,15
2181.0,cluster_12013799529_12013799530_473195061,0,0,15
2182.0,2496228891,0,0,15
2182.0,cluster_12013799525_12013799526_2496228894,2,2,15
2182.0,cluster_12013799529_12013799530_473195061,0,0,15
2183.0,2496228891,0,0,15
2183.0,cluster_12013799525_12013799526_2496228894,3,2,15
2183.0,cluster_12013799529_12013799530_473195061,0,0,15
2184.0,2496228891,0,0,15
2184.0,cluster_12013799527_12013799528_2190601967,1,2,15
2184.0,cluster_12013799529_12013799530_473195061,0,0,15
2185.0,2496228891,0,0,15
2185.0,cluster_12013799527_12013799528_2190601967,0,2,15
2185.0,cluster_12013799529_12013799530_473195061,0,0,15
2186.0,2496228891,0,0,15
2186.0,cluster_12013799527_12013799528_2190601967,0,2,15
2186.0,cluster_12013799529_12013799530_473195061,0,0,15
2187.0,2496228891,0,0,15
2187.0,cluster_12013799525_12013799526_2496228894,0,0,15
2187.0,cluster_12013799527_12013799528_2190601967,0,2,15
2187.0,cluster_12013799529_12013799530_473195061,0,0,15
2188.0,2496228891,0,0,15
2188.0,cluster_12013799525_12013799526_2496228894,0,0,15
2188.0,cluster_12013799527_12013799528_2190601967,0,2,15
2189.0,2496228891,0,0,15
2189.0,cluster_12013799525_12013799526_2496228894,0,0,15
2189.0,cluster_12013799527_12013799528_2190601967,0,2,15
2190.0,2496228891,0,0,15
2190.0,cluster_12013799525_12013799526_2496228894,0,0,15
2190.0,cluster_12013799527_12013799528_2190601967,0,2,15
2191.0,2496228891,0,0,15
2191.0,cluster_12013799525_12013799526_2496228894,0,0,15
2191.0,cluster_12013799527_12013799528_2190601967,0,2,15
2191.0,cluster_12013799529_12013799530_473195061,0,2,15
2192.0,2496228891,0,0,15
2192.0,cluster_12013799525_12013799526_2496228894,0,0,15
2192.0,cluster_12013799527_12013799528_2190601967,0,2,15
2192.0,cluster_12013799529_12013799530_473195061,0,2,15
2193.0,2496228891,0,0,15
2193.0,cluster_12013799525_12013799526_2496228894,0,0,15
2193.0,cluster_12013799527_12013799528_2190601967,0,2,15
2193.0,cluster_12013799529_12013799530_473195061,0,2,15
2194.0,2496228891,0,0,15
2194.0,cluster_12013799525_12013799526_2496228894,0,0,15
2194.0,cluster_12013799527_12013799528_2190601967,0,2,15
2194.0,cluster_12013799529_12013799530_473195061,0,2,15
2195.0,2496228891,0,0,15
2195.0,cluster_12013799525_12013799526_2496228894,0,0,15
2195.0,cluster_12013799527_12013799528_2190601967,0,2,15
2195.0,cluster_12013799529_12013799530_473195061,0,2,15
2196.0,cluster_12013799525_12013799526_2496228894,0,0,15
2196.0,cluster_12013799527_12013799528_2190601967,0,2,15
2196.0,cluster_12013799529_12013799530_473195061,0,2,15
2197.0,cluster_12013799525_12013799526_2496228894,0,0,15
2197.0,cluster_12013799527_12013799528_2190601967,0,2,15
2197.0,cluster_12013799529_12013799530_473195061,0,2,15
2198.0,cluster_12013799525_12013799526_2496228894,0,0,15
2198.0,cluster_12013799527_12013799528_2190601967,0,2,15
2198.0,cluster_12013799529_12013799530_473195061,0,2,15
2199.0,2496228891,0,2,15
2199.0,cluster_12013799525_12013799526_2496228894,0,0,15
2199.0,cluster_12013799527_12013799528_2190601967,0,2,15
2199.0,cluster_12013799529_12013799530_473195061,0,2,15
2200.0,2496228891,0,2,15
2200.0,cluster_12013799525_12013799526_2496228894,0,0,15
2200.0,cluster_12013799529_12013799530_473195061,0,2,15
2201.0,2496228891,0,2,15
2201.0,cluster_12013799525_12013799526_2496228894,0,0,15
2201.0,cluster_12013799529_12013799530_473195061,0,2,15
2202.0,2496228891,0,2,15
2202.0,cluster_12013799525_12013799526_2496228894,0,0,15
2202.0,cluster_12013799529_12013799530_473195061,0,2,15
2203.0,2496228891,0,2,15
2203.0,cluster_12013799527_12013799528_2190601967,0,0,15
2203.0,cluster_12013799529_12013799530_473195061,0,2,15
2204.0,2496228891,0,2,15
2204.0,cluster_12013799527_12013799528_2190601967,0,0,15
2204.0,cluster_12013799529_12013799530_473195061,0,2,15
2205.0,2496228891,0,2,15
2205.0,cluster_12013799527_12013799528_2190601967,0,0,15
2205.0,cluster_12013799529_12013799530_473195061,0,2,15
2206.0,2496228891,0,2,15
2206.0,cluster_12013799525_12013799526_2496228894,1,2,15
2206.0,cluster_12013799527_12013799528_2190601967,0,0,15
2206.0,cluster_12013799529_12013799530_473195061,0,2,15
2207.0,2496228891,0,2,15
2207.0,cluster_12013799525_12013799526_2496228894,0,2,15
2207.0,cluster_12013799527_12013799528_2190601967,0,0,15
2208.0,2496228891,0,2,15
2208.0,cluster_12013799525_12013799526_2496228894,0,2,15
2208.0,cluster_12013799527_12013799528_2190601967,0,0,15
2209.0,2496228891,0,2,15
2209.0,cluster_12013799525_12013799526_2496228894,0,2,15
2209.0,cluster_12013799527_12013799528_2190601967,0,0,15
2210.0,2496228891,0,2,15
2210.0,cluster_12013799525_12013799526_2496228894,0,2,15
2210.0,cluster_12013799527_12013799528_2190601967,0,0,15
2210.0,cluster_12013799529_12013799530_473195061,0,0,15
2211.0,2496228891,0,2,15
2211.0,cluster_12013799525_12013799526_2496228894,0,2,15
2211.0,cluster_12013799527_12013799528_2190601967,0,0,15
2211.0,cluster_12013799529_12013799530_473195061,0,0,15
2212.0,2496228891,0,2,15
2212.0,cluster_12013799525_12013799526_2496228894,0,2,15
2212.0,cluster_12013799527_12013799528_2190601967,0,0,15
2212.0,cluster_12013799529_12013799530_473195061,0,0,15
2213.0,2496228891,0,2,15
2213.0,cluster_12013799525_12013799526_2496228894,0,2,15
2213.0,cluster_12013799527_12013799528_2190601967,0,0,15
2213.0,cluster_12013799529_12013799530_473195061,0,0,15
2214.0,2496228891,0,2,15
2214.0,cluster_12013799525_12013799526_2496228894,0,2,15
2214.0,cluster_12013799527_12013799528_2190601967,0,0,15
2214.0,cluster_12013799529_12013799530_473195061,0,0,15
2215.0,cluster_12013799525_12013799526_2496228894,0,2,15
2215.0,cluster_12013799527_12013799528_2190601967,0,0,15
2215.0,cluster_12013799529_12013799530_473195061,0,0,15
2216.0,cluster_12013799525_12013799526_2496228894,0,2,15
2216.0,cluster_12013799527_12013799528_2190601967,0,0,15
2216.0,cluster_12013799529_12013799530_473195061,0,0,15
2217.0,cluster_12013799525_12013799526_2496228894,1,2,15
2217.0,cluster_12013799527_12013799528_2190601967,1,0,15
2217.0,cluster_12013799529_12013799530_473195061,1,0,15
2218.0,2496228891,1,0,15
2218.0,cluster_12013799525_12013799526_2496228894,1,2,15
2218.0,cluster_12013799527_12013799528_2190601967,1,0,15
2218.0,cluster_12013799529_12013799530_473195061,1,0,15
2219.0,2496228891,1,0,15
2219.0,cluster_12013799525_12013799526_2496228894,1,2,15
2219.0,cluster_12013799529_12013799530_473195061,1,0,15
2220.0,2496228891,1,0,15
2220.0,cluster_12013799525_12013799526_2496228894,1,2,15
2220.0,cluster_12013799529_12013799530_473195061,1,0,15
2221.0,2496228891,2,0,15
2221.0,cluster_12013799525_12013799526_2496228894,2,2,15
2221.0,cluster_12013799529_12013799530_473195061,2,0,15
2222.0,2496228891,2,0,15
2222.0,cluster_12013799527_12013799528_2190601967,2,2,15
2222.0,cluster_12013799529_12013799530_473195061,2,0,15
2223.0,2496228891,2,0,15
2223.0,cluster_12013799527_12013799528_2190601967,2,2,15
2223.0,cluster_12013799529_12013799530_473195061,2,0,15
2224.0,2496228891,2,0,15
2224.0,cluster_12013799527_12013799528_2190601967,2,2,15
2224.0,cluster_12013799529_12013799530_473195061,2,0,15
2225.0,2496228891,3,0,15
2225.0,cluster_12013799525_12013799526_2496228894,3,0,15
2225.0,cluster_12013799527_12013799528_2190601967,3,2,15
2225.0,cluster_12013799529_12013799530_473195061,3,0,15
2226.0,2496228891,3,0,15
2226.0,cluster_12013799525_12013799526_2496228894,2,0,15
2226.0,cluster_12013799527_12013799528_2190601967,2,2,15
2227.0,2496228891,3,0,15
2227.0,cluster_12013799525_12013799526_2496228894,2,0,15
2227.0,cluster_12013799527_12013799528_2190601967,2,2,15
2228.0,2496228891,3,0,15
2228.0,cluster_12013799525_12013799526_2496228894,2,0,15
2228.0,cluster_12013799527_12013799528_2190601967,2,2,15
2229.0,2496228891,4,0,23
2229.0,cluster_12013799525_12013799526_2496228894,3,0,15
2229.0,cluster_12013799527_12013799528_2190601967,4,2,23
2229.0,cluster_12013799529_12013799530_473195061,4,2,21
2230.0,2496228891,4,0,21
2230.0,cluster_12013799525_12013799526_2496228894,3,0,15
2230.0,cluster_12013799527_12013799528_2190601967,4,2,21
2230.0,cluster_12013799529_12013799530_473195061,4,2,21
2231.0,2496228891,4,0,21
2231.0,cluster_12013799525_12013799526_2496228894,2,0,15
2231.0,cluster_12013799527_12013799528_2190601967,3,2,15
2231.0,cluster_12013799529_12013799530_473195061,4,2,21
2232.0,2496228891,4,0,21
2232.0,cluster_12013799525_12013799526_2496228894,2,0,15
2232.0,cluster_12013799527_12013799528_2190601967,3,2,15
2232.0,cluster_12013799529_12013799530_473195061,4,2,21
2233.0,2496228891,5,0,23
2233.0,cluster_12013799525_12013799526_2496228894,2,0,15
2233.0,cluster_12013799527_12013799528_2190601967,3,2,15
2233.0,cluster_12013799529_12013799530_473195061,5,2,23
2234.0,cluster_12013799525_12013799526_2496228894,1,0,15
2234.0,cluster_12013799527_12013799528_2190601967,3,2,15
2234.0,cluster_12013799529_12013799530_473195061,5,2,21
2235.0,cluster_12013799525_12013799526_2496228894,1,0,15
2235.0,cluster_12013799527_12013799528_2190601967,2,2,15
2235.0,cluster_12013799529_12013799530_473195061,5,2,21
2236.0,cluster_12013799525_12013799526_2496228894,1,0,15
2236.0,cluster_12013799527_12013799528_2190601967,3,2,15
2236.0,cluster_12013799529_12013799530_473195061,5,2,21
2237.0,2496228891,3,2,15
2237.0,cluster_12013799525_12013799526_2496228894,1,0,15
2237.0,cluster_12013799527_12013799528_2190601967,4,2,23
2237.0,cluster_12013799529_12013799530_473195061,6,2,23
2238.0,2496228891,2,2,15
2238.0,cluster_12013799525_12013799526_2496228894,0,0,15
2238.0,cluster_12013799529_12013799530_473195061,6,2,21
2239.0,2496228891,2,2,15
2239.0,cluster_12013799525_12013799526_2496228894,0,0,15
2239.0,cluster_12013799529_12013799530_473195061,6,2,21
2240.0,2496228891,2,2,15
2240.0,cluster_12013799525_12013799526_2496228894,0,0,15
2240.0,cluster_12013799529_12013799530_473195061,6,2,21
2241.0,2496228891,1,2,15
2241.0,cluster_12013799527_12013799528_2190601967,7,0,23
2241.0,cluster_12013799529_12013799530_473195061,7,2,21
2242.0,2496228891,1,2,15
2242.0,cluster_12013799527_12013799528_2190601967,6,0,21
2242.0,cluster_12013799529_12013799530_473195061,6,2,21
2243.0,2496228891,1,2,15
2243.0,cluster_12013799527_12013799528_2190601967,6,0,21
2243.0,cluster_12013799529_12013799530_473195061,6,2,21
2244.0,2496228891,0,2,15
2244.0,cluster_12013799525_12013799526_2496228894,2,2,15
2244.0,cluster_12013799527_12013799528_2190601967,6,0,21
2244.0,cluster_12013799529_12013799530_473195061,6,2,21
2245.0,2496228891,0,2,15
2245.0,cluster_12013799525_12013799526_2496228894,2,2,15
2245.0,cluster_12013799527_12013799528_2190601967,6,0,21
2245.0,cluster_12013799529_12013799530_473195061,6,2,21
2246.0,2496228891,0,2,15
2246.0,cluster_12013799525_12013799526_2496228894,2,2,15
2246.0,cluster_12013799527_12013799528_2190601967,5,0,21
2246.0,cluster_12013799529_12013799530_473195061,5,2,21
2247.0,2496228891,0,2,15
2247.0,cluster_12013799525_12013799526_2496228894,3,2,15
2247.0,cluster_12013799527_12013799528_2190601967,5,0,21
2247.0,cluster_12013799529_12013799530_473195061,5,2,21
2248.0,2496228891,0,2,15
2248.0,cluster_12013799525_12013799526_2496228894,3,2,15
2248.0,cluster_12013799527_12013799528_2190601967,5,0,21
2248.0,cluster_12013799529_12013799530_473195061,5,2,21
2249.0,2496228891,0,2,15
2249.0,cluster_12013799525_12013799526_2496228894,3,2,15
2249.0,cluster_12013799527_12013799528_2190601967,4,0,21
2249.0,cluster_12013799529_12013799530_473195061,4,2,21
2250.0,2496228891,0,2,15
2250.0,cluster_12013799525_12013799526_2496228894,3,2,15
2250.0,cluster_12013799527_12013799528_2190601967,4,0,21
2250.0,cluster_12013799529_12013799530_473195061,5,2,23
2251.0,2496228891,0,2,15
2251.0,cluster_12013799525_12013799526_2496228894,2,2,15
2251.0,cluster_12013799527_12013799528_2190601967,3,0,15
2252.0,2496228891,0,2,15
2252.0,cluster_12013799525_12013799526_2496228894,2,2,15
2252.0,cluster_12013799527_12013799528_2190601967,3,0,15
2253.0,cluster_12013799525_12013799526_2496228894,2,2,15
2253.0,cluster_12013799527_12013799528_2190601967,3,0,15
2254.0,cluster_12013799525_12013799526_2496228894,1,2,15
2254.0,cluster_12013799527_12013799528_2190601967,2,0,15
2254.0,cluster_12013799529_12013799530_473195061,5,0,21
2255.0,cluster_12013799525_12013799526_2496228894,1,2,15
2255.0,cluster_12013799527_12013799528_2190601967,2,0,15
2255.0,cluster_12013799529_12013799530_473195061,4,0,21
2256.0,2496228891,4,0,21
2256.0,cluster_12013799525_12013799526_2496228894,1,2,15
2256.0,cluster_12013799527_12013799528_2190601967,1,0,15
2256.0,cluster_12013799529_12013799530_473195061,4,0,21
2257.0,2496228891,4,0,21
2257.0,cluster_12013799525_12013799526_2496228894,0,2,15
2257.0,cluster_12013799527_12013799528_2190601967,1,0,15
2257.0,cluster_12013799529_12013799530_473195061,4,0,21
2258.0,2496228891,4,0,21
2258.0,cluster_12013799525_12013799526_2496228894,0,2,15
2258.0,cluster_12013799527_12013799528_2190601967,0,0,15
2258.0,cluster_12013799529_12013799530_473195061,4,0,21
2259.0,2496228891,5,0,23
2259.0,cluster_12013799525_12013799526_2496228894,0,2,15
2259.0,cluster_12013799527_12013799528_2190601967,0,0,15
2259.0,cluster_12013799529_12013799530_473195061,3,0,15
2260.0,2496228891,5,0,21
2260.0,cluster_12013799527_12013799528_2190601967,0,0,15
2260.0,cluster_12013799529_12013799530_473195061,3,0,15
2261.0,2496228891,4,0,21
2261.0,cluster_12013799527_12013799528_2190601967,0,0,15
2261.0,cluster_12013799529_12013799530_473195061,2,0,15
2262.0,2496228891,6,0,23
2262.0,cluster_12013799527_12013799528_2190601967,0,0,15
2262.0,cluster_12013799529_12013799530_473195061,2,0,15
2263.0,2496228891,6,0,21
2263.0,cluster_12013799525_12013799526_2496228894,0,0,15
2263.0,cluster_12013799527_12013799528_2190601967,0,0,15
2263.0,cluster_12013799529_12013799530_473195061,2,0,15
2264.0,2496228891,4,0,23
2264.0,cluster_12013799525_12013799526_2496228894,0,0,15
2264.0,cluster_12013799527_12013799528_2190601967,0,0,15
2264.0,cluster_12013799529_12013799530_473195061,1,0,15
2265.0,2496228891,4,0,23
2265.0,cluster_12013799525_12013799526_2496228894,0,0,15
2265.0,cluster_12013799529_12013799530_473195061,1,0,15
2266.0,2496228891,2,0,15
2266.0,cluster_12013799525_12013799526_2496228894,0,0,15
2266.0,cluster_12013799529_12013799530_473195061,1,0,15
2267.0,2496228891,1,0,15
2267.0,cluster_12013799525_12013799526_2496228894,0,0,15
2267.0,cluster_12013799529_12013799530_473195061,0,0,15
2268.0,2496228891,2,0,15
2268.0,cluster_12013799525_12013799526_2496228894,0,0,15
2268.0,cluster_12013799527_12013799528_2190601967,4,2,21
2268.0,cluster_12013799529_12013799530_473195061,0,0,15
2269.0,2496228891,2,0,15
2269.0,cluster_12013799525_12013799526_2496228894,0,0,15
2269.0,cluster_12013799527_12013799528_2190601967,4,2,21
2269.0,cluster_12013799529_12013799530_473195061,0,0,15
2270.0,2496228891,2,0,15
2270.0,cluster_12013799525_12013799526_2496228894,0,0,15
2270.0,cluster_12013799527_12013799528_2190601967,4,2,21
2270.0,cluster_12013799529_12013799530_473195061,0,0,15
2271.0,2496228891,2,0,15
2271.0,cluster_12013799525_12013799526_2496228894,0,0,15
2271.0,cluster_12013799527_12013799528_2190601967,4,2,21
2271.0,cluster_12013799529_12013799530_473195061,0,0,15
2272.0,2496228891,1,0,15
2272.0,cluster_12013799525_12013799526_2496228894,0,0,15
2272.0,cluster_12013799527_12013799528_2190601967,2,2,15
2272.0,cluster_12013799529_12013799530_473195061,0,0,15
2273.0,2496228891,1,0,15
2273.0,cluster_12013799525_12013799526_2496228894,0,0,15
2273.0,cluster_12013799527_12013799528_2190601967,2,2,15
2273.0,cluster_12013799529_12013799530_473195061,0,0,15
2274.0,2496228891,2,0,15
2274.0,cluster_12013799525_12013799526_2496228894,0,0,15
2274.0,cluster_12013799527_12013799528_2190601967,2,2,15
2274.0,cluster_12013799529_12013799530_473195061,0,0,15
2275.0,2496228891,2,0,15
2275.0,cluster_12013799525_12013799526_2496228894,0,0,15
2275.0,cluster_12013799527_12013799528_2190601967,1,2,15
2275.0,cluster_12013799529_12013799530_473195061,0,0,15
2276.0,2496228891,3,0,15
2276.0,cluster_12013799525_12013799526_2496228894,0,0,15
2276.0,cluster_12013799527_12013799528_2190601967,1,2,15
2277.0,2496228891,2,0,15
2277.0,cluster_12013799525_12013799526_2496228894,0,0,15
2277.0,cluster_12013799527_12013799528_2190601967,1,2,15
2278.0,cluster_12013799525_12013799526_2496228894,0,0,15
2278.0,cluster_12013799527_12013799528_2190601967,0,2,15
2279.0,cluster_12013799527_12013799528_2190601967,0,2,15
2279.0,cluster_12013799529_12013799530_473195061,9,2,22
2280.0,cluster_12013799527_12013799528_2190601967,0,2,15
2280.0,cluster_12013799529_12013799530_473195061,8,2,21
2281.0,2496228891,0,2,15
2281.0,cluster_12013799527_12013799528_2190601967,0,2,15
2281.0,cluster_12013799529_12013799530_473195061,8,2,21
2282.0,2496228891,0,2,15
2282.0,cluster_12013799525_12013799526_2496228894,1,2,15
2282.0,cluster_12013799527_12013799528_2190601967,0,2,15
2282.0,cluster_12013799529_12013799530_473195061,8,2,21
2283.0,2496228891,0,2,15
2283.0,cluster_12013799525_12013799526_2496228894,1,2,15
2283.0,cluster_12013799527_12013799528_2190601967,0,2,15
2283.0,cluster_12013799529_12013799530_473195061,8,2,21
2284.0,2496228891,0,2,15
2284.0,cluster_12013799525_12013799526_2496228894,1,2,15
2284.0,cluster_12013799527_12013799528_2190601967,0,2,15
2284.0,cluster_12013799529_12013799530_473195061,6,2,21
2285.0,2496228891,0,2,15
2285.0,cluster_12013799525_12013799526_2496228894,1,2,15
2285.0,cluster_12013799527_12013799528_2190601967,0,2,15
2285.0,cluster_12013799529_12013799530_473195061,6,2,21
2286.0,2496228891,0,2,15
2286.0,cluster_12013799525_12013799526_2496228894,1,2,15
2286.0,cluster_12013799527_12013799528_2190601967,0,2,15
2286.0,cluster_12013799529_12013799530_473195061,6,2,21
2287.0,2496228891,0,2,15
2287.0,cluster_12013799525_12013799526_2496228894,1,2,15
2287.0,cluster_12013799527_12013799528_2190601967,0,2,15
2287.0,cluster_12013799529_12013799530_473195061,5,2,23
2288.0,2496228891,0,2,15
2288.0,cluster_12013799525_12013799526_2496228894,1,2,15
2288.0,cluster_12013799527_12013799528_2190601967,0,2,15
2288.0,cluster_12013799529_12013799530_473195061,5,2,21
2289.0,2496228891,0,2,15
2289.0,cluster_12013799525_12013799526_2496228894,0,2,15
2289.0,cluster_12013799527_12013799528_2190601967,0,2,15
2289.0,cluster_12013799529_12013799530_473195061,4,2,21
2290.0,2496228891,0,2,15
2290.0,cluster_12013799525_12013799526_2496228894,0,2,15
2290.0,cluster_12013799529_12013799530_473195061,4,2,23
2291.0,2496228891,0,2,15
2291.0,cluster_12013799525_12013799526_2496228894,0,2,15
2291.0,cluster_12013799529_12013799530_473195061,3,2,15
2292.0,2496228891,0,2,15
2292.0,cluster_12013799525_12013799526_2496228894,0,2,15
2292.0,cluster_12013799529_12013799530_473195061,3,2,15
2293.0,2496228891,0,2,15
2293.0,cluster_12013799525_12013799526_2496228894,0,2,15
2293.0,cluster_12013799527_12013799528_2190601967,0,0,15
2293.0,cluster_12013799529_12013799530_473195061,2,2,15
2294.0,2496228891,0,2,15
2294.0,cluster_12013799525_12013799526_2496228894,0,2,15
2294.0,cluster_12013799527_12013799528_2190601967,0,0,15
2294.0,cluster_12013799529_12013799530_473195061,2,2,15
2295.0,2496228891,0,2,15
2295.0,cluster_12013799525_12013799526_2496228894,0,2,15
2295.0,cluster_12013799527_12013799528_2190601967,0,0,15
2295.0,cluster_12013799529_12013799530_473195061,1,2,15
2296.0,2496228891,0,2,15
2296.0,cluster_12013799525_12013799526_2496228894,0,2,15
2296.0,cluster_12013799527_12013799528_2190601967,0,0,15
2296.0,cluster_12013799529_12013799530_473195061,1,2,15
2297.0,cluster_12013799525_12013799526_2496228894,0,2,15
2297.0,cluster_12013799527_12013799528_2190601967,0,0,15
2297.0,cluster_12013799529_12013799530_473195061,1,2,15
2298.0,cluster_12013799527_12013799528_2190601967,0,0,15
2298.0,cluster_12013799529_12013799530_473195061,0,2,15
2299.0,cluster_12013799527_12013799528_2190601967,0,0,15
2299.0,cluster_12013799529_12013799530_473195061,0,2,15
2300.0,2496228891,3,0,15
2300.0,cluster_12013799527_12013799528_2190601967,0,0,15
2300.0,cluster_12013799529_12013799530_473195061,0,2,15
2301.0,2496228891,4,0,23
2301.0,cluster_12013799525_12013799526_2496228894,0,0,15
2301.0,cluster_12013799527_12013799528_2190601967,0,0,15
2301.0,cluster_12013799529_12013799530_473195061,0,2,15
2302.0,2496228891,5,0,23
2302.0,cluster_12013799525_12013799526_2496228894,0,0,15
2302.0,cluster_12013799527_12013799528_2190601967,0,0,15
2303.0,2496228891,5,0,21
2303.0,cluster_12013799525_12013799526_2496228894,0,0,15
2303.0,cluster_12013799527_12013799528_2190601967,0,0,15
2304.0,2496228891,4,0,21
2304.0,cluster_12013799525_12013799526_2496228894,0,0,15
2304.0,cluster_12013799527_12013799528_2190601967,0,0,15
2305.0,2496228891,4,0,21
2305.0,cluster_12013799525_12013799526_2496228894,0,0,15
2305.0,cluster_12013799527_12013799528_2190601967,0,0,15
2305.0,cluster_12013799529_12013799530_473195061,0,0,15
2306.0,2496228891,3,0,15
2306.0,cluster_12013799525_12013799526_2496228894,0,0,15
2306.0,cluster_12013799527_12013799528_2190601967,0,0,15
2306.0,cluster_12013799529_12013799530_473195061,0,0,15
2307.0,2496228891,2,0,15
2307.0,cluster_12013799525_12013799526_2496228894,0,0,15
2307.0,cluster_12013799527_12013799528_2190601967,0,0,15
2307.0,cluster_12013799529_12013799530_473195061,0,0,15
2308.0,2496228891,2,0,15
2308.0,cluster_12013799525_12013799526_2496228894,0,0,15
2308.0,cluster_12013799527_12013799528_2190601967,0,0,15
2308.0,cluster_12013799529_12013799530_473195061,0,0,15
2309.0,2496228891,2,0,15
2309.0,cluster_12013799525_12013799526_2496228894,0,0,15
2309.0,cluster_12013799529_12013799530_473195061,0,0,15
2310.0,2496228891,1,0,15
2310.0,cluster_12013799525_12013799526_2496228894,0,0,15
2310.0,cluster_12013799529_12013799530_473195061,0,0,15
2311.0,2496228891,1,0,15
2311.0,cluster_12013799525_12013799526_2496228894,0,0,15
2311.0,cluster_12013799529_12013799530_473195061,0,0,15
2312.0,2496228891,0,0,15
2312.0,cluster_12013799525_12013799526_2496228894,0,0,15
2312.0,cluster_12013799527_12013799528_2190601967,0,2,15
2312.0,cluster_12013799529_12013799530_473195061,0,0,15
2313.0,2496228891,0,0,15
2313.0,cluster_12013799525_12013799526_2496228894,0,0,15
2313.0,cluster_12013799527_12013799528_2190601967,0,2,15
2313.0,cluster_12013799529_12013799530_473195061,0,0,15
2314.0,2496228891,0,0,15
2314.0,cluster_12013799525_12013799526_2496228894,0,0,15
2314.0,cluster_12013799527_12013799528_2190601967,0,2,15
2314.0,cluster_12013799529_12013799530_473195061,0,0,15
2315.0,2496228891,0,0,15
2315.0,cluster_12013799525_12013799526_2496228894,0,0,15
2315.0,cluster_12013799527_12013799528_2190601967,0,2,15
2315.0,cluster_12013799529_12013799530_473195061,0,0,15
2316.0,cluster_12013799525_12013799526_2496228894,0,0,15
2316.0,cluster_12013799527_12013799528_2190601967,0,2,15
2316.0,cluster_12013799529_12013799530_473195061,0,0,15
2317.0,cluster_12013799527_12013799528_2190601967,0,2,15
2317.0,cluster_12013799529_12013799530_473195061,0,0,15
2318.0,cluster_12013799527_12013799528_2190601967,0,2,15
2318.0,cluster_12013799529_12013799530_473195061,0,0,15
2319.0,2496228891,0,2,15
2319.0,cluster_12013799527_12013799528_2190601967,0,2,15
2319.0,cluster_12013799529_12013799530_473195061,0,0,15
2320.0,2496228891,0,2,15
2320.0,cluster_12013799525_12013799526_2496228894,5,2,21
2320.0,cluster_12013799527_12013799528_2190601967,0,2,15
2320.0,cluster_12013799529_12013799530_473195061,0,0,15
2321.0,2496228891,0,2,15
2321.0,cluster_12013799525_12013799526_2496228894,3,2,15
2321.0,cluster_12013799527_12013799528_2190601967,0,2,15
2322.0,2496228891,0,2,15
2322.0,cluster_12013799525_12013799526_2496228894,3,2,15
2322.0,cluster_12013799527_12013799528_2190601967,0,2,15
2323.0,2496228891,0,2,15
2323.0,cluster_12013799525_12013799526_2496228894,3,2,15
2323.0,cluster_12013799527_12013799528_2190601967,0,2,15
2324.0,2496228891,0,2,15
2324.0,cluster_12013799525_12013799526_2496228894,3,2,15
2324.0,cluster_12013799527_12013799528_2190601967,0,2,15
2324.0,cluster_12013799529_12013799530_473195061,0,2,15
2325.0,2496228891,0,2,15
2325.0,cluster_12013799525_12013799526_2496228894,2,2,15
2325.0,cluster_12013799527_12013799528_2190601967,1,2,15
2325.0,cluster_12013799529_12013799530_473195061,0,2,15
2326.0,2496228891,0,2,15
2326.0,cluster_12013799525_12013799526_2496228894,2,2,15
2326.0,cluster_12013799527_12013799528_2190601967,1,2,15
2326.0,cluster_12013799529_12013799530_473195061,0,2,15
2327.0,2496228891,0,2,15
2327.0,cluster_12013799525_12013799526_2496228894,2,2,15
2327.0,cluster_12013799527_12013799528_2190601967,1,2,15
2327.0,cluster_12013799529_12013799530_473195061,0,2,15
2328.0,2496228891,0,2,15
2328.0,cluster_12013799525_12013799526_2496228894,1,2,15
2328.0,cluster_12013799529_12013799530_473195061,0,2,15
2329.0,2496228891,0,2,15
2329.0,cluster_12013799525_12013799526_2496228894,1,2,15
2329.0,cluster_12013799529_12013799530_473195061,0,2,15
2330.0,2496228891,0,2,15
2330.0,cluster_12013799525_12013799526_2496228894,0,2,15
2330.0,cluster_12013799529_12013799530_473195061,0,2,15
2331.0,2496228891,0,2,15
2331.0,cluster_12013799525_12013799526_2496228894,0,2,15
2331.0,cluster_12013799527_12013799528_2190601967,0,0,15
2331.0,cluster_12013799529_12013799530_473195061,0,2,15
2332.0,2496228891,0,2,15
2332.0,cluster_12013799525_12013799526_2496228894,0,2,15
2332.0,cluster_12013799527_12013799528_2190601967,0,0,15
2332.0,cluster_12013799529_12013799530_473195061,0,2,15
2333.0,2496228891,0,2,15
2333.0,cluster_12013799525_12013799526_2496228894,0,2,15
2333.0,cluster_12013799527_12013799528_2190601967,0,0,15
2333.0,cluster_12013799529_12013799530_473195061,0,2,15
2334.0,2496228891,0,2,15
2334.0,cluster_12013799525_12013799526_2496228894,0,2,15
2334.0,cluster_12013799527_12013799528_2190601967,0,0,15
2334.0,cluster_12013799529_12013799530_473195061,0,2,15
2335.0,cluster_12013799525_12013799526_2496228894,0,2,15
2335.0,cluster_12013799527_12013799528_2190601967,0,0,15
2335.0,cluster_12013799529_12013799530_473195061,0,2,15
2336.0,cluster_12013799525_12013799526_2496228894,0,2,15
2336.0,cluster_12013799527_12013799528_2190601967,0,0,15
2336.0,cluster_12013799529_12013799530_473195061,0,2,15
2337.0,cluster_12013799525_12013799526_2496228894,0,2,15
2337.0,cluster_12013799527_12013799528_2190601967,0,0,15
2337.0,cluster_12013799529_12013799530_473195061,0,2,15
2338.0,2496228891,0,0,15
2338.0,cluster_12013799525_12013799526_2496228894,0,2,15
2338.0,cluster_12013799527_12013799528_2190601967,0,0,15
2338.0,cluster_12013799529_12013799530_473195061,0,2,15
2339.0,2496228891,0,0,15
2339.0,cluster_12013799525_12013799526_2496228894,0,2,15
2339.0,cluster_12013799527_12013799528_2190601967,0,0,15
2339.0,cluster_12013799529_12013799530_473195061,0,2,15
2340.0,2496228891,0,0,15
2340.0,cluster_12013799525_12013799526_2496228894,0,2,15
2340.0,cluster_12013799527_12013799528_2190601967,0,0,15
2341.0,2496228891,0,0,15
2341.0,cluster_12013799525_12013799526_2496228894,0,2,15
2341.0,cluster_12013799527_12013799528_2190601967,0,0,15
2342.0,2496228891,0,0,15
2342.0,cluster_12013799527_12013799528_2190601967,0,0,15
2343.0,2496228891,0,0,15
2343.0,cluster_12013799527_12013799528_2190601967,0,0,15
2343.0,cluster_12013799529_12013799530_473195061,0,0,15
2344.0,2496228891,0,0,15
2344.0,cluster_12013799527_12013799528_2190601967,0,0,15
2344.0,cluster_12013799529_12013799530_473195061,0,0,15
2345.0,2496228891,0,0,15
2345.0,cluster_12013799525_12013799526_2496228894,0,0,15
2345.0,cluster_12013799527_12013799528_2190601967,0,0,15
2345.0,cluster_12013799529_12013799530_473195061,0,0,15
2346.0,2496228891,0,0,15
2346.0,cluster_12013799525_12013799526_2496228894,0,0,15
2346.0,cluster_12013799527_12013799528_2190601967,0,0,15
2346.0,cluster_12013799529_12013799530_473195061,0,0,15
2347.0,2496228891,0,0,15
2347.0,cluster_12013799525_12013799526_2496228894,0,0,15
2347.0,cluster_12013799529_12013799530_473195061,0,0,15
2348.0,2496228891,0,0,15
2348.0,cluster_12013799525_12013799526_2496228894,0,0,15
2348.0,cluster_12013799529_12013799530_473195061,0,0,15
2349.0,2496228891,0,0,15
2349.0,cluster_12013799525_12013799526_2496228894,0,0,15
2349.0,cluster_12013799529_12013799530_473195061,0,0,15
2350.0,2496228891,0,0,15
2350.0,cluster_12013799525_12013799526_2496228894,0,0,15
2350.0,cluster_12013799527_12013799528_2190601967,1,2,15
2350.0,cluster_12013799529_12013799530_473195061,0,0,15
2351.0,2496228891,0,0,15
2351.0,cluster_12013799525_12013799526_2496228894,0,0,15
2351.0,cluster_12013799527_12013799528_2190601967,0,2,15
2351.0,cluster_12013799529_12013799530_473195061,0,0,15
2352.0,2496228891,0,0,15
2352.0,cluster_12013799525_12013799526_2496228894,0,0,15
2352.0,cluster_12013799527_12013799528_2190601967,0,2,15
2352.0,cluster_12013799529_12013799530_473195061,0,0,15
2353.0,2496228891,0,0,15
2353.0,cluster_12013799525_12013799526_2496228894,0,0,15
2353.0,cluster_12013799527_12013799528_2190601967,0,2,15
2353.0,cluster_12013799529_12013799530_473195061,0,0,15
2354.0,cluster_12013799525_12013799526_2496228894,0,0,15
2354.0,cluster_12013799527_12013799528_2190601967,0,2,15
2354.0,cluster_12013799529_12013799530_473195061,0,0,15
2355.0,cluster_12013799525_12013799526_2496228894,1,0,15
2355.0,cluster_12013799527_12013799528_2190601967,1,2,15
2355.0,cluster_12013799529_12013799530_473195061,1,0,15
2356.0,cluster_12013799525_12013799526_2496228894,1,0,15
2356.0,cluster_12013799527_12013799528_2190601967,1,2,15
2356.0,cluster_12013799529_12013799530_473195061,1,0,15
2357.0,2496228891,1,2,15
2357.0,cluster_12013799525_12013799526_2496228894,1,0,15
2357.0,cluster_12013799527_12013799528_2190601967,1,2,15
2357.0,cluster_12013799529_12013799530_473195061,1,0,15
2358.0,2496228891,1,2,15
2358.0,cluster_12013799525_12013799526_2496228894,1,0,15
2358.0,cluster_12013799527_12013799528_2190601967,1,2,15
2358.0,cluster_12013799529_12013799530_473195061,1,0,15
2359.0,2496228891,2,2,15
2359.0,cluster_12013799525_12013799526_2496228894,2,0,15
2359.0,cluster_12013799527_12013799528_2190601967,2,2,15
2360.0,2496228891,2,2,15
2360.0,cluster_12013799525_12013799526_2496228894,2,0,15
2360.0,cluster_12013799527_12013799528_2190601967,2,2,15
2361.0,2496228891,2,2,15
2361.0,cluster_12013799527_12013799528_2190601967,2,2,15
2362.0,2496228891,2,2,15
2362.0,cluster_12013799527_12013799528_2190601967,2,2,15
2362.0,cluster_12013799529_12013799530_473195061,2,2,15
2363.0,2496228891,3,2,15
2363.0,cluster_12013799527_12013799528_2190601967,3,2,15
2363.0,cluster_12013799529_12013799530_473195061,3,2,15
2364.0,2496228891,2,2,15
2364.0,cluster_12013799525_12013799526_2496228894,2,2,15
2364.0,cluster_12013799527_12013799528_2190601967,3,2,15
2364.0,cluster_12013799529_12013799530_473195061,3,2,15
2365.0,2496228891,3,2,15
2365.0,cluster_12013799525_12013799526_2496228894,3,2,15
2365.0,cluster_12013799527_12013799528_2190601967,3,2,15
2365.0,cluster_12013799529_12013799530_473195061,3,2,15
2366.0,2496228891,3,2,15
2366.0,cluster_12013799525_12013799526_2496228894,3,2,15
2366.0,cluster_12013799529_12013799530_473195061,3,2,15
2367.0,2496228891,2,2,15
2367.0,cluster_12013799525_12013799526_2496228894,2,2,15
2367.0,cluster_12013799529_12013799530_473195061,4,2,23
2368.0,2496228891,3,2,15
2368.0,cluster_12013799525_12013799526_2496228894,3,2,15
2368.0,cluster_12013799529_12013799530_473195061,4,2,21
2369.0,2496228891,3,2,15
2369.0,cluster_12013799525_12013799526_2496228894,3,2,15
2369.0,cluster_12013799527_12013799528_2190601967,4,0,21
2369.0,cluster_12013799529_12013799530_473195061,4,2,21
2370.0,2496228891,3,2,15
2370.0,cluster_12013799525_12013799526_2496228894,3,2,15
2370.0,cluster_12013799527_12013799528_2190601967,4,0,21
2370.0,cluster_12013799529_12013799530_473195061,4,2,21
2371.0,2496228891,2,2,15
2371.0,cluster_12013799525_12013799526_2496228894,2,2,15
2371.0,cluster_12013799527_12013799528_2190601967,5,0,23
2371.0,cluster_12013799529_12013799530_473195061,5,2,21
2372.0,2496228891,3,2,15
2372.0,cluster_12013799525_12013799526_2496228894,3,2,15
2372.0,cluster_12013799527_12013799528_2190601967,4,0,21
2372.0,cluster_12013799529_12013799530_473195061,4,2,21
2373.0,cluster_12013799525_12013799526_2496228894,2,2,15
2373.0,cluster_12013799527_12013799528_2190601967,4,0,21
2373.0,cluster_12013799529_12013799530_473195061,4,2,21
2374.0,cluster_12013799525_12013799526_2496228894,2,2,15
2374.0,cluster_12013799527_12013799528_2190601967,4,0,21
2374.0,cluster_12013799529_12013799530_473195061,4,2,21
2375.0,cluster_12013799525_12013799526_2496228894,3,2,15
2375.0,cluster_12013799527_12013799528_2190601967,5,0,23
2375.0,cluster_12013799529_12013799530_473195061,5,2,21
2376.0,2496228891,5,0,21
2376.0,cluster_12013799525_12013799526_2496228894,3,2,15
2376.0,cluster_12013799527_12013799528_2190601967,5,0,21
2376.0,cluster_12013799529_12013799530_473195061,5,2,21
2377.0,2496228891,5,0,21
2377.0,cluster_12013799525_12013799526_2496228894,3,2,15
2377.0,cluster_12013799527_12013799528_2190601967,4,0,21
2377.0,cluster_12013799529_12013799530_473195061,4,2,21
2378.0,2496228891,5,0,21
2378.0,cluster_12013799525_12013799526_2496228894,3,2,15
2378.0,cluster_12013799527_12013799528_2190601967,4,0,21
2379.0,2496228891,5,0,21
2379.0,cluster_12013799525_12013799526_2496228894,3,2,15
2379.0,cluster_12013799527_12013799528_2190601967,4,0,21
2380.0,2496228891,5,0,21
2380.0,cluster_12013799527_12013799528_2190601967,4,0,21
2381.0,2496228891,5,0,21
2381.0,cluster_12013799527_12013799528_2190601967,4,0,21
2381.0,cluster_12013799529_12013799530_473195061,5,0,21
2382.0,2496228891,4,0,21
2382.0,cluster_12013799527_12013799528_2190601967,4,0,21
2382.0,cluster_12013799529_12013799530_473195061,4,0,21
2383.0,2496228891,4,0,21
2383.0,cluster_12013799525_12013799526_2496228894,4,0,21
2383.0,cluster_12013799527_12013799528_2190601967,4,0,21
2383.0,cluster_12013799529_12013799530_473195061,4,0,21
2384.0,2496228891,4,0,21
2384.0,cluster_12013799525_12013799526_2496228894,3,0,15
2384.0,cluster_12013799527_12013799528_2190601967,3,0,15
2384.0,cluster_12013799529_12013799530_473195061,4,0,21
2385.0,2496228891,3,0,15
2385.0,cluster_12013799525_12013799526_2496228894,3,0,15
2385.0,cluster_12013799527_12013799528_2190601967,3,0,15
2385.0,cluster_12013799529_12013799530_473195061,3,0,15
2386.0,2496228891,3,0,15
2386.0,cluster_12013799525_12013799526_2496228894,3,0,15
2386.0,cluster_12013799527_12013799528_2190601967,3,0,15
2386.0,cluster_12013799529_12013799530_473195061,3,0,15
2387.0,2496228891,5,0,23
2387.0,cluster_12013799525_12013799526_2496228894,3,0,15
2387.0,cluster_12013799527_12013799528_2190601967,3,0,15
2387.0,cluster_12013799529_12013799530_473195061,3,0,15
2388.0,2496228891,4,0,21
2388.0,cluster_12013799525_12013799526_2496228894,2,0,15
2388.0,cluster_12013799527_12013799528_2190601967,3,0,15
2388.0,cluster_12013799529_12013799530_473195061,2,0,15
2389.0,2496228891,6,0,23
2389.0,cluster_12013799525_12013799526_2496228894,2,0,15
2389.0,cluster_12013799527_12013799528_2190601967,2,0,15
2389.0,cluster_12013799529_12013799530_473195061,2,0,15
2390.0,2496228891,6,0,21
2390.0,cluster_12013799525_12013799526_2496228894,1,0,15
2390.0,cluster_12013799527_12013799528_2190601967,2,0,15
2390.0,cluster_12013799529_12013799530_473195061,2,0,15
2391.0,2496228891,5,0,21
2391.0,cluster_12013799525_12013799526_2496228894,1,0,15
2391.0,cluster_12013799529_12013799530_473195061,1,0,15
2392.0,2496228891,3,0,15
2392.0,cluster_12013799525_12013799526_2496228894,1,0,15
2392.0,cluster_12013799529_12013799530_473195061,1,0,15
2393.0,2496228891,3,0,15
2393.0,cluster_12013799525_12013799526_2496228894,0,0,15
2393.0,cluster_12013799529_12013799530_473195061,0,0,15
2394.0,2496228891,1,0,15
2394.0,cluster_12013799525_12013799526_2496228894,0,0,15
2394.0,cluster_12013799527_12013799528_2190601967,3,2,15
2394.0,cluster_12013799529_12013799530_473195061,0,0,15
2395.0,2496228891,1,0,15
2395.0,cluster_12013799525_12013799526_2496228894,0,0,15
2395.0,cluster_12013799527_12013799528_2190601967,2,2,15
2395.0,cluster_12013799529_12013799530_473195061,0,0,15
2396.0,2496228891,2,0,15
2396.0,cluster_12013799525_12013799526_2496228894,0,0,15
2396.0,cluster_12013799527_12013799528_2190601967,4,2,23
2396.0,cluster_12013799529_12013799530_473195061,0,0,15
2397.0,2496228891,3,0,15
2397.0,cluster_12013799525_12013799526_2496228894,0,0,15
2397.0,cluster_12013799527_12013799528_2190601967,3,2,15
2397.0,cluster_12013799529_12013799530_473195061,0,0,15
2398.0,cluster_12013799525_12013799526_2496228894,0,0,15
2398.0,cluster_12013799527_12013799528_2190601967,4,2,23
2398.0,cluster_12013799529_12013799530_473195061,0,0,15
2399.0,cluster_12013799525_12013799526_2496228894,0,0,15
2399.0,cluster_12013799527_12013799528_2190601967,3,2,15
2399.0,cluster_12013799529_12013799530_473195061,0,0,15
2400.0,cluster_12013799525_12013799526_2496228894,0,0,15
2400.0,cluster_12013799527_12013799528_2190601967,4,2,23
2400.0,cluster_12013799529_12013799530_473195061,0,0,15
2401.0,2496228891,1,2,15
2401.0,cluster_12013799525_12013799526_2496228894,0,0,15
2401.0,cluster_12013799527_12013799528_2190601967,3,2,15
2401.0,cluster_12013799529_12013799530_473195061,0,0,15
2402.0,2496228891,1,2,15
2402.0,cluster_12013799525_12013799526_2496228894,0,0,15
2402.0,cluster_12013799527_12013799528_2190601967,3,2,15
2402.0,cluster_12013799529_12013799530_473195061,0,0,15
2403.0,2496228891,1,2,15
2403.0,cluster_12013799525_12013799526_2496228894,0,0,15
2403.0,cluster_12013799527_12013799528_2190601967,2,2,15
2404.0,2496228891,1,2,15
2404.0,cluster_12013799525_12013799526_2496228894,0,0,15
2404.0,cluster_12013799527_12013799528_2190601967,2,2,15
2405.0,2496228891,0,2,15
2405.0,cluster_12013799527_12013799528_2190601967,1,2,15
2406.0,2496228891,0,2,15
2406.0,cluster_12013799527_12013799528_2190601967,1,2,15
2406.0,cluster_12013799529_12013799530_473195061,6,2,21
2407.0,2496228891,0,2,15
2407.0,cluster_12013799527_12013799528_2190601967,0,2,15
2407.0,cluster_12013799529_12013799530_473195061,6,2,23
2408.0,2496228891,0,2,15
2408.0,cluster_12013799525_12013799526_2496228894,2,2,15
2408.0,cluster_12013799527_12013799528_2190601967,0,2,15
2408.0,cluster_12013799529_12013799530_473195061,6,2,21
2409.0,2496228891,0,2,15
2409.0,cluster_12013799525_12013799526_2496228894,2,2,15
2409.0,cluster_12013799527_12013799528_2190601967,0,2,15
2409.0,cluster_12013799529_12013799530_473195061,7,2,23
2410.0,2496228891,0,2,15
2410.0,cluster_12013799525_12013799526_2496228894,2,2,15
2410.0,cluster_12013799529_12013799530_473195061,6,2,21
2411.0,2496228891,0,2,15
2411.0,cluster_12013799525_12013799526_2496228894,2,2,15
2411.0,cluster_12013799529_12013799530_473195061,6,2,21
2412.0,2496228891,0,2,15
2412.0,cluster_12013799525_12013799526_2496228894,2,2,15
2412.0,cluster_12013799529_12013799530_473195061,6,2,21
2413.0,2496228891,0,2,15
2413.0,cluster_12013799525_12013799526_2496228894,2,2,15
2413.0,cluster_12013799527_12013799528_2190601967,2,0,15
2413.0,cluster_12013799529_12013799530_473195061,5,2,21
2414.0,2496228891,0,2,15
2414.0,cluster_12013799525_12013799526_2496228894,2,2,15
2414.0,cluster_12013799527_12013799528_2190601967,1,0,15
2414.0,cluster_12013799529_12013799530_473195061,4,2,23
2415.0,2496228891,0,2,15
2415.0,cluster_12013799525_12013799526_2496228894,1,2,15
2415.0,cluster_12013799527_12013799528_2190601967,1,0,15
2415.0,cluster_12013799529_12013799530_473195061,3,2,15
2416.0,2496228891,0,2,15
2416.0,cluster_12013799525_12013799526_2496228894,1,2,15
2416.0,cluster_12013799527_12013799528_2190601967,1,0,15
2416.0,cluster_12013799529_12013799530_473195061,3,2,15
2417.0,cluster_12013799525_12013799526_2496228894,1,2,15
2417.0,cluster_12013799527_12013799528_2190601967,0,0,15
2417.0,cluster_12013799529_12013799530_473195061,2,2,15
2418.0,cluster_12013799525_12013799526_2496228894,0,2,15
2418.0,cluster_12013799527_12013799528_2190601967,0,0,15
2418.0,cluster_12013799529_12013799530_473195061,2,2,15
2419.0,cluster_12013799525_12013799526_2496228894,0,2,15
2419.0,cluster_12013799527_12013799528_2190601967,0,0,15
2419.0,cluster_12013799529_12013799530_473195061,2,2,15
2420.0,2496228891,8,0,21
2420.0,cluster_12013799525_12013799526_2496228894,0,2,15
2420.0,cluster_12013799527_12013799528_2190601967,0,0,15
2420.0,cluster_12013799529_12013799530_473195061,1,2,15
2421.0,2496228891,7,0,23
2421.0,cluster_12013799525_12013799526_2496228894,0,2,15
2421.0,cluster_12013799527_12013799528_2190601967,0,0,15
2421.0,cluster_12013799529_12013799530_473195061,2,2,15
2422.0,2496228891,7,0,23
2422.0,cluster_12013799525_12013799526_2496228894,0,2,15
2422.0,cluster_12013799527_12013799528_2190601967,0,0,15
2422.0,cluster_12013799529_12013799530_473195061,2,2,15
2423.0,2496228891,7,0,21
2423.0,cluster_12013799525_12013799526_2496228894,0,2,15
2423.0,cluster_12013799527_12013799528_2190601967,0,0,15
2423.0,cluster_12013799529_12013799530_473195061,2,2,15
2424.0,2496228891,4,0,21
2424.0,cluster_12013799527_12013799528_2190601967,0,0,15
2424.0,cluster_12013799529_12013799530_473195061,2,2,15
2425.0,2496228891,3,0,15
2425.0,cluster_12013799527_12013799528_2190601967,0,0,15
2425.0,cluster_12013799529_12013799530_473195061,2,2,15
2426.0,2496228891,4,0,23
2426.0,cluster_12013799527_12013799528_2190601967,0,0,15
2426.0,cluster_12013799529_12013799530_473195061,2,2,15
2427.0,2496228891,4,0,21
2427.0,cluster_12013799525_12013799526_2496228894,0,0,15
2427.0,cluster_12013799527_12013799528_2190601967,0,0,15
2427.0,cluster_12013799529_12013799530_473195061,2,2,15
2428.0,2496228891,4,0,23
2428.0,cluster_12013799525_12013799526_2496228894,0,0,15
2428.0,cluster_12013799527_12013799528_2190601967,0,0,15
2429.0,2496228891,4,0,23
2429.0,cluster_12013799525_12013799526_2496228894,0,0,15
2430.0,2496228891,3,0,15
2430.0,cluster_12013799525_12013799526_2496228894,0,0,15
2431.0,2496228891,2,0,15
2431.0,cluster_12013799525_12013799526_2496228894,0,0,15
2431.0,cluster_12013799529_12013799530_473195061,0,0,15
2432.0,2496228891,1,0,15
2432.0,cluster_12013799525_12013799526_2496228894,0,0,15
2432.0,cluster_12013799527_12013799528_2190601967,1,2,15
2432.0,cluster_12013799529_12013799530_473195061,0,0,15
2433.0,2496228891,1,0,15
2433.0,cluster_12013799525_12013799526_2496228894,0,0,15
2433.0,cluster_12013799527_12013799528_2190601967,0,2,15
2433.0,cluster_12013799529_12013799530_473195061,0,0,15
2434.0,2496228891,1,0,15
2434.0,cluster_12013799525_12013799526_2496228894,0,0,15
2434.0,cluster_12013799527_12013799528_2190601967,0,2,15
2434.0,cluster_12013799529_12013799530_473195061,0,0,15
2435.0,2496228891,0,0,15
2435.0,cluster_12013799525_12013799526_2496228894,0,0,15
2435.0,cluster_12013799527_12013799528_2190601967,0,2,15
2435.0,cluster_12013799529_12013799530_473195061,0,0,15
2436.0,2496228891,0,0,15
2436.0,cluster_12013799525_12013799526_2496228894,0,0,15
2436.0,cluster_12013799527_12013799528_2190601967,0,2,15
2436.0,cluster_12013799529_12013799530_473195061,0,0,15
2437.0,2496228891,0,0,15
2437.0,cluster_12013799525_12013799526_2496228894,0,0,15
2437.0,cluster_12013799527_12013799528_2190601967,0,2,15
2437.0,cluster_12013799529_12013799530_473195061,0,0,15
2438.0,2496228891,0,0,15
2438.0,cluster_12013799525_12013799526_2496228894,0,0,15
2438.0,cluster_12013799527_12013799528_2190601967,0,2,15
2438.0,cluster_12013799529_12013799530_473195061,0,0,15
2439.0,2496228891,0,0,15
2439.0,cluster_12013799525_12013799526_2496228894,0,0,15
2439.0,cluster_12013799527_12013799528_2190601967,0,2,15
2439.0,cluster_12013799529_12013799530_473195061,0,0,15
2440.0,2496228891,0,0,15
2440.0,cluster_12013799525_12013799526_2496228894,0,0,15
2440.0,cluster_12013799527_12013799528_2190601967,0,2,15
2440.0,cluster_12013799529_12013799530_473195061,0,0,15
2441.0,2496228891,0,0,15
2441.0,cluster_12013799525_12013799526_2496228894,0,0,15
2441.0,cluster_12013799527_12013799528_2190601967,0,2,15
2441.0,cluster_12013799529_12013799530_473195061,0,0,15
2442.0,cluster_12013799525_12013799526_2496228894,0,0,15
2442.0,cluster_12013799527_12013799528_2190601967,0,2,15
2442.0,cluster_12013799529_12013799530_473195061,0,0,15
2443.0,cluster_12013799527_12013799528_2190601967,0,2,15
2443.0,cluster_12013799529_12013799530_473195061,0,0,15
2444.0,cluster_12013799527_12013799528_2190601967,0,2,15
2444.0,cluster_12013799529_12013799530_473195061,0,0,15
2445.0,2496228891,0,2,15
2445.0,cluster_12013799527_12013799528_2190601967,0,2,15
2445.0,cluster_12013799529_12013799530_473195061,0,0,15
2446.0,2496228891,0,2,15
2446.0,cluster_12013799525_12013799526_2496228894,4,2,21
2446.0,cluster_12013799527_12013799528_2190601967,0,2,15
2446.0,cluster_12013799529_12013799530_473195061,0,0,15
2447.0,2496228891,0,2,15
2447.0,cluster_12013799525_12013799526_2496228894,3,2,15
2447.0,cluster_12013799527_12013799528_2190601967,0,2,15
2448.0,2496228891,0,2,15
2448.0,cluster_12013799525_12013799526_2496228894,3,2,15
2449.0,2496228891,0,2,15
2449.0,cluster_12013799525_12013799526_2496228894,3,2,15
2450.0,2496228891,0,2,15
2450.0,cluster_12013799525_12013799526_2496228894,2,2,15
2450.0,cluster_12013799529_12013799530_473195061,0,2,15
2451.0,2496228891,0,2,15
2451.0,cluster_12013799525_12013799526_2496228894,1,2,15
2451.0,cluster_12013799527_12013799528_2190601967,0,0,15
2451.0,cluster_12013799529_12013799530_473195061,0,2,15
2452.0,2496228891,0,2,15
2452.0,cluster_12013799525_12013799526_2496228894,1,2,15
2452.0,cluster_12013799527_12013799528_2190601967,0,0,15
2452.0,cluster_12013799529_12013799530_473195061,0,2,15
2453.0,2496228891,0,2,15
2453.0,cluster_12013799525_12013799526_2496228894,0,2,15
2453.0,cluster_12013799527_12013799528_2190601967,0,0,15
2453.0,cluster_12013799529_12013799530_473195061,0,2,15
2454.0,2496228891,0,2,15
2454.0,cluster_12013799525_12013799526_2496228894,0,2,15
2454.0,cluster_12013799527_12013799528_2190601967,0,0,15
2454.0,cluster_12013799529_12013799530_473195061,0,2,15
2455.0,2496228891,0,2,15
2455.0,cluster_12013799525_12013799526_2496228894,0,2,15
2455.0,cluster_12013799527_12013799528_2190601967,0,0,15
2455.0,cluster_12013799529_12013799530_473195061,0,2,15
2456.0,2496228891,0,2,15
2456.0,cluster_12013799525_12013799526_2496228894,0,2,15
2456.0,cluster_12013799527_12013799528_2190601967,0,0,15
2456.0,cluster_12013799529_12013799530_473195061,0,2,15
2457.0,2496228891,0,2,15
2457.0,cluster_12013799525_12013799526_2496228894,0,2,15
2457.0,cluster_12013799527_12013799528_2190601967,0,0,15
2457.0,cluster_12013799529_12013799530_473195061,0,2,15
2458.0,2496228891,0,2,15
2458.0,cluster_12013799525_12013799526_2496228894,0,2,15
2458.0,cluster_12013799527_12013799528_2190601967,0,0,15
2458.0,cluster_12013799529_12013799530_473195061,0,2,15
2459.0,2496228891,0,2,15
2459.0,cluster_12013799525_12013799526_2496228894,0,2,15
2459.0,cluster_12013799527_12013799528_2190601967,0,0,15
2459.0,cluster_12013799529_12013799530_473195061,0,2,15
2460.0,2496228891,0,2,15
2460.0,cluster_12013799525_12013799526_2496228894,0,2,15
2460.0,cluster_12013799527_12013799528_2190601967,0,0,15
2460.0,cluster_12013799529_12013799530_473195061,0,2,15
2461.0,cluster_12013799525_12013799526_2496228894,0,2,15
2461.0,cluster_12013799527_12013799528_2190601967,0,0,15
2461.0,cluster_12013799529_12013799530_473195061,0,2,15
2462.0,cluster_12013799525_12013799526_2496228894,0,2,15
2462.0,cluster_12013799527_12013799528_2190601967,0,0,15
2462.0,cluster_12013799529_12013799530_473195061,0,2,15
2463.0,cluster_12013799525_12013799526_2496228894,0,2,15
2463.0,cluster_12013799527_12013799528_2190601967,0,0,15
2463.0,cluster_12013799529_12013799530_473195061,0,2,15
2464.0,2496228891,0,0,15
2464.0,cluster_12013799525_12013799526_2496228894,0,2,15
2464.0,cluster_12013799527_12013799528_2190601967,0,0,15
2464.0,cluster_12013799529_12013799530_473195061,0,2,15
2465.0,2496228891,0,0,15
2465.0,cluster_12013799525_12013799526_2496228894,0,2,15
2465.0,cluster_12013799527_12013799528_2190601967,0,0,15
2465.0,cluster_12013799529_12013799530_473195061,0,2,15
2466.0,2496228891,0,0,15
2466.0,cluster_12013799525_12013799526_2496228894,0,2,15
2466.0,cluster_12013799527_12013799528_2190601967,0,0,15
2467.0,2496228891,0,0,15
2467.0,cluster_12013799525_12013799526_2496228894,0,2,15
2468.0,2496228891,0,0,15
2469.0,2496228891,0,0,15
2469.0,cluster_12013799529_12013799530_473195061,0,0,15
2470.0,2496228891,0,0,15
2470.0,cluster_12013799527_12013799528_2190601967,1,2,15
2470.0,cluster_12013799529_12013799530_473195061,0,0,15
2471.0,2496228891,0,0,15
2471.0,cluster_12013799525_12013799526_2496228894,0,0,15
2471.0,cluster_12013799527_12013799528_2190601967,0,2,15
2471.0,cluster_12013799529_12013799530_473195061,0,0,15
2472.0,2496228891,0,0,15
2472.0,cluster_12013799525_12013799526_2496228894,0,0,15
2472.0,cluster_12013799527_12013799528_2190601967,0,2,15
2472.0,cluster_12013799529_12013799530_473195061,0,0,15
2473.0,2496228891,0,0,15
2473.0,cluster_12013799525_12013799526_2496228894,0,0,15
2473.0,cluster_12013799527_12013799528_2190601967,0,2,15
2473.0,cluster_12013799529_12013799530_473195061,0,0,15
2474.0,2496228891,0,0,15
2474.0,cluster_12013799525_12013799526_2496228894,0,0,15
2474.0,cluster_12013799527_12013799528_2190601967,0,2,15
2474.0,cluster_12013799529_12013799530_473195061,0,0,15
2475.0,2496228891,0,0,15
2475.0,cluster_12013799525_12013799526_2496228894,0,0,15
2475.0,cluster_12013799527_12013799528_2190601967,0,2,15
2475.0,cluster_12013799529_12013799530_473195061,0,0,15
2476.0,2496228891,0,0,15
2476.0,cluster_12013799525_12013799526_2496228894,0,0,15
2476.0,cluster_12013799527_12013799528_2190601967,0,2,15
2476.0,cluster_12013799529_12013799530_473195061,0,0,15
2477.0,2496228891,0,0,15
2477.0,cluster_12013799525_12013799526_2496228894,0,0,15
2477.0,cluster_12013799527_12013799528_2190601967,0,2,15
2477.0,cluster_12013799529_12013799530_473195061,0,0,15
2478.0,2496228891,0,0,15
2478.0,cluster_12013799525_12013799526_2496228894,0,0,15
2478.0,cluster_12013799527_12013799528_2190601967,0,2,15
2478.0,cluster_12013799529_12013799530_473195061,0,0,15
2479.0,2496228891,0,0,15
2479.0,cluster_12013799525_12013799526_2496228894,0,0,15
2479.0,cluster_12013799527_12013799528_2190601967,0,2,15
2479.0,cluster_12013799529_12013799530_473195061,0,0,15
2480.0,cluster_12013799525_12013799526_2496228894,0,0,15
2480.0,cluster_12013799527_12013799528_2190601967,0,2,15
2480.0,cluster_12013799529_12013799530_473195061,0,0,15
2481.0,cluster_12013799525_12013799526_2496228894,0,0,15
2481.0,cluster_12013799527_12013799528_2190601967,0,2,15
2481.0,cluster_12013799529_12013799530_473195061,0,0,15
2482.0,cluster_12013799525_12013799526_2496228894,0,0,15
2482.0,cluster_12013799527_12013799528_2190601967,0,2,15
2482.0,cluster_12013799529_12013799530_473195061,0,0,15
2483.0,2496228891,0,2,15
2483.0,cluster_12013799525_12013799526_2496228894,0,0,15
2483.0,cluster_12013799527_12013799528_2190601967,0,2,15
2483.0,cluster_12013799529_12013799530_473195061,0,0,15
2484.0,2496228891,0,2,15
2484.0,cluster_12013799525_12013799526_2496228894,0,0,15
2484.0,cluster_12013799527_12013799528_2190601967,0,2,15
2484.0,cluster_12013799529_12013799530_473195061,0,0,15
2485.0,2496228891,0,2,15
2485.0,cluster_12013799525_12013799526_2496228894,0,0,15
2485.0,cluster_12013799527_12013799528_2190601967,0,2,15
2486.0,2496228891,0,2,15
2486.0,cluster_12013799525_12013799526_2496228894,0,0,15
2487.0,2496228891,0,2,15
2488.0,2496228891,0,2,15
2488.0,cluster_12013799529_12013799530_473195061,0,2,15
2489.0,2496228891,0,2,15
2489.0,cluster_12013799527_12013799528_2190601967,0,0,15
2489.0,cluster_12013799529_12013799530_473195061,0,2,15
2490.0,2496228891,0,2,15
2490.0,cluster_12013799525_12013799526_2496228894,0,2,15
2490.0,cluster_12013799527_12013799528_2190601967,0,0,15
2490.0,cluster_12013799529_12013799530_473195061,0,2,15
2491.0,2496228891,0,2,15
2491.0,cluster_12013799525_12013799526_2496228894,0,2,15
2491.0,cluster_12013799527_12013799528_2190601967,0,0,15
2491.0,cluster_12013799529_12013799530_473195061,0,2,15
2492.0,2496228891,0,2,15
2492.0,cluster_12013799525_12013799526_2496228894,0,2,15
2492.0,cluster_12013799527_12013799528_2190601967,0,0,15
2492.0,cluster_12013799529_12013799530_473195061,0,2,15
2493.0,2496228891,0,2,15
2493.0,cluster_12013799525_12013799526_2496228894,0,2,15
2493.0,cluster_12013799527_12013799528_2190601967,0,0,15
2493.0,cluster_12013799529_12013799530_473195061,0,2,15
2494.0,2496228891,1,2,15
2494.0,cluster_12013799525_12013799526_2496228894,1,2,15
2494.0,cluster_12013799527_12013799528_2190601967,1,0,15
2494.0,cluster_12013799529_12013799530_473195061,1,2,15
2495.0,2496228891,1,2,15
2495.0,cluster_12013799525_12013799526_2496228894,1,2,15
2495.0,cluster_12013799527_12013799528_2190601967,1,0,15
2495.0,cluster_12013799529_12013799530_473195061,1,2,15
2496.0,2496228891,1,2,15
2496.0,cluster_12013799525_12013799526_2496228894,1,2,15
2496.0,cluster_12013799527_12013799528_2190601967,1,0,15
2496.0,cluster_12013799529_12013799530_473195061,1,2,15
2497.0,2496228891,1,2,15
2497.0,cluster_12013799525_12013799526_2496228894,1,2,15
2497.0,cluster_12013799527_12013799528_2190601967,1,0,15
2497.0,cluster_12013799529_12013799530_473195061,1,2,15
2498.0,2496228891,2,2,15
2498.0,cluster_12013799525_12013799526_2496228894,2,2,15
2498.0,cluster_12013799527_12013799528_2190601967,2,0,15
2498.0,cluster_12013799529_12013799530_473195061,2,2,15
2499.0,cluster_12013799525_12013799526_2496228894,2,2,15
2499.0,cluster_12013799527_12013799528_2190601967,2,0,15
2499.0,cluster_12013799529_12013799530_473195061,2,2,15
2500.0,cluster_12013799525_12013799526_2496228894,2,2,15
2500.0,cluster_12013799527_12013799528_2190601967,2,0,15
2500.0,cluster_12013799529_12013799530_473195061,2,2,15
2501.0,cluster_12013799525_12013799526_2496228894,2,2,15
2501.0,cluster_12013799527_12013799528_2190601967,2,0,15
2501.0,cluster_12013799529_12013799530_473195061,2,2,15
2502.0,2496228891,3,0,15
2502.0,cluster_12013799525_12013799526_2496228894,2,2,15
2502.0,cluster_12013799527_12013799528_2190601967,3,0,15
2502.0,cluster_12013799529_12013799530_473195061,3,2,15
2503.0,2496228891,3,0,15
2503.0,cluster_12013799525_12013799526_2496228894,3,2,15
2503.0,cluster_12013799527_12013799528_2190601967,3,0,15
2503.0,cluster_12013799529_12013799530_473195061,3,2,15
2504.0,2496228891,3,0,15
2504.0,cluster_12013799525_12013799526_2496228894,3,2,15
2504.0,cluster_12013799527_12013799528_2190601967,3,0,15
2505.0,2496228891,3,0,15
2505.0,cluster_12013799525_12013799526_2496228894,3,2,15
2506.0,2496228891,4,0,23
2507.0,2496228891,4,0,21
2507.0,cluster_12013799529_12013799530_473195061,4,0,21
2508.0,2496228891,4,0,21
2508.0,cluster_12013799527_12013799528_2190601967,4,2,21
2508.0,cluster_12013799529_12013799530_473195061,4,0,21
2509.0,2496228891,4,0,21
2509.0,cluster_12013799525_12013799526_2496228894,4,0,21
2509.0,cluster_12013799527_12013799528_2190601967,4,2,21
2509.0,cluster_12013799529_12013799530_473195061,4,0,21
2510.0,2496228891,5,0,23
2510.0,cluster_12013799525_12013799526_2496228894,3,0,15
2510.0,cluster_12013799527_12013799528_2190601967,3,2,15
2510.0,cluster_12013799529_12013799530_473195061,5,0,21
2511.0,2496228891,4,0,21
2511.0,cluster_12013799525_12013799526_2496228894,3,0,15
2511.0,cluster_12013799527_12013799528_2190601967,3,2,15
2511.0,cluster_12013799529_12013799530_473195061,4,0,21
2512.0,2496228891,4,0,21
2512.0,cluster_12013799525_12013799526_2496228894,3,0,15
2512.0,cluster_12013799527_12013799528_2190601967,3,2,15
2512.0,cluster_12013799529_12013799530_473195061,4,0,21
2513.0,2496228891,6,0,23
2513.0,cluster_12013799525_12013799526_2496228894,2,0,15
2513.0,cluster_12013799527_12013799528_2190601967,2,2,15
2513.0,cluster_12013799529_12013799530_473195061,4,0,21
2514.0,2496228891,6,0,21
2514.0,cluster_12013799525_12013799526_2496228894,2,0,15
2514.0,cluster_12013799527_12013799528_2190601967,2,2,15
2514.0,cluster_12013799529_12013799530_473195061,4,0,21
2515.0,2496228891,6,0,21
2515.0,cluster_12013799525_12013799526_2496228894,2,0,15
2515.0,cluster_12013799527_12013799528_2190601967,3,2,15
2515.0,cluster_12013799529_12013799530_473195061,4,0,21
2516.0,2496228891,6,0,21
2516.0,cluster_12013799525_12013799526_2496228894,1,0,15
2516.0,cluster_12013799527_12013799528_2190601967,2,2,15
2516.0,cluster_12013799529_12013799530_473195061,4,0,21
2517.0,2496228891,4,0,21
2517.0,cluster_12013799525_12013799526_2496228894,1,0,15
2517.0,cluster_12013799527_12013799528_2190601967,3,2,15
2517.0,cluster_12013799529_12013799530_473195061,4,0,21
2518.0,cluster_12013799525_12013799526_2496228894,0,0,15
2518.0,cluster_12013799527_12013799528_2190601967,2,2,15
2518.0,cluster_12013799529_12013799530_473195061,3,0,15
2519.0,cluster_12013799525_12013799526_2496228894,0,0,15
2519.0,cluster_12013799527_12013799528_2190601967,3,2,15
2519.0,cluster_12013799529_12013799530_473195061,3,0,15
2520.0,cluster_12013799525_12013799526_2496228894,0,0,15
2520.0,cluster_12013799527_12013799528_2190601967,3,2,15
2520.0,cluster_12013799529_12013799530_473195061,3,0,15
2521.0,2496228891,2,2,15
2521.0,cluster_12013799525_12013799526_2496228894,0,0,15
2521.0,cluster_12013799527_12013799528_2190601967,3,2,15
2521.0,cluster_12013799529_12013799530_473195061,2,0,15
2522.0,2496228891,2,2,15
2522.0,cluster_12013799525_12013799526_2496228894,0,0,15
2522.0,cluster_12013799527_12013799528_2190601967,4,2,23
2522.0,cluster_12013799529_12013799530_473195061,2,0,15
2523.0,2496228891,2,2,15
2523.0,cluster_12013799525_12013799526_2496228894,0,0,15
2523.0,cluster_12013799527_12013799528_2190601967,4,2,21
2523.0,cluster_12013799529_12013799530_473195061,2,0,15
2524.0,2496228891,2,2,15
2524.0,cluster_12013799525_12013799526_2496228894,0,0,15
2524.0,cluster_12013799527_12013799528_2190601967,3,2,15
2524.0,cluster_12013799529_12013799530_473195061,1,0,15
2525.0,2496228891,1,2,15
2525.0,cluster_12013799525_12013799526_2496228894,0,0,15
2525.0,cluster_12013799527_12013799528_2190601967,4,2,23
2525.0,cluster_12013799529_12013799530_473195061,1,0,15
2526.0,2496228891,1,2,15
2526.0,cluster_12013799525_12013799526_2496228894,0,0,15
2526.0,cluster_12013799527_12013799528_2190601967,4,2,21
2526.0,cluster_12013799529_12013799530_473195061,1,0,15
2527.0,2496228891,1,2,15
2527.0,cluster_12013799525_12013799526_2496228894,0,0,15
2527.0,cluster_12013799527_12013799528_2190601967,3,2,15
2527.0,cluster_12013799529_12013799530_473195061,0,0,15
2528.0,2496228891,0,2,15
2528.0,cluster_12013799525_12013799526_2496228894,0,0,15
2528.0,cluster_12013799527_12013799528_2190601967,3,2,15
2528.0,cluster_12013799529_12013799530_473195061,0,0,15
2529.0,2496228891,0,2,15
2529.0,cluster_12013799525_12013799526_2496228894,0,0,15
2529.0,cluster_12013799527_12013799528_2190601967,2,2,15
2530.0,2496228891,0,2,15
2530.0,cluster_12013799525_12013799526_2496228894,0,0,15
2531.0,2496228891,0,2,15
2532.0,2496228891,0,2,15
2532.0,cluster_12013799529_12013799530_473195061,9,2,22
2533.0,2496228891,0,2,15
2533.0,cluster_12013799527_12013799528_2190601967,6,0,21
2533.0,cluster_12013799529_12013799530_473195061,8,2,21
2534.0,2496228891,0,2,15
2534.0,cluster_12013799525_12013799526_2496228894,3,2,15
2534.0,cluster_12013799527_12013799528_2190601967,6,0,21
2534.0,cluster_12013799529_12013799530_473195061,8,2,21
2535.0,2496228891,0,2,15
2535.0,cluster_12013799525_12013799526_2496228894,3,2,15
2535.0,cluster_12013799527_12013799528_2190601967,6,0,21
2535.0,cluster_12013799529_12013799530_473195061,8,2,21
2536.0,2496228891,0,2,15
2536.0,cluster_12013799525_12013799526_2496228894,3,2,15
2536.0,cluster_12013799527_12013799528_2190601967,6,0,21
2536.0,cluster_12013799529_12013799530_473195061,8,2,21
2537.0,cluster_12013799525_12013799526_2496228894,1,2,15
2537.0,cluster_12013799527_12013799528_2190601967,5,0,21
2537.0,cluster_12013799529_12013799530_473195061,7,2,21
2538.0,cluster_12013799525_12013799526_2496228894,1,2,15
2538.0,cluster_12013799527_12013799528_2190601967,5,0,21
2538.0,cluster_12013799529_12013799530_473195061,6,2,21
2539.0,cluster_12013799525_12013799526_2496228894,1,2,15
2539.0,cluster_12013799527_12013799528_2190601967,5,0,21
2539.0,cluster_12013799529_12013799530_473195061,6,2,21
2540.0,2496228891,3,0,15
2540.0,cluster_12013799525_12013799526_2496228894,1,2,15
2540.0,cluster_12013799527_12013799528_2190601967,4,0,21
2540.0,cluster_12013799529_12013799530_473195061,5,2,23
2541.0,2496228891,2,0,15
2541.0,cluster_12013799525_12013799526_2496228894,0,2,15
2541.0,cluster_12013799527_12013799528_2190601967,4,0,21
2541.0,cluster_12013799529_12013799530_473195061,5,2,21
2542.0,2496228891,4,0,23
2542.0,cluster_12013799525_12013799526_2496228894,0,2,15
2542.0,cluster_12013799527_12013799528_2190601967,4,0,21
2542.0,cluster_12013799529_12013799530_473195061,5,2,21
2543.0,2496228891,4,0,21
2543.0,cluster_12013799525_12013799526_2496228894,1,2,15
2543.0,cluster_12013799527_12013799528_2190601967,3,0,15
2543.0,cluster_12013799529_12013799530_473195061,5,2,23
2544.0,2496228891,3,0,15
2544.0,cluster_12013799525_12013799526_2496228894,1,2,15
2544.0,cluster_12013799527_12013799528_2190601967,3,0,15
2544.0,cluster_12013799529_12013799530_473195061,5,2,21
2545.0,2496228891,3,0,15
2545.0,cluster_12013799525_12013799526_2496228894,1,2,15
2545.0,cluster_12013799527_12013799528_2190601967,2,0,15
2545.0,cluster_12013799529_12013799530_473195061,5,2,23
2546.0,2496228891,1,0,15
2546.0,cluster_12013799525_12013799526_2496228894,2,2,15
2546.0,cluster_12013799527_12013799528_2190601967,2,0,15
2546.0,cluster_12013799529_12013799530_473195061,5,2,21
2547.0,2496228891,1,0,15
2547.0,cluster_12013799525_12013799526_2496228894,2,2,15
2547.0,cluster_12013799527_12013799528_2190601967,1,0,15
2547.0,cluster_12013799529_12013799530_473195061,5,2,23
2548.0,2496228891,1,0,15
2548.0,cluster_12013799525_12013799526_2496228894,3,2,15
2548.0,cluster_12013799527_12013799528_2190601967,1,0,15
2548.0,cluster_12013799529_12013799530_473195061,5,2,21
2549.0,2496228891,1,0,15
2549.0,cluster_12013799525_12013799526_2496228894,3,2,15
2549.0,cluster_12013799527_12013799528_2190601967,0,0,15
2549.0,cluster_12013799529_12013799530_473195061,5,2,23
2550.0,2496228891,1,0,15
2550.0,cluster_12013799527_12013799528_2190601967,0,0,15
2550.0,cluster_12013799529_12013799530_473195061,4,2,21
2551.0,2496228891,1,0,15
2551.0,cluster_12013799527_12013799528_2190601967,0,0,15
2551.0,cluster_12013799529_12013799530_473195061,5,2,23
2552.0,2496228891,0,0,15
2552.0,cluster_12013799527_12013799528_2190601967,0,0,15
2552.0,cluster_12013799529_12013799530_473195061,5,2,21
2553.0,2496228891,0,0,15
2553.0,cluster_12013799525_12013799526_2496228894,0,0,15
2553.0,cluster_12013799527_12013799528_2190601967,0,0,15
2553.0,cluster_12013799529_12013799530_473195061,5,2,21
2554.0,2496228891,0,0,15
2554.0,cluster_12013799525_12013799526_2496228894,0,0,15
2554.0,cluster_12013799527_12013799528_2190601967,0,0,15
2554.0,cluster_12013799529_12013799530_473195061,4,2,21
2555.0,2496228891,0,0,15
2555.0,cluster_12013799525_12013799526_2496228894,0,0,15
2556.0,cluster_12013799525_12013799526_2496228894,0,0,15
2557.0,cluster_12013799525_12013799526_2496228894,0,0,15
2558.0,cluster_12013799525_12013799526_2496228894,0,0,15
2558.0,cluster_12013799527_12013799528_2190601967,1,2,15
2558.0,cluster_12013799529_12013799530_473195061,0,0,15
2559.0,2496228891,0,2,15
2559.0,cluster_12013799525_12013799526_2496228894,0,0,15
2559.0,cluster_12013799527_12013799528_2190601967,1,2,15
2559.0,cluster_12013799529_12013799530_473195061,0,0,15
2560.0,2496228891,0,2,15
2560.0,cluster_12013799525_12013799526_2496228894,0,0,15
2560.0,cluster_12013799527_12013799528_2190601967,1,2,15
2560.0,cluster_12013799529_12013799530_473195061,0,0,15
2561.0,2496228891,0,2,15
2561.0,cluster_12013799525_12013799526_2496228894,0,0,15
2561.0,cluster_12013799527_12013799528_2190601967,1,2,15
2561.0,cluster_12013799529_12013799530_473195061,0,0,15
2562.0,2496228891,0,2,15
2562.0,cluster_12013799525_12013799526_2496228894,0,0,15
2562.0,cluster_12013799527_12013799528_2190601967,0,2,15
2562.0,cluster_12013799529_12013799530_473195061,0,0,15
2563.0,2496228891,0,2,15
2563.0,cluster_12013799525_12013799526_2496228894,0,0,15
2563.0,cluster_12013799527_12013799528_2190601967,0,2,15
2563.0,cluster_12013799529_12013799530_473195061,0,0,15
2564.0,2496228891,0,2,15
2564.0,cluster_12013799525_12013799526_2496228894,0,0,15
2564.0,cluster_12013799527_12013799528_2190601967,0,2,15
2564.0,cluster_12013799529_12013799530_473195061,0,0,15
2565.0,2496228891,0,2,15
2565.0,cluster_12013799525_12013799526_2496228894,0,0,15
2565.0,cluster_12013799527_12013799528_2190601967,0,2,15
2565.0,cluster_12013799529_12013799530_473195061,0,0,15
2566.0,2496228891,0,2,15
2566.0,cluster_12013799525_12013799526_2496228894,0,0,15
2566.0,cluster_12013799527_12013799528_2190601967,0,2,15
2566.0,cluster_12013799529_12013799530_473195061,0,0,15
2567.0,2496228891,0,2,15
2567.0,cluster_12013799525_12013799526_2496228894,0,0,15
2567.0,cluster_12013799527_12013799528_2190601967,0,2,15
2567.0,cluster_12013799529_12013799530_473195061,0,0,15
2568.0,2496228891,0,2,15
2568.0,cluster_12013799525_12013799526_2496228894,0,0,15
2568.0,cluster_12013799527_12013799528_2190601967,0,2,15
2568.0,cluster_12013799529_12013799530_473195061,0,0,15
2569.0,2496228891,0,2,15
2569.0,cluster_12013799527_12013799528_2190601967,0,2,15
2569.0,cluster_12013799529_12013799530_473195061,0,0,15
2570.0,2496228891,0,2,15
2570.0,cluster_12013799527_12013799528_2190601967,0,2,15
2570.0,cluster_12013799529_12013799530_473195061,0,0,15
2571.0,2496228891,0,2,15
2571.0,cluster_12013799527_12013799528_2190601967,0,2,15
2571.0,cluster_12013799529_12013799530_473195061,0,0,15
2572.0,2496228891,0,2,15
2572.0,cluster_12013799525_12013799526_2496228894,1,2,15
2572.0,cluster_12013799527_12013799528_2190601967,0,2,15
2572.0,cluster_12013799529_12013799530_473195061,0,0,15
2573.0,2496228891,0,2,15
2573.0,cluster_12013799525_12013799526_2496228894,0,2,15
2573.0,cluster_12013799527_12013799528_2190601967,0,2,15
2573.0,cluster_12013799529_12013799530_473195061,0,0,15
2574.0,2496228891,0,2,15
2574.0,cluster_12013799525_12013799526_2496228894,0,2,15
2575.0,cluster_12013799525_12013799526_2496228894,0,2,15
2576.0,cluster_12013799525_12013799526_2496228894,0,2,15
2577.0,cluster_12013799525_12013799526_2496228894,0,2,15
2577.0,cluster_12013799527_12013799528_2190601967,0,0,15
2577.0,cluster_12013799529_12013799530_473195061,5,2,21
2578.0,2496228891,0,0,15
2578.0,cluster_12013799525_12013799526_2496228894,0,2,15
2578.0,cluster_12013799527_12013799528_2190601967,0,0,15
2578.0,cluster_12013799529_12013799530_473195061,4,2,21
2579.0,2496228891,0,0,15
2579.0,cluster_12013799525_12013799526_2496228894,0,2,15
2579.0,cluster_12013799527_12013799528_2190601967,0,0,15
2579.0,cluster_12013799529_12013799530_473195061,4,2,21
2580.0,2496228891,0,0,15
2580.0,cluster_12013799525_12013799526_2496228894,0,2,15
2580.0,cluster_12013799527_12013799528_2190601967,0,0,15
2580.0,cluster_12013799529_12013799530_473195061,3,2,15
2581.0,2496228891,0,0,15
2581.0,cluster_12013799525_12013799526_2496228894,0,2,15
2581.0,cluster_12013799527_12013799528_2190601967,0,0,15
2581.0,cluster_12013799529_12013799530_473195061,3,2,15
2582.0,2496228891,0,0,15
2582.0,cluster_12013799525_12013799526_2496228894,0,2,15
2582.0,cluster_12013799527_12013799528_2190601967,0,0,15
2582.0,cluster_12013799529_12013799530_473195061,2,2,15
2583.0,2496228891,0,0,15
2583.0,cluster_12013799525_12013799526_2496228894,0,2,15
2583.0,cluster_12013799527_12013799528_2190601967,0,0,15
2583.0,cluster_12013799529_12013799530_473195061,2,2,15
2584.0,2496228891,0,0,15
2584.0,cluster_12013799525_12013799526_2496228894,0,2,15
2584.0,cluster_12013799527_12013799528_2190601967,0,0,15
2584.0,cluster_12013799529_12013799530_473195061,2,2,15
2585.0,2496228891,0,0,15
2585.0,cluster_12013799525_12013799526_2496228894,0,2,15
2585.0,cluster_12013799527_12013799528_2190601967,0,0,15
2585.0,cluster_12013799529_12013799530_473195061,1,2,15
2586.0,2496228891,0,0,15
2586.0,cluster_12013799525_12013799526_2496228894,0,2,15
2586.0,cluster_12013799527_12013799528_2190601967,0,0,15
2586.0,cluster_12013799529_12013799530_473195061,1,2,15
2587.0,2496228891,0,0,15
2587.0,cluster_12013799525_12013799526_2496228894,0,2,15
2587.0,cluster_12013799527_12013799528_2190601967,0,0,15
2587.0,cluster_12013799529_12013799530_473195061,0,2,15
2588.0,2496228891,0,0,15
2588.0,cluster_12013799527_12013799528_2190601967,0,0,15
2588.0,cluster_12013799529_12013799530_473195061,0,2,15
2589.0,2496228891,1,0,15
2589.0,cluster_12013799527_12013799528_2190601967,0,0,15
2589.0,cluster_12013799529_12013799530_473195061,0,2,15
2590.0,2496228891,1,0,15
2590.0,cluster_12013799527_12013799528_2190601967,0,0,15
2590.0,cluster_12013799529_12013799530_473195061,0,2,15
2591.0,2496228891,2,0,15
2591.0,cluster_12013799525_12013799526_2496228894,0,0,15
2591.0,cluster_12013799527_12013799528_2190601967,0,0,15
2591.0,cluster_12013799529_12013799530_473195061,0,2,15
2592.0,2496228891,2,0,15
2592.0,cluster_12013799525_12013799526_2496228894,0,0,15
2592.0,cluster_12013799527_12013799528_2190601967,0,0,15
2592.0,cluster_12013799529_12013799530_473195061,0,2,15
2593.0,2496228891,2,0,15
2593.0,cluster_12013799525_12013799526_2496228894,0,0,15
2593.0,cluster_12013799529_12013799530_473195061,0,2,15
2594.0,cluster_12013799525_12013799526_2496228894,0,0,15
2594.0,cluster_12013799529_12013799530_473195061,0,2,15
2595.0,cluster_12013799525_12013799526_2496228894,0,0,15
2595.0,cluster_12013799529_12013799530_473195061,0,2,15
2596.0,cluster_12013799525_12013799526_2496228894,0,0,15
2596.0,cluster_12013799527_12013799528_2190601967,1,2,15
2596.0,cluster_12013799529_12013799530_473195061,0,2,15
2597.0,2496228891,0,2,15
2597.0,cluster_12013799525_12013799526_2496228894,0,0,15
2597.0,cluster_12013799527_12013799528_2190601967,0,2,15
2597.0,cluster_12013799529_12013799530_473195061,0,2,15
2598.0,2496228891,0,2,15
2598.0,cluster_12013799525_12013799526_2496228894,0,0,15
2598.0,cluster_12013799527_12013799528_2190601967,0,2,15
2598.0,cluster_12013799529_12013799530_473195061,0,2,15
2599.0,2496228891,0,2,15
2599.0,cluster_12013799525_12013799526_2496228894,0,0,15
2599.0,cluster_12013799527_12013799528_2190601967,0,2,15
2600.0,2496228891,0,2,15
2600.0,cluster_12013799525_12013799526_2496228894,0,0,15
2600.0,cluster_12013799527_12013799528_2190601967,0,2,15
2601.0,2496228891,0,2,15
2601.0,cluster_12013799525_12013799526_2496228894,0,0,15
2601.0,cluster_12013799527_12013799528_2190601967,0,2,15
2602.0,2496228891,0,2,15
2602.0,cluster_12013799525_12013799526_2496228894,0,0,15
2602.0,cluster_12013799527_12013799528_2190601967,0,2,15
2602.0,cluster_12013799529_12013799530_473195061,0,0,15
2603.0,2496228891,0,2,15
2603.0,cluster_12013799525_12013799526_2496228894,0,0,15
2603.0,cluster_12013799527_12013799528_2190601967,0,2,15
2603.0,cluster_12013799529_12013799530_473195061,0,0,15
2604.0,2496228891,0,2,15
2604.0,cluster_12013799525_12013799526_2496228894,0,0,15
2604.0,cluster_12013799527_12013799528_2190601967,0,2,15
2604.0,cluster_12013799529_12013799530_473195061,0,0,15
2605.0,2496228891,0,2,15
2605.0,cluster_12013799525_12013799526_2496228894,0,0,15
2605.0,cluster_12013799527_12013799528_2190601967,0,2,15
2605.0,cluster_12013799529_12013799530_473195061,0,0,15
2606.0,2496228891,0,2,15
2606.0,cluster_12013799525_12013799526_2496228894,0,0,15
2606.0,cluster_12013799527_12013799528_2190601967,0,2,15
2606.0,cluster_12013799529_12013799530_473195061,0,0,15
2607.0,2496228891,0,2,15
2607.0,cluster_12013799527_12013799528_2190601967,0,2,15
2607.0,cluster_12013799529_12013799530_473195061,0,0,15
2608.0,2496228891,0,2,15
2608.0,cluster_12013799527_12013799528_2190601967,0,2,15
2608.0,cluster_12013799529_12013799530_473195061,0,0,15
2609.0,2496228891,0,2,15
2609.0,cluster_12013799527_12013799528_2190601967,0,2,15
2609.0,cluster_12013799529_12013799530_473195061,0,0,15
2610.0,2496228891,0,2,15
2610.0,cluster_12013799525_12013799526_2496228894,0,2,15
2610.0,cluster_12013799527_12013799528_2190601967,0,2,15
2610.0,cluster_12013799529_12013799530_473195061,0,0,15
2611.0,2496228891,0,2,15
2611.0,cluster_12013799525_12013799526_2496228894,0,2,15
2611.0,cluster_12013799527_12013799528_2190601967,0,2,15
2611.0,cluster_12013799529_12013799530_473195061,0,0,15
2612.0,2496228891,0,2,15
2612.0,cluster_12013799525_12013799526_2496228894,0,2,15
2612.0,cluster_12013799529_12013799530_473195061,0,0,15
2613.0,cluster_12013799525_12013799526_2496228894,0,2,15
2613.0,cluster_12013799529_12013799530_473195061,0,0,15
2614.0,cluster_12013799525_12013799526_2496228894,0,2,15
2614.0,cluster_12013799529_12013799530_473195061,0,0,15
2615.0,cluster_12013799525_12013799526_2496228894,0,2,15
2615.0,cluster_12013799527_12013799528_2190601967,0,0,15
2615.0,cluster_12013799529_12013799530_473195061,0,0,15
2616.0,2496228891,3,0,15
2616.0,cluster_12013799525_12013799526_2496228894,0,2,15
2616.0,cluster_12013799527_12013799528_2190601967,0,0,15
2616.0,cluster_12013799529_12013799530_473195061,0,0,15
2617.0,2496228891,2,0,15
2617.0,cluster_12013799525_12013799526_2496228894,0,2,15
2617.0,cluster_12013799527_12013799528_2190601967,0,0,15
2617.0,cluster_12013799529_12013799530_473195061,0,0,15
2618.0,2496228891,2,0,15
2618.0,cluster_12013799525_12013799526_2496228894,0,2,15
2618.0,cluster_12013799527_12013799528_2190601967,0,0,15
2619.0,2496228891,2,0,15
2619.0,cluster_12013799525_12013799526_2496228894,0,2,15
2619.0,cluster_12013799527_12013799528_2190601967,0,0,15
2620.0,2496228891,2,0,15
2620.0,cluster_12013799525_12013799526_2496228894,1,2,15
2620.0,cluster_12013799527_12013799528_2190601967,0,0,15
2621.0,2496228891,1,0,15
2621.0,cluster_12013799525_12013799526_2496228894,1,2,15
2621.0,cluster_12013799527_12013799528_2190601967,0,0,15
2621.0,cluster_12013799529_12013799530_473195061,0,2,15
2622.0,2496228891,1,0,15
2622.0,cluster_12013799525_12013799526_2496228894,1,2,15
2622.0,cluster_12013799527_12013799528_2190601967,0,0,15
2622.0,cluster_12013799529_12013799530_473195061,0,2,15
2623.0,2496228891,1,0,15
2623.0,cluster_12013799525_12013799526_2496228894,2,2,15
2623.0,cluster_12013799527_12013799528_2190601967,0,0,15
2623.0,cluster_12013799529_12013799530_473195061,0,2,15
2624.0,2496228891,0,0,15
2624.0,cluster_12013799525_12013799526_2496228894,2,2,15
2624.0,cluster_12013799527_12013799528_2190601967,0,0,15
2624.0,cluster_12013799529_12013799530_473195061,0,2,15
2625.0,2496228891,0,0,15
2625.0,cluster_12013799525_12013799526_2496228894,3,2,15
2625.0,cluster_12013799527_12013799528_2190601967,0,0,15
2625.0,cluster_12013799529_12013799530_473195061,0,2,15
2626.0,2496228891,0,0,15
2626.0,cluster_12013799527_12013799528_2190601967,0,0,15
2626.0,cluster_12013799529_12013799530_473195061,0,2,15
2627.0,2496228891,0,0,15
2627.0,cluster_12013799527_12013799528_2190601967,0,0,15
2627.0,cluster_12013799529_12013799530_473195061,0,2,15
2628.0,2496228891,0,0,15
2628.0,cluster_12013799527_12013799528_2190601967,0,0,15
2628.0,cluster_12013799529_12013799530_473195061,0,2,15
2629.0,2496228891,0,0,15
2629.0,cluster_12013799525_12013799526_2496228894,0,0,15
2629.0,cluster_12013799527_12013799528_2190601967,0,0,15
2629.0,cluster_12013799529_12013799530_473195061,0,2,15
2630.0,2496228891,0,0,15
2630.0,cluster_12013799525_12013799526_2496228894,0,0,15
2630.0,cluster_12013799527_12013799528_2190601967,0,0,15
2630.0,cluster_12013799529_12013799530_473195061,0,2,15
2631.0,2496228891,0,0,15
2631.0,cluster_12013799525_12013799526_2496228894,0,0,15
2631.0,cluster_12013799529_12013799530_473195061,0,2,15
2632.0,cluster_12013799525_12013799526_2496228894,1,0,15
2632.0,cluster_12013799529_12013799530_473195061,1,2,15
2633.0,cluster_12013799525_12013799526_2496228894,1,0,15
2633.0,cluster_12013799529_12013799530_473195061,1,2,15
2634.0,cluster_12013799525_12013799526_2496228894,1,0,15
2634.0,cluster_12013799527_12013799528_2190601967,1,2,15
2634.0,cluster_12013799529_12013799530_473195061,1,2,15
2635.0,2496228891,1,2,15
2635.0,cluster_12013799525_12013799526_2496228894,1,0,15
2635.0,cluster_12013799527_12013799528_2190601967,1,2,15
2635.0,cluster_12013799529_12013799530_473195061,1,2,15
2636.0,2496228891,2,2,15
2636.0,cluster_12013799525_12013799526_2496228894,2,0,15
2636.0,cluster_12013799527_12013799528_2190601967,2,2,15
2636.0,cluster_12013799529_12013799530_473195061,2,2,15
2637.0,2496228891,2,2,15
2637.0,cluster_12013799525_12013799526_2496228894,2,0,15
2637.0,cluster_12013799527_12013799528_2190601967,2,2,15
2638.0,2496228891,2,2,15
2638.0,cluster_12013799525_12013799526_2496228894,2,0,15
2638.0,cluster_12013799527_12013799528_2190601967,2,2,15
2639.0,2496228891,2,2,15
2639.0,cluster_12013799525_12013799526_2496228894,2,0,15
2639.0,cluster_12013799527_12013799528_2190601967,2,2,15
2640.0,2496228891,2,2,15
2640.0,cluster_12013799525_12013799526_2496228894,3,0,15
2640.0,cluster_12013799527_12013799528_2190601967,3,2,15
2640.0,cluster_12013799529_12013799530_473195061,3,0,15
2641.0,2496228891,3,2,15
2641.0,cluster_12013799525_12013799526_2496228894,3,0,15
2641.0,cluster_12013799527_12013799528_2190601967,3,2,15
2641.0,cluster_12013799529_12013799530_473195061,3,0,15
2642.0,2496228891,3,2,15
2642.0,cluster_12013799525_12013799526_2496228894,2,0,15
2642.0,cluster_12013799527_12013799528_2190601967,2,2,15
2642.0,cluster_12013799529_12013799530_473195061,3,0,15
2643.0,2496228891,3,2,15
2643.0,cluster_12013799525_12013799526_2496228894,2,0,15
2643.0,cluster_12013799527_12013799528_2190601967,2,2,15
2643.0,cluster_12013799529_12013799530_473195061,3,0,15
2644.0,2496228891,3,2,15
2644.0,cluster_12013799525_12013799526_2496228894,3,0,15
2644.0,cluster_12013799527_12013799528_2190601967,4,2,23
2644.0,cluster_12013799529_12013799530_473195061,4,0,23
2645.0,2496228891,3,2,15
2645.0,cluster_12013799527_12013799528_2190601967,4,2,21
2645.0,cluster_12013799529_12013799530_473195061,4,0,21
2646.0,2496228891,3,2,15
2646.0,cluster_12013799527_12013799528_2190601967,4,2,21
2646.0,cluster_12013799529_12013799530_473195061,4,0,21
2647.0,2496228891,3,2,15
2647.0,cluster_12013799527_12013799528_2190601967,4,2,21
2647.0,cluster_12013799529_12013799530_473195061,4,0,21
2648.0,2496228891,2,2,15
2648.0,cluster_12013799525_12013799526_2496228894,2,2,15
2648.0,cluster_12013799527_12013799528_2190601967,4,2,21
2648.0,cluster_12013799529_12013799530_473195061,4,0,21
2649.0,2496228891,2,2,15
2649.0,cluster_12013799525_12013799526_2496228894,2,2,15
2649.0,cluster_12013799527_12013799528_2190601967,4,2,21
2649.0,cluster_12013799529_12013799530_473195061,4,0,21
2650.0,2496228891,2,2,15
2650.0,cluster_12013799525_12013799526_2496228894,2,2,15
2650.0,cluster_12013799529_12013799530_473195061,4,0,21
2651.0,cluster_12013799525_12013799526_2496228894,3,2,15
2651.0,cluster_12013799529_12013799530_473195061,4,0,21
2652.0,cluster_12013799525_12013799526_2496228894,3,2,15
2652.0,cluster_12013799529_12013799530_473195061,4,0,21
2653.0,cluster_12013799525_12013799526_2496228894,3,2,15
2653.0,cluster_12013799527_12013799528_2190601967,5,0,21
2653.0,cluster_12013799529_12013799530_473195061,3,0,15
2654.0,2496228891,4,0,21
2654.0,cluster_12013799525_12013799526_2496228894,3,2,15
2654.0,cluster_12013799527_12013799528_2190601967,5,0,21
2654.0,cluster_12013799529_12013799530_473195061,3,0,15
2655.0,2496228891,6,0,23
2655.0,cluster_12013799525_12013799526_2496228894,3,2,15
2655.0,cluster_12013799527_12013799528_2190601967,5,0,21
2655.0,cluster_12013799529_12013799530_473195061,3,0,15
2656.0,2496228891,6,0,21
2656.0,cluster_12013799525_12013799526_2496228894,3,2,15
2656.0,cluster_12013799527_12013799528_2190601967,6,0,23
2657.0,2496228891,6,0,21
2657.0,cluster_12013799525_12013799526_2496228894,3,2,15
2657.0,cluster_12013799527_12013799528_2190601967,5,0,21
2658.0,2496228891,5,0,21
2658.0,cluster_12013799525_12013799526_2496228894,3,2,15
2658.0,cluster_12013799527_12013799528_2190601967,5,0,21
2659.0,2496228891,3,0,15
2659.0,cluster_12013799525_12013799526_2496228894,3,2,15
2659.0,cluster_12013799527_12013799528_2190601967,5,0,21
2659.0,cluster_12013799529_12013799530_473195061,5,2,21
2660.0,2496228891,4,0,23
2660.0,cluster_12013799525_12013799526_2496228894,3,2,15
2660.0,cluster_12013799527_12013799528_2190601967,4,0,21
2660.0,cluster_12013799529_12013799530_473195061,4,2,21
2661.0,2496228891,4,0,21
2661.0,cluster_12013799525_12013799526_2496228894,2,2,15
2661.0,cluster_12013799527_12013799528_2190601967,4,0,21
2661.0,cluster_12013799529_12013799530_473195061,5,2,23
2662.0,2496228891,4,0,21
2662.0,cluster_12013799525_12013799526_2496228894,2,2,15
2662.0,cluster_12013799527_12013799528_2190601967,3,0,15
2662.0,cluster_12013799529_12013799530_473195061,4,2,21
2663.0,2496228891,4,0,21
2663.0,cluster_12013799525_12013799526_2496228894,2,2,15
2663.0,cluster_12013799527_12013799528_2190601967,3,0,15
2663.0,cluster_12013799529_12013799530_473195061,5,2,23
2664.0,2496228891,4,0,23
2664.0,cluster_12013799527_12013799528_2190601967,3,0,15
2664.0,cluster_12013799529_12013799530_473195061,5,2,21
2665.0,2496228891,3,0,15
2665.0,cluster_12013799527_12013799528_2190601967,2,0,15
2665.0,cluster_12013799529_12013799530_473195061,5,2,23
2666.0,2496228891,3,0,15
2666.0,cluster_12013799527_12013799528_2190601967,2,0,15
2666.0,cluster_12013799529_12013799530_473195061,5,2,21
2667.0,2496228891,3,0,15
2667.0,cluster_12013799525_12013799526_2496228894,2,0,15
2667.0,cluster_12013799527_12013799528_2190601967,2,0,15
2667.0,cluster_12013799529_12013799530_473195061,6,2,23
2668.0,2496228891,3,0,15
2668.0,cluster_12013799525_12013799526_2496228894,2,0,15
2668.0,cluster_12013799527_12013799528_2190601967,2,0,15
2668.0,cluster_12013799529_12013799530_473195061,6,2,21
2669.0,2496228891,3,0,15
2669.0,cluster_12013799525_12013799526_2496228894,2,0,15
2669.0,cluster_12013799527_12013799528_2190601967,1,0,15
2669.0,cluster_12013799529_12013799530_473195061,5,2,21
2670.0,2496228891,3,0,15
2670.0,cluster_12013799525_12013799526_2496228894,2,0,15
2670.0,cluster_12013799527_12013799528_2190601967,1,0,15
2670.0,cluster_12013799529_12013799530_473195061,5,2,21
2671.0,2496228891,3,0,15
2671.0,cluster_12013799525_12013799526_2496228894,1,0,15
2671.0,cluster_12013799527_12013799528_2190601967,1,0,15
2671.0,cluster_12013799529_12013799530_473195061,5,2,21
2672.0,2496228891,3,0,15
2672.0,cluster_12013799525_12013799526_2496228894,1,0,15
2672.0,cluster_12013799527_12013799528_2190601967,1,0,15
2672.0,cluster_12013799529_12013799530_473195061,5,2,21
2673.0,2496228891,3,0,15
2673.0,cluster_12013799525_12013799526_2496228894,1,0,15
2673.0,cluster_12013799527_12013799528_2190601967,1,0,15
2673.0,cluster_12013799529_12013799530_473195061,4,2,21
2674.0,2496228891,3,0,15
2674.0,cluster_12013799525_12013799526_2496228894,0,0,15
2674.0,cluster_12013799527_12013799528_2190601967,0,0,15
2674.0,cluster_12013799529_12013799530_473195061,3,2,15
2675.0,2496228891,5,0,23
2675.0,cluster_12013799525_12013799526_2496228894,0,0,15
2675.0,cluster_12013799529_12013799530_473195061,2,2,15
2676.0,cluster_12013799525_12013799526_2496228894,0,0,15
2676.0,cluster_12013799529_12013799530_473195061,3,2,15
2677.0,cluster_12013799525_12013799526_2496228894,0,0,15
2677.0,cluster_12013799529_12013799530_473195061,2,2,15
2678.0,cluster_12013799525_12013799526_2496228894,0,0,15
2678.0,cluster_12013799527_12013799528_2190601967,4,2,21
2678.0,cluster_12013799529_12013799530_473195061,2,2,15
2679.0,2496228891,2,2,15
2679.0,cluster_12013799525_12013799526_2496228894,0,0,15
2679.0,cluster_12013799527_12013799528_2190601967,3,2,15
2679.0,cluster_12013799529_12013799530_473195061,2,2,15
2680.0,2496228891,1,2,15
2680.0,cluster_12013799525_12013799526_2496228894,0,0,15
2680.0,cluster_12013799527_12013799528_2190601967,2,2,15
2680.0,cluster_12013799529_12013799530_473195061,1,2,15
2681.0,2496228891,1,2,15
2681.0,cluster_12013799525_12013799526_2496228894,0,0,15
2681.0,cluster_12013799527_12013799528_2190601967,3,2,15
2682.0,2496228891,1,2,15
2682.0,cluster_12013799525_12013799526_2496228894,0,0,15
2682.0,cluster_12013799527_12013799528_2190601967,2,2,15
2683.0,2496228891,1,2,15
2683.0,cluster_12013799527_12013799528_2190601967,3,2,15
2684.0,2496228891,0,2,15
2684.0,cluster_12013799527_12013799528_2190601967,2,2,15
2684.0,cluster_12013799529_12013799530_473195061,3,0,15
2685.0,2496228891,0,2,15
2685.0,cluster_12013799527_12013799528_2190601967,2,2,15
2685.0,cluster_12013799529_12013799530_473195061,2,0,15
2686.0,2496228891,0,2,15
2686.0,cluster_12013799525_12013799526_2496228894,2,2,15
2686.0,cluster_12013799527_12013799528_2190601967,1,2,15
2686.0,cluster_12013799529_12013799530_473195061,2,0,15
2687.0,2496228891,0,2,15
2687.0,cluster_12013799525_12013799526_2496228894,2,2,15
2687.0,cluster_12013799527_12013799528_2190601967,1,2,15
2687.0,cluster_12013799529_12013799530_473195061,2,0,15
2688.0,2496228891,0,2,15
2688.0,cluster_12013799525_12013799526_2496228894,2,2,15
2688.0,cluster_12013799527_12013799528_2190601967,0,2,15
2688.0,cluster_12013799529_12013799530_473195061,2,0,15
2689.0,2496228891,0,2,15
2689.0,cluster_12013799525_12013799526_2496228894,2,2,15
2689.0,cluster_12013799527_12013799528_2190601967,0,2,15
2689.0,cluster_12013799529_12013799530_473195061,1,0,15
2690.0,2496228891,0,2,15
2690.0,cluster_12013799525_12013799526_2496228894,2,2,15
2690.0,cluster_12013799527_12013799528_2190601967,0,2,15
2690.0,cluster_12013799529_12013799530_473195061,1,0,15
2691.0,2496228891,0,2,15
2691.0,cluster_12013799525_12013799526_2496228894,2,2,15
2691.0,cluster_12013799527_12013799528_2190601967,0,2,15
2691.0,cluster_12013799529_12013799530_473195061,1,0,15
2692.0,2496228891,0,2,15
2692.0,cluster_12013799525_12013799526_2496228894,2,2,15
2692.0,cluster_12013799527_12013799528_2190601967,0,2,15
2692.0,cluster_12013799529_12013799530_473195061,0,0,15
2693.0,2496228891,0,2,15
2693.0,cluster_12013799525_12013799526_2496228894,2,2,15
2693.0,cluster_12013799527_12013799528_2190601967,0,2,15
2693.0,cluster_12013799529_12013799530_473195061,0,0,15
2694.0,2496228891,0,2,15
2694.0,cluster_12013799525_12013799526_2496228894,2,2,15
2694.0,cluster_12013799527_12013799528_2190601967,0,2,15
2694.0,cluster_12013799529_12013799530_473195061,0,0,15
2695.0,cluster_12013799525_12013799526_2496228894,1,2,15
2695.0,cluster_12013799527_12013799528_2190601967,0,2,15
2695.0,cluster_12013799529_12013799530_473195061,0,0,15
2696.0,cluster_12013799525_12013799526_2496228894,0,2,15
2696.0,cluster_12013799527_12013799528_2190601967,1,2,15
2696.0,cluster_12013799529_12013799530_473195061,0,0,15
2697.0,cluster_12013799525_12013799526_2496228894,0,2,15
2697.0,cluster_12013799527_12013799528_2190601967,1,2,15
2697.0,cluster_12013799529_12013799530_473195061,0,0,15
2698.0,2496228891,4,0,21
2698.0,cluster_12013799525_12013799526_2496228894,0,2,15
2698.0,cluster_12013799527_12013799528_2190601967,2,2,15
2698.0,cluster_12013799529_12013799530_473195061,0,0,15
2699.0,2496228891,3,0,15
2699.0,cluster_12013799525_12013799526_2496228894,0,2,15
2699.0,cluster_12013799527_12013799528_2190601967,2,2,15
2699.0,cluster_12013799529_12013799530_473195061,0,0,15
2700.0,2496228891,4,0,23
2700.0,cluster_12013799525_12013799526_2496228894,0,2,15
2701.0,2496228891,4,0,23
2701.0,cluster_12013799525_12013799526_2496228894,1,2,15
2702.0,2496228891,3,0,15
2703.0,2496228891,3,0,15
2703.0,cluster_12013799527_12013799528_2190601967,0,0,15
2703.0,cluster_12013799529_12013799530_473195061,4,2,21
2704.0,2496228891,3,0,15
2704.0,cluster_12013799527_12013799528_2190601967,0,0,15
2704.0,cluster_12013799529_12013799530_473195061,2,2,15
2705.0,2496228891,2,0,15
2705.0,cluster_12013799525_12013799526_2496228894,0,0,15
2705.0,cluster_12013799527_12013799528_2190601967,0,0,15
2705.0,cluster_12013799529_12013799530_473195061,2,2,15
2706.0,2496228891,2,0,15
2706.0,cluster_12013799525_12013799526_2496228894,0,0,15
2706.0,cluster_12013799527_12013799528_2190601967,0,0,15
2706.0,cluster_12013799529_12013799530_473195061,2,2,15
2707.0,2496228891,2,0,15
2707.0,cluster_12013799525_12013799526_2496228894,0,0,15
2707.0,cluster_12013799527_12013799528_2190601967,0,0,15
2707.0,cluster_12013799529_12013799530_473195061,1,2,15
2708.0,2496228891,1,0,15
2708.0,cluster_12013799525_12013799526_2496228894,0,0,15
2708.0,cluster_12013799527_12013799528_2190601967,0,0,15
2708.0,cluster_12013799529_12013799530_473195061,1,2,15
2709.0,2496228891,1,0,15
2709.0,cluster_12013799525_12013799526_2496228894,0,0,15
2709.0,cluster_12013799527_12013799528_2190601967,0,0,15
2709.0,cluster_12013799529_12013799530_473195061,1,2,15
2710.0,2496228891,2,0,15
2710.0,cluster_12013799525_12013799526_2496228894,0,0,15
2710.0,cluster_12013799527_12013799528_2190601967,0,0,15
2710.0,cluster_12013799529_12013799530_473195061,0,2,15
2711.0,2496228891,2,0,15
2711.0,cluster_12013799525_12013799526_2496228894,0,0,15
2711.0,cluster_12013799527_12013799528_2190601967,0,0,15
2711.0,cluster_12013799529_12013799530_473195061,0,2,15
2712.0,2496228891,2,0,15
2712.0,cluster_12013799525_12013799526_2496228894,0,0,15
2712.0,cluster_12013799527_12013799528_2190601967,0,0,15
2712.0,cluster_12013799529_12013799530_473195061,0,2,15
2713.0,2496228891,2,0,15
2713.0,cluster_12013799525_12013799526_2496228894,0,0,15
2713.0,cluster_12013799527_12013799528_2190601967,0,0,15
2713.0,cluster_12013799529_12013799530_473195061,0,2,15
2714.0,2496228891,2,0,15
2714.0,cluster_12013799525_12013799526_2496228894,0,0,15
2714.0,cluster_12013799527_12013799528_2190601967,0,0,15
2714.0,cluster_12013799529_12013799530_473195061,0,2,15
2715.0,2496228891,0,0,15
2715.0,cluster_12013799525_12013799526_2496228894,0,0,15
2715.0,cluster_12013799527_12013799528_2190601967,0,0,15
2715.0,cluster_12013799529_12013799530_473195061,0,2,15
2716.0,2496228891,1,0,15
2716.0,cluster_12013799525_12013799526_2496228894,0,0,15
2716.0,cluster_12013799527_12013799528_2190601967,0,0,15
2716.0,cluster_12013799529_12013799530_473195061,0,2,15
2717.0,2496228891,1,0,15
2717.0,cluster_12013799525_12013799526_2496228894,0,0,15
2717.0,cluster_12013799527_12013799528_2190601967,0,0,15
2717.0,cluster_12013799529_12013799530_473195061,0,2,15
2718.0,2496228891,2,0,15
2718.0,cluster_12013799525_12013799526_2496228894,0,0,15
2718.0,cluster_12013799527_12013799528_2190601967,0,0,15
2718.0,cluster_12013799529_12013799530_473195061,0,2,15
2719.0,2496228891,2,0,15
2719.0,cluster_12013799525_12013799526_2496228894,0,0,15
2719.0,cluster_12013799529_12013799530_473195061,0,2,15
2720.0,cluster_12013799525_12013799526_2496228894,0,0,15
2720.0,cluster_12013799529_12013799530_473195061,0,2,15
2721.0,cluster_12013799529_12013799530_473195061,0,2,15
2722.0,cluster_12013799527_12013799528_2190601967,2,2,15
2722.0,cluster_12013799529_12013799530_473195061,0,2,15
2723.0,2496228891,0,2,15
2723.0,cluster_12013799527_12013799528_2190601967,0,2,15
2723.0,cluster_12013799529_12013799530_473195061,0,2,15
2724.0,2496228891,0,2,15
2724.0,cluster_12013799525_12013799526_2496228894,3,2,15
2724.0,cluster_12013799527_12013799528_2190601967,0,2,15
2724.0,cluster_12013799529_12013799530_473195061,0,2,15
2725.0,2496228891,0,2,15
2725.0,cluster_12013799525_12013799526_2496228894,1,2,15
2725.0,cluster_12013799527_12013799528_2190601967,0,2,15
2726.0,2496228891,0,2,15
2726.0,cluster_12013799525_12013799526_2496228894,1,2,15
2726.0,cluster_12013799527_12013799528_2190601967,0,2,15
2727.0,2496228891,0,2,15
2727.0,cluster_12013799525_12013799526_2496228894,1,2,15
2727.0,cluster_12013799527_12013799528_2190601967,0,2,15
2728.0,2496228891,0,2,15
2728.0,cluster_12013799525_12013799526_2496228894,0,2,15
2728.0,cluster_12013799527_12013799528_2190601967,0,2,15
2728.0,cluster_12013799529_12013799530_473195061,0,0,15
2729.0,2496228891,0,2,15
2729.0,cluster_12013799525_12013799526_2496228894,0,2,15
2729.0,cluster_12013799527_12013799528_2190601967,0,2,15
2729.0,cluster_12013799529_12013799530_473195061,0,0,15
2730.0,2496228891,0,2,15
2730.0,cluster_12013799525_12013799526_2496228894,0,2,15
2730.0,cluster_12013799527_12013799528_2190601967,0,2,15
2730.0,cluster_12013799529_12013799530_473195061,0,0,15
2731.0,2496228891,0,2,15
2731.0,cluster_12013799525_12013799526_2496228894,0,2,15
2731.0,cluster_12013799527_12013799528_2190601967,1,2,15
2731.0,cluster_12013799529_12013799530_473195061,0,0,15
2732.0,2496228891,0,2,15
2732.0,cluster_12013799525_12013799526_2496228894,0,2,15
2732.0,cluster_12013799527_12013799528_2190601967,1,2,15
2732.0,cluster_12013799529_12013799530_473195061,0,0,15
2733.0,2496228891,0,2,15
2733.0,cluster_12013799525_12013799526_2496228894,0,2,15
2733.0,cluster_12013799527_12013799528_2190601967,1,2,15
2733.0,cluster_12013799529_12013799530_473195061,0,0,15
2734.0,2496228891,0,2,15
2734.0,cluster_12013799525_12013799526_2496228894,0,2,15
2734.0,cluster_12013799527_12013799528_2190601967,1,2,15
2734.0,cluster_12013799529_12013799530_473195061,0,0,15
2735.0,2496228891,0,2,15
2735.0,cluster_12013799525_12013799526_2496228894,0,2,15
2735.0,cluster_12013799527_12013799528_2190601967,1,2,15
2735.0,cluster_12013799529_12013799530_473195061,0,0,15
2736.0,2496228891,0,2,15
2736.0,cluster_12013799525_12013799526_2496228894,0,2,15
2736.0,cluster_12013799527_12013799528_2190601967,1,2,15
2736.0,cluster_12013799529_12013799530_473195061,0,0,15
2737.0,2496228891,0,2,15
2737.0,cluster_12013799525_12013799526_2496228894,0,2,15
2737.0,cluster_12013799527_12013799528_2190601967,1,2,15
2737.0,cluster_12013799529_12013799530_473195061,0,0,15
2738.0,2496228891,0,2,15
2738.0,cluster_12013799525_12013799526_2496228894,0,2,15
2738.0,cluster_12013799529_12013799530_473195061,0,0,15
2739.0,cluster_12013799525_12013799526_2496228894,0,2,15
2739.0,cluster_12013799529_12013799530_473195061,0,0,15
2740.0,cluster_12013799529_12013799530_473195061,0,0,15
2741.0,cluster_12013799527_12013799528_2190601967,0,0,15
2741.0,cluster_12013799529_12013799530_473195061,0,0,15
2742.0,2496228891,2,0,15
2742.0,cluster_12013799527_12013799528_2190601967,0,0,15
2742.0,cluster_12013799529_12013799530_473195061,0,0,15
2743.0,2496228891,0,0,15
2743.0,cluster_12013799525_12013799526_2496228894,0,0,15
2743.0,cluster_12013799527_12013799528_2190601967,0,0,15
2743.0,cluster_12013799529_12013799530_473195061,0,0,15
2744.0,2496228891,0,0,15
2744.0,cluster_12013799525_12013799526_2496228894,0,0,15
2744.0,cluster_12013799527_12013799528_2190601967,0,0,15
2745.0,2496228891,0,0,15
2745.0,cluster_12013799525_12013799526_2496228894,0,0,15
2745.0,cluster_12013799527_12013799528_2190601967,0,0,15
2746.0,2496228891,0,0,15
2746.0,cluster_12013799525_12013799526_2496228894,0,0,15
2746.0,cluster_12013799527_12013799528_2190601967,0,0,15
2747.0,2496228891,0,0,15
2747.0,cluster_12013799525_12013799526_2496228894,0,0,15
2747.0,cluster_12013799527_12013799528_2190601967,0,0,15
2747.0,cluster_12013799529_12013799530_473195061,1,2,15
2748.0,2496228891,0,0,15
2748.0,cluster_12013799525_12013799526_2496228894,0,0,15
2748.0,cluster_12013799527_12013799528_2190601967,0,0,15
2748.0,cluster_12013799529_12013799530_473195061,0,2,15
2749.0,2496228891,0,0,15
2749.0,cluster_12013799525_12013799526_2496228894,0,0,15
2749.0,cluster_12013799527_12013799528_2190601967,0,0,15
2749.0,cluster_12013799529_12013799530_473195061,0,2,15
2750.0,2496228891,0,0,15
2750.0,cluster_12013799525_12013799526_2496228894,0,0,15
2750.0,cluster_12013799527_12013799528_2190601967,0,0,15
2750.0,cluster_12013799529_12013799530_473195061,0,2,15
2751.0,2496228891,0,0,15
2751.0,cluster_12013799525_12013799526_2496228894,0,0,15
2751.0,cluster_12013799527_12013799528_2190601967,0,0,15
2751.0,cluster_12013799529_12013799530_473195061,0,2,15
2752.0,2496228891,0,0,15
2752.0,cluster_12013799525_12013799526_2496228894,0,0,15
2752.0,cluster_12013799527_12013799528_2190601967,0,0,15
2752.0,cluster_12013799529_12013799530_473195061,0,2,15
2753.0,2496228891,0,0,15
2753.0,cluster_12013799525_12013799526_2496228894,0,0,15
2753.0,cluster_12013799527_12013799528_2190601967,0,0,15
2753.0,cluster_12013799529_12013799530_473195061,0,2,15
2754.0,2496228891,0,0,15
2754.0,cluster_12013799525_12013799526_2496228894,0,0,15
2754.0,cluster_12013799527_12013799528_2190601967,0,0,15
2754.0,cluster_12013799529_12013799530_473195061,0,2,15
2755.0,2496228891,0,0,15
2755.0,cluster_12013799525_12013799526_2496228894,0,0,15
2755.0,cluster_12013799527_12013799528_2190601967,0,0,15
2755.0,cluster_12013799529_12013799530_473195061,0,2,15
2756.0,2496228891,0,0,15
2756.0,cluster_12013799525_12013799526_2496228894,0,0,15
2756.0,cluster_12013799527_12013799528_2190601967,0,0,15
2756.0,cluster_12013799529_12013799530_473195061,0,2,15
2757.0,2496228891,0,0,15
2757.0,cluster_12013799525_12013799526_2496228894,0,0,15
2757.0,cluster_12013799529_12013799530_473195061,0,2,15
2758.0,cluster_12013799525_12013799526_2496228894,0,0,15
2758.0,cluster_12013799529_12013799530_473195061,0,2,15
2759.0,cluster_12013799529_12013799530_473195061,0,2,15
2760.0,cluster_12013799527_12013799528_2190601967,1,2,15
2760.0,cluster_12013799529_12013799530_473195061,0,2,15
2761.0,2496228891,0,2,15
2761.0,cluster_12013799527_12013799528_2190601967,0,2,15
2761.0,cluster_12013799529_12013799530_473195061,0,2,15
2762.0,2496228891,0,2,15
2762.0,cluster_12013799525_12013799526_2496228894,0,2,15
2762.0,cluster_12013799527_12013799528_2190601967,0,2,15
2762.0,cluster_12013799529_12013799530_473195061,0,2,15
2763.0,2496228891,0,2,15
2763.0,cluster_12013799525_12013799526_2496228894,0,2,15
2763.0,cluster_12013799527_12013799528_2190601967,0,2,15
2764.0,2496228891,0,2,15
2764.0,cluster_12013799525_12013799526_2496228894,0,2,15
2764.0,cluster_12013799527_12013799528_2190601967,0,2,15
2765.0,2496228891,0,2,15
2765.0,cluster_12013799525_12013799526_2496228894,0,2,15
2765.0,cluster_12013799527_12013799528_2190601967,0,2,15
2766.0,2496228891,0,2,15
2766.0,cluster_12013799525_12013799526_2496228894,0,2,15
2766.0,cluster_12013799527_12013799528_2190601967,0,2,15
2766.0,cluster_12013799529_12013799530_473195061,0,0,15
2767.0,2496228891,0,2,15
2767.0,cluster_12013799525_12013799526_2496228894,0,2,15
2767.0,cluster_12013799527_12013799528_2190601967,0,2,15
2767.0,cluster_12013799529_12013799530_473195061,0,0,15
2768.0,2496228891,0,2,15
2768.0,cluster_12013799525_12013799526_2496228894,0,2,15
2768.0,cluster_12013799527_12013799528_2190601967,0,2,15
2768.0,cluster_12013799529_12013799530_473195061,0,0,15
2769.0,2496228891,0,2,15
2769.0,cluster_12013799525_12013799526_2496228894,0,2,15
2769.0,cluster_12013799527_12013799528_2190601967,0,2,15
2769.0,cluster_12013799529_12013799530_473195061,0,0,15
2770.0,2496228891,0,2,15
2770.0,cluster_12013799525_12013799526_2496228894,0,2,15
2770.0,cluster_12013799527_12013799528_2190601967,0,2,15
2770.0,cluster_12013799529_12013799530_473195061,0,0,15
2771.0,2496228891,1,2,15
2771.0,cluster_12013799525_12013799526_2496228894,1,2,15
2771.0,cluster_12013799527_12013799528_2190601967,1,2,15
2771.0,cluster_12013799529_12013799530_473195061,1,0,15
2772.0,2496228891,1,2,15
2772.0,cluster_12013799525_12013799526_2496228894,1,2,15
2772.0,cluster_12013799527_12013799528_2190601967,1,2,15
2772.0,cluster_12013799529_12013799530_473195061,1,0,15
2773.0,2496228891,1,2,15
2773.0,cluster_12013799525_12013799526_2496228894,1,2,15
2773.0,cluster_12013799527_12013799528_2190601967,1,2,15
2773.0,cluster_12013799529_12013799530_473195061,1,0,15
2774.0,2496228891,1,2,15
2774.0,cluster_12013799525_12013799526_2496228894,1,2,15
2774.0,cluster_12013799527_12013799528_2190601967,1,2,15
2774.0,cluster_12013799529_12013799530_473195061,1,0,15
2775.0,2496228891,2,2,15
2775.0,cluster_12013799525_12013799526_2496228894,2,2,15
2775.0,cluster_12013799527_12013799528_2190601967,2,2,15
2775.0,cluster_12013799529_12013799530_473195061,2,0,15
2776.0,2496228891,2,2,15
2776.0,cluster_12013799525_12013799526_2496228894,2,2,15
2776.0,cluster_12013799529_12013799530_473195061,2,0,15
2777.0,cluster_12013799525_12013799526_2496228894,2,2,15
2777.0,cluster_12013799529_12013799530_473195061,2,0,15
2778.0,cluster_12013799529_12013799530_473195061,2,0,15
2779.0,cluster_12013799527_12013799528_2190601967,3,0,15
2779.0,cluster_12013799529_12013799530_473195061,3,0,15
2780.0,2496228891,3,0,15
2780.0,cluster_12013799527_12013799528_2190601967,3,0,15
2780.0,cluster_12013799529_12013799530_473195061,3,0,15
2781.0,2496228891,3,0,15
2781.0,cluster_12013799525_12013799526_2496228894,2,0,15
2781.0,cluster_12013799527_12013799528_2190601967,3,0,15
2781.0,cluster_12013799529_12013799530_473195061,3,0,15
2782.0,2496228891,3,0,15
2782.0,cluster_12013799525_12013799526_2496228894,2,0,15
2782.0,cluster_12013799527_12013799528_2190601967,3,0,15
2783.0,2496228891,4,0,23
2783.0,cluster_12013799525_12013799526_2496228894,3,0,15
2783.0,cluster_12013799527_12013799528_2190601967,4,0,23
2784.0,2496228891,4,0,21
2784.0,cluster_12013799525_12013799526_2496228894,3,0,15
2784.0,cluster_12013799527_12013799528_2190601967,4,0,21
2785.0,2496228891,4,0,21
2785.0,cluster_12013799525_12013799526_2496228894,2,0,15
2785.0,cluster_12013799527_12013799528_2190601967,4,0,21
2785.0,cluster_12013799529_12013799530_473195061,4,2,21
2786.0,2496228891,4,0,21
2786.0,cluster_12013799525_12013799526_2496228894,2,0,15
2786.0,cluster_12013799527_12013799528_2190601967,4,0,21
2786.0,cluster_12013799529_12013799530_473195061,4,2,21
2787.0,2496228891,5,0,23
2787.0,cluster_12013799525_12013799526_2496228894,2,0,15
2787.0,cluster_12013799527_12013799528_2190601967,5,0,23
2787.0,cluster_12013799529_12013799530_473195061,5,2,21
2788.0,2496228891,5,0,21
2788.0,cluster_12013799525_12013799526_2496228894,2,0,15
2788.0,cluster_12013799527_12013799528_2190601967,4,0,21
2788.0,cluster_12013799529_12013799530_473195061,4,2,21
2789.0,2496228891,5,0,21
2789.0,cluster_12013799525_12013799526_2496228894,1,0,15
2789.0,cluster_12013799527_12013799528_2190601967,4,0,21
2789.0,cluster_12013799529_12013799530_473195061,4,2,21
2790.0,2496228891,5,0,21
2790.0,cluster_12013799525_12013799526_2496228894,1,0,15
2790.0,cluster_12013799527_12013799528_2190601967,4,0,21
2790.0,cluster_12013799529_12013799530_473195061,4,2,21
2791.0,2496228891,5,0,21
2791.0,cluster_12013799525_12013799526_2496228894,1,0,15
2791.0,cluster_12013799527_12013799528_2190601967,5,0,23
2791.0,cluster_12013799529_12013799530_473195061,5,2,21
2792.0,2496228891,5,0,21
2792.0,cluster_12013799525_12013799526_2496228894,1,0,15
2792.0,cluster_12013799527_12013799528_2190601967,4,0,21
2792.0,cluster_12013799529_12013799530_473195061,4,2,21
2793.0,2496228891,5,0,21
2793.0,cluster_12013799525_12013799526_2496228894,0,0,15
2793.0,cluster_12013799527_12013799528_2190601967,4,0,21
2793.0,cluster_12013799529_12013799530_473195061,4,2,21
2794.0,2496228891,5,0,21
2794.0,cluster_12013799525_12013799526_2496228894,0,0,15
2794.0,cluster_12013799527_12013799528_2190601967,4,0,21
2794.0,cluster_12013799529_12013799530_473195061,5,2,23
2795.0,2496228891,5,0,21
2795.0,cluster_12013799525_12013799526_2496228894,0,0,15
2795.0,cluster_12013799529_12013799530_473195061,6,2,23
2796.0,cluster_12013799525_12013799526_2496228894,0,0,15
2796.0,cluster_12013799529_12013799530_473195061,6,2,21
2797.0,cluster_12013799529_12013799530_473195061,6,2,21
2798.0,cluster_12013799527_12013799528_2190601967,2,2,15
2798.0,cluster_12013799529_12013799530_473195061,6,2,21
2799.0,2496228891,3,2,15
2799.0,cluster_12013799527_12013799528_2190601967,1,2,15
2799.0,cluster_12013799529_12013799530_473195061,6,2,21
2800.0,2496228891,2,2,15
2800.0,cluster_12013799525_12013799526_2496228894,2,2,15
2800.0,cluster_12013799527_12013799528_2190601967,2,2,15
2800.0,cluster_12013799529_12013799530_473195061,6,2,21
2801.0,2496228891,2,2,15
2801.0,cluster_12013799525_12013799526_2496228894,2,2,15
2801.0,cluster_12013799527_12013799528_2190601967,1,2,15
2801.0,cluster_12013799529_12013799530_473195061,6,2,21
2802.0,2496228891,2,2,15
2802.0,cluster_12013799525_12013799526_2496228894,2,2,15
2802.0,cluster_12013799527_12013799528_2190601967,2,2,15
2802.0,cluster_12013799529_12013799530_473195061,7,2,23
2803.0,2496228891,2,2,15
2803.0,cluster_12013799525_12013799526_2496228894,2,2,15
2803.0,cluster_12013799527_12013799528_2190601967,2,2,15
2803.0,cluster_12013799529_12013799530_473195061,6,2,21
2804.0,2496228891,1,2,15
2804.0,cluster_12013799525_12013799526_2496228894,2,2,15
2804.0,cluster_12013799527_12013799528_2190601967,2,2,15
2804.0,cluster_12013799529_12013799530_473195061,6,2,21
2805.0,2496228891,1,2,15
2805.0,cluster_12013799525_12013799526_2496228894,2,2,15
2805.0,cluster_12013799527_12013799528_2190601967,1,2,15
2805.0,cluster_12013799529_12013799530_473195061,6,2,21
2806.0,2496228891,0,2,15
2806.0,cluster_12013799525_12013799526_2496228894,2,2,15
2806.0,cluster_12013799527_12013799528_2190601967,1,2,15
2806.0,cluster_12013799529_12013799530_473195061,6,2,21
2807.0,2496228891,0,2,15
2807.0,cluster_12013799525_12013799526_2496228894,2,2,15
2807.0,cluster_12013799527_12013799528_2190601967,1,2,15
2808.0,2496228891,0,2,15
2808.0,cluster_12013799525_12013799526_2496228894,3,2,15
2808.0,cluster_12013799527_12013799528_2190601967,0,2,15
2809.0,2496228891,0,2,15
2809.0,cluster_12013799525_12013799526_2496228894,3,2,15
2809.0,cluster_12013799527_12013799528_2190601967,0,2,15
2810.0,2496228891,0,2,15
2810.0,cluster_12013799525_12013799526_2496228894,3,2,15
2810.0,cluster_12013799527_12013799528_2190601967,0,2,15
2810.0,cluster_12013799529_12013799530_473195061,5,0,21
2811.0,2496228891,0,2,15
2811.0,cluster_12013799525_12013799526_2496228894,3,2,15
2811.0,cluster_12013799527_12013799528_2190601967,0,2,15
2811.0,cluster_12013799529_12013799530_473195061,4,0,21
2812.0,2496228891,0,2,15
2812.0,cluster_12013799525_12013799526_2496228894,3,2,15
2812.0,cluster_12013799527_12013799528_2190601967,0,2,15
2812.0,cluster_12013799529_12013799530_473195061,4,0,21
2813.0,2496228891,0,2,15
2813.0,cluster_12013799525_12013799526_2496228894,3,2,15
2813.0,cluster_12013799527_12013799528_2190601967,0,2,15
2813.0,cluster_12013799529_12013799530_473195061,4,0,21
2814.0,2496228891,0,2,15
2814.0,cluster_12013799525_12013799526_2496228894,2,2,15
2814.0,cluster_12013799529_12013799530_473195061,4,0,21
2815.0,cluster_12013799525_12013799526_2496228894,2,2,15
2815.0,cluster_12013799529_12013799530_473195061,3,0,15
2816.0,cluster_12013799529_12013799530_473195061,3,0,15
2817.0,cluster_12013799527_12013799528_2190601967,4,0,21
2817.0,cluster_12013799529_12013799530_473195061,2,0,15
2818.0,2496228891,6,0,21
2818.0,cluster_12013799527_12013799528_2190601967,4,0,21
2818.0,cluster_12013799529_12013799530_473195061,2,0,15
2819.0,2496228891,6,0,21
2819.0,cluster_12013799525_12013799526_2496228894,0,0,15
2819.0,cluster_12013799527_12013799528_2190601967,4,0,21
2819.0,cluster_12013799529_12013799530_473195061,2,0,15
2820.0,2496228891,3,0,15
2820.0,cluster_12013799525_12013799526_2496228894,0,0,15
2820.0,cluster_12013799527_12013799528_2190601967,4,0,21
2820.0,cluster_12013799529_12013799530_473195061,1,0,15
2821.0,2496228891,3,0,15
2821.0,cluster_12013799525_12013799526_2496228894,0,0,15
2821.0,cluster_12013799527_12013799528_2190601967,3,0,15
2821.0,cluster_12013799529_12013799530_473195061,1,0,15
2822.0,2496228891,1,0,15
2822.0,cluster_12013799525_12013799526_2496228894,0,0,15
2822.0,cluster_12013799527_12013799528_2190601967,3,0,15
2822.0,cluster_12013799529_12013799530_473195061,0,0,15
2823.0,2496228891,1,0,15
2823.0,cluster_12013799525_12013799526_2496228894,0,0,15
2823.0,cluster_12013799527_12013799528_2190601967,3,0,15
2823.0,cluster_12013799529_12013799530_473195061,0,0,15
2824.0,2496228891,2,0,15
2824.0,cluster_12013799525_12013799526_2496228894,0,0,15
2824.0,cluster_12013799527_12013799528_2190601967,2,0,15
2824.0,cluster_12013799529_12013799530_473195061,0,0,15
2825.0,2496228891,2,0,15
2825.0,cluster_12013799525_12013799526_2496228894,0,0,15
2825.0,cluster_12013799527_12013799528_2190601967,2,0,15
2825.0,cluster_12013799529_12013799530_473195061,0,0,15
2826.0,2496228891,2,0,15
2826.0,cluster_12013799525_12013799526_2496228894,0,0,15
2826.0,cluster_12013799527_12013799528_2190601967,2,0,15
2826.0,cluster_12013799529_12013799530_473195061,0,0,15
2827.0,2496228891,2,0,15
2827.0,cluster_12013799525_12013799526_2496228894,0,0,15
2827.0,cluster_12013799527_12013799528_2190601967,1,0,15
2827.0,cluster_12013799529_12013799530_473195061,0,0,15
2828.0,2496228891,2,0,15
2828.0,cluster_12013799525_12013799526_2496228894,0,0,15
2828.0,cluster_12013799527_12013799528_2190601967,1,0,15
2828.0,cluster_12013799529_12013799530_473195061,0,0,15
2829.0,2496228891,2,0,15
2829.0,cluster_12013799525_12013799526_2496228894,0,0,15
2829.0,cluster_12013799527_12013799528_2190601967,0,0,15
2829.0,cluster_12013799529_12013799530_473195061,0,0,15
2830.0,2496228891,3,0,15
2830.0,cluster_12013799525_12013799526_2496228894,0,0,15
2830.0,cluster_12013799527_12013799528_2190601967,0,0,15
2830.0,cluster_12013799529_12013799530_473195061,0,0,15
2831.0,2496228891,2,0,15
2831.0,cluster_12013799525_12013799526_2496228894,0,0,15
2831.0,cluster_12013799527_12013799528_2190601967,0,0,15
2831.0,cluster_12013799529_12013799530_473195061,0,0,15
2832.0,2496228891,2,0,15
2832.0,cluster_12013799525_12013799526_2496228894,0,0,15
2832.0,cluster_12013799527_12013799528_2190601967,0,0,15
2833.0,2496228891,2,0,15
2833.0,cluster_12013799525_12013799526_2496228894,0,0,15
2833.0,cluster_12013799527_12013799528_2190601967,0,0,15
2834.0,2496228891,2,0,15
2834.0,cluster_12013799525_12013799526_2496228894,0,0,15
2834.0,cluster_12013799527_12013799528_2190601967,0,0,15
2835.0,2496228891,2,0,15
2835.0,cluster_12013799527_12013799528_2190601967,0,0,15
2835.0,cluster_12013799529_12013799530_473195061,8,2,21
2836.0,2496228891,1,0,15
2836.0,cluster_12013799527_12013799528_2190601967,0,0,15
2836.0,cluster_12013799529_12013799530_473195061,6,2,21
2837.0,2496228891,1,0,15
2837.0,cluster_12013799527_12013799528_2190601967,0,0,15
2837.0,cluster_12013799529_12013799530_473195061,6,2,21
2838.0,2496228891,0,0,15
2838.0,cluster_12013799525_12013799526_2496228894,4,2,21
2838.0,cluster_12013799527_12013799528_2190601967,0,0,15
2838.0,cluster_12013799529_12013799530_473195061,6,2,21
2839.0,2496228891,0,0,15
2839.0,cluster_12013799525_12013799526_2496228894,3,2,15
2839.0,cluster_12013799529_12013799530_473195061,5,2,21
2840.0,cluster_12013799525_12013799526_2496228894,4,2,23
2840.0,cluster_12013799529_12013799530_473195061,4,2,21
2841.0,cluster_12013799525_12013799526_2496228894,4,2,21
2841.0,cluster_12013799529_12013799530_473195061,4,2,21
2842.0,cluster_12013799525_12013799526_2496228894,3,2,15
2842.0,cluster_12013799527_12013799528_2190601967,0,2,15
2842.0,cluster_12013799529_12013799530_473195061,3,2,15
2843.0,2496228891,0,2,15
2843.0,cluster_12013799525_12013799526_2496228894,3,2,15
2843.0,cluster_12013799527_12013799528_2190601967,1,2,15
2843.0,cluster_12013799529_12013799530_473195061,3,2,15
2844.0,2496228891,0,2,15
2844.0,cluster_12013799525_12013799526_2496228894,3,2,15
2844.0,cluster_12013799527_12013799528_2190601967,1,2,15
2844.0,cluster_12013799529_12013799530_473195061,3,2,15
2845.0,2496228891,0,2,15
2845.0,cluster_12013799525_12013799526_2496228894,2,2,15
2845.0,cluster_12013799527_12013799528_2190601967,2,2,15
2845.0,cluster_12013799529_12013799530_473195061,2,2,15
2846.0,2496228891,0,2,15
2846.0,cluster_12013799525_12013799526_2496228894,2,2,15
2846.0,cluster_12013799527_12013799528_2190601967,2,2,15
2846.0,cluster_12013799529_12013799530_473195061,2,2,15
2847.0,2496228891,0,2,15
2847.0,cluster_12013799525_12013799526_2496228894,2,2,15
2847.0,cluster_12013799527_12013799528_2190601967,2,2,15
2847.0,cluster_12013799529_12013799530_473195061,2,2,15
2848.0,2496228891,0,2,15
2848.0,cluster_12013799525_12013799526_2496228894,2,2,15
2848.0,cluster_12013799527_12013799528_2190601967,2,2,15
2848.0,cluster_12013799529_12013799530_473195061,1,2,15
2849.0,2496228891,0,2,15
2849.0,cluster_12013799525_12013799526_2496228894,1,2,15
2849.0,cluster_12013799527_12013799528_2190601967,2,2,15
2849.0,cluster_12013799529_12013799530_473195061,1,2,15
2850.0,2496228891,0,2,15
2850.0,cluster_12013799525_12013799526_2496228894,1,2,15
2850.0,cluster_12013799527_12013799528_2190601967,2,2,15
2850.0,cluster_12013799529_12013799530_473195061,0,2,15
2851.0,2496228891,0,2,15
2851.0,cluster_12013799525_12013799526_2496228894,0,2,15
2851.0,cluster_12013799527_12013799528_2190601967,1,2,15
2851.0,cluster_12013799529_12013799530_473195061,0,2,15
2852.0,2496228891,0,2,15
2852.0,cluster_12013799525_12013799526_2496228894,0,2,15
2852.0,cluster_12013799527_12013799528_2190601967,3,2,15
2852.0,cluster_12013799529_12013799530_473195061,0,2,15
2853.0,2496228891,0,2,15
2853.0,cluster_12013799525_12013799526_2496228894,0,2,15
2853.0,cluster_12013799527_12013799528_2190601967,3,2,15
2853.0,cluster_12013799529_12013799530_473195061,0,2,15
2854.0,2496228891,0,2,15
2854.0,cluster_12013799525_12013799526_2496228894,0,2,15
2854.0,cluster_12013799527_12013799528_2190601967,3,2,15
2854.0,cluster_12013799529_12013799530_473195061,0,2,15
2855.0,2496228891,0,2,15
2855.0,cluster_12013799525_12013799526_2496228894,0,2,15
2855.0,cluster_12013799527_12013799528_2190601967,2,2,15
2855.0,cluster_12013799529_12013799530_473195061,0,2,15
2856.0,2496228891,0,2,15
2856.0,cluster_12013799525_12013799526_2496228894,0,2,15
2856.0,cluster_12013799527_12013799528_2190601967,2,2,15
2856.0,cluster_12013799529_12013799530_473195061,0,2,15
2857.0,2496228891,0,2,15
2857.0,cluster_12013799525_12013799526_2496228894,0,2,15
2857.0,cluster_12013799527_12013799528_2190601967,1,2,15
2858.0,2496228891,0,2,15
2858.0,cluster_12013799525_12013799526_2496228894,0,2,15
2859.0,cluster_12013799525_12013799526_2496228894,0,2,15
2860.0,cluster_12013799529_12013799530_473195061,0,0,15
2861.0,cluster_12013799527_12013799528_2190601967,0,0,15
2861.0,cluster_12013799529_12013799530_473195061,0,0,15
2862.0,2496228891,5,0,21
2862.0,cluster_12013799527_12013799528_2190601967,0,0,15
2862.0,cluster_12013799529_12013799530_473195061,0,0,15
2863.0,2496228891,3,0,15
2863.0,cluster_12013799525_12013799526_2496228894,0,0,15
2863.0,cluster_12013799527_12013799528_2190601967,0,0,15
2863.0,cluster_12013799529_12013799530_473195061,0,0,15
2864.0,2496228891,3,0,15
2864.0,cluster_12013799525_12013799526_2496228894,0,0,15
2864.0,cluster_12013799527_12013799528_2190601967,0,0,15
2864.0,cluster_12013799529_12013799530_473195061,0,0,15
2865.0,2496228891,3,0,15
2865.0,cluster_12013799525_12013799526_2496228894,0,0,15
2865.0,cluster_12013799527_12013799528_2190601967,0,0,15
2865.0,cluster_12013799529_12013799530_473195061,0,0,15
2866.0,2496228891,1,0,15
2866.0,cluster_12013799525_12013799526_2496228894,0,0,15
2866.0,cluster_12013799527_12013799528_2190601967,0,0,15
2866.0,cluster_12013799529_12013799530_473195061,0,0,15
2867.0,2496228891,1,0,15
2867.0,cluster_12013799525_12013799526_2496228894,0,0,15
2867.0,cluster_12013799527_12013799528_2190601967,0,0,15
2867.0,cluster_12013799529_12013799530_473195061,0,0,15
2868.0,2496228891,1,0,15
2868.0,cluster_12013799525_12013799526_2496228894,0,0,15
2868.0,cluster_12013799527_12013799528_2190601967,0,0,15
2868.0,cluster_12013799529_12013799530_473195061,0,0,15
2869.0,2496228891,0,0,15
2869.0,cluster_12013799525_12013799526_2496228894,0,0,15
2869.0,cluster_12013799527_12013799528_2190601967,0,0,15
2869.0,cluster_12013799529_12013799530_473195061,0,0,15
2870.0,2496228891,0,0,15
2870.0,cluster_12013799525_12013799526_2496228894,0,0,15
2870.0,cluster_12013799527_12013799528_2190601967,0,0,15
2870.0,cluster_12013799529_12013799530_473195061,0,0,15
2871.0,2496228891,0,0,15
2871.0,cluster_12013799525_12013799526_2496228894,0,0,15
2871.0,cluster_12013799527_12013799528_2190601967,0,0,15
2871.0,cluster_12013799529_12013799530_473195061,0,0,15
2872.0,2496228891,0,0,15
2872.0,cluster_12013799525_12013799526_2496228894,0,0,15
2872.0,cluster_12013799527_12013799528_2190601967,0,0,15
2872.0,cluster_12013799529_12013799530_473195061,0,0,15
2873.0,2496228891,0,0,15
2873.0,cluster_12013799525_12013799526_2496228894,0,0,15
2873.0,cluster_12013799527_12013799528_2190601967,0,0,15
2873.0,cluster_12013799529_12013799530_473195061,0,0,15
2874.0,2496228891,0,0,15
2874.0,cluster_12013799525_12013799526_2496228894,0,0,15
2874.0,cluster_12013799527_12013799528_2190601967,0,0,15
2874.0,cluster_12013799529_12013799530_473195061,0,0,15
2875.0,2496228891,0,0,15
2875.0,cluster_12013799525_12013799526_2496228894,0,0,15
2875.0,cluster_12013799527_12013799528_2190601967,0,0,15
2875.0,cluster_12013799529_12013799530_473195061,0,0,15
2876.0,2496228891,0,0,15
2876.0,cluster_12013799525_12013799526_2496228894,0,0,15
2876.0,cluster_12013799527_12013799528_2190601967,0,0,15
2877.0,2496228891,0,0,15
2877.0,cluster_12013799525_12013799526_2496228894,0,0,15
2878.0,2496228891,0,0,15
2878.0,cluster_12013799525_12013799526_2496228894,0,0,15
2879.0,2496228891,0,0,15
2879.0,cluster_12013799529_12013799530_473195061,1,2,15
2880.0,2496228891,0,0,15
2880.0,cluster_12013799527_12013799528_2190601967,1,2,15
2880.0,cluster_12013799529_12013799530_473195061,0,2,15
2881.0,2496228891,0,0,15
2881.0,cluster_12013799527_12013799528_2190601967,0,2,15
2881.0,cluster_12013799529_12013799530_473195061,0,2,15
2882.0,2496228891,0,0,15
2882.0,cluster_12013799525_12013799526_2496228894,1,2,15
2882.0,cluster_12013799527_12013799528_2190601967,0,2,15
2882.0,cluster_12013799529_12013799530_473195061,0,2,15
2883.0,2496228891,0,0,15
2883.0,cluster_12013799525_12013799526_2496228894,0,2,15
2883.0,cluster_12013799527_12013799528_2190601967,0,2,15
2883.0,cluster_12013799529_12013799530_473195061,0,2,15
2884.0,cluster_12013799525_12013799526_2496228894,0,2,15
2884.0,cluster_12013799527_12013799528_2190601967,0,2,15
2884.0,cluster_12013799529_12013799530_473195061,0,2,15
2885.0,cluster_12013799525_12013799526_2496228894,0,2,15
2885.0,cluster_12013799527_12013799528_2190601967,0,2,15
2885.0,cluster_12013799529_12013799530_473195061,0,2,15
2886.0,cluster_12013799525_12013799526_2496228894,0,2,15
2886.0,cluster_12013799527_12013799528_2190601967,0,2,15
2886.0,cluster_12013799529_12013799530_473195061,0,2,15
2887.0,2496228891,0,2,15
2887.0,cluster_12013799525_12013799526_2496228894,0,2,15
2887.0,cluster_12013799527_12013799528_2190601967,0,2,15
2887.0,cluster_12013799529_12013799530_473195061,0,2,15
2888.0,2496228891,0,2,15
2888.0,cluster_12013799525_12013799526_2496228894,0,2,15
2888.0,cluster_12013799527_12013799528_2190601967,0,2,15
2888.0,cluster_12013799529_12013799530_473195061,0,2,15
2889.0,2496228891,0,2,15
2889.0,cluster_12013799525_12013799526_2496228894,0,2,15
2889.0,cluster_12013799527_12013799528_2190601967,0,2,15
2889.0,cluster_12013799529_12013799530_473195061,0,2,15
2890.0,2496228891,0,2,15
2890.0,cluster_12013799525_12013799526_2496228894,0,2,15
2890.0,cluster_12013799527_12013799528_2190601967,0,2,15
2890.0,cluster_12013799529_12013799530_473195061,0,2,15
2891.0,2496228891,0,2,15
2891.0,cluster_12013799525_12013799526_2496228894,0,2,15
2891.0,cluster_12013799527_12013799528_2190601967,0,2,15
2891.0,cluster_12013799529_12013799530_473195061,0,2,15
2892.0,2496228891,0,2,15
2892.0,cluster_12013799525_12013799526_2496228894,0,2,15
2892.0,cluster_12013799527_12013799528_2190601967,0,2,15
2892.0,cluster_12013799529_12013799530_473195061,0,2,15
2893.0,2496228891,0,2,15
2893.0,cluster_12013799525_12013799526_2496228894,0,2,15
2893.0,cluster_12013799527_12013799528_2190601967,0,2,15
2893.0,cluster_12013799529_12013799530_473195061,0,2,15
2894.0,2496228891,0,2,15
2894.0,cluster_12013799525_12013799526_2496228894,0,2,15
2894.0,cluster_12013799527_12013799528_2190601967,0,2,15
2894.0,cluster_12013799529_12013799530_473195061,0,2,15
2895.0,2496228891,0,2,15
2895.0,cluster_12013799525_12013799526_2496228894,0,2,15
2895.0,cluster_12013799527_12013799528_2190601967,0,2,15
2896.0,2496228891,0,2,15
2896.0,cluster_12013799525_12013799526_2496228894,0,2,15
2897.0,2496228891,0,2,15
2897.0,cluster_12013799525_12013799526_2496228894,0,2,15
2898.0,2496228891,0,2,15
2898.0,cluster_12013799529_12013799530_473195061,0,0,15
2899.0,2496228891,0,2,15
2899.0,cluster_12013799527_12013799528_2190601967,0,0,15
2899.0,cluster_12013799529_12013799530_473195061,0,0,15
2900.0,2496228891,0,2,15
2900.0,cluster_12013799527_12013799528_2190601967,0,0,15
2900.0,cluster_12013799529_12013799530_473195061,0,0,15
2901.0,2496228891,0,2,15
2901.0,cluster_12013799525_12013799526_2496228894,0,0,15
2901.0,cluster_12013799527_12013799528_2190601967,0,0,15
2901.0,cluster_12013799529_12013799530_473195061,0,0,15
2902.0,2496228891,0,2,15
2902.0,cluster_12013799525_12013799526_2496228894,0,0,15
2902.0,cluster_12013799527_12013799528_2190601967,0,0,15
2902.0,cluster_12013799529_12013799530_473195061,0,0,15
2903.0,cluster_12013799525_12013799526_2496228894,0,0,15
2903.0,cluster_12013799527_12013799528_2190601967,0,0,15
2903.0,cluster_12013799529_12013799530_473195061,0,0,15
2904.0,cluster_12013799525_12013799526_2496228894,0,0,15
2904.0,cluster_12013799527_12013799528_2190601967,0,0,15
2904.0,cluster_12013799529_12013799530_473195061,0,0,15
2905.0,cluster_12013799525_12013799526_2496228894,0,0,15
2905.0,cluster_12013799527_12013799528_2190601967,0,0,15
2905.0,cluster_12013799529_12013799530_473195061,0,0,15
2906.0,2496228891,0,0,15
2906.0,cluster_12013799525_12013799526_2496228894,0,0,15
2906.0,cluster_12013799527_12013799528_2190601967,0,0,15
2906.0,cluster_12013799529_12013799530_473195061,0,0,15
2907.0,2496228891,0,0,15
2907.0,cluster_12013799525_12013799526_2496228894,0,0,15
2907.0,cluster_12013799527_12013799528_2190601967,0,0,15
2907.0,cluster_12013799529_12013799530_473195061,0,0,15
2908.0,2496228891,0,0,15
2908.0,cluster_12013799525_12013799526_2496228894,0,0,15
2908.0,cluster_12013799527_12013799528_2190601967,0,0,15
2908.0,cluster_12013799529_12013799530_473195061,0,0,15
2909.0,2496228891,1,0,15
2909.0,cluster_12013799525_12013799526_2496228894,1,0,15
2909.0,cluster_12013799527_12013799528_2190601967,1,0,15
2909.0,cluster_12013799529_12013799530_473195061,1,0,15
2910.0,2496228891,1,0,15
2910.0,cluster_12013799525_12013799526_2496228894,1,0,15
2910.0,cluster_12013799527_12013799528_2190601967,1,0,15
2910.0,cluster_12013799529_12013799530_473195061,1,0,15
2911.0,2496228891,1,0,15
2911.0,cluster_12013799525_12013799526_2496228894,1,0,15
2911.0,cluster_12013799527_12013799528_2190601967,1,0,15
2911.0,cluster_12013799529_12013799530_473195061,1,0,15
2912.0,2496228891,1,0,15
2912.0,cluster_12013799525_12013799526_2496228894,1,0,15
2912.0,cluster_12013799527_12013799528_2190601967,1,0,15
2912.0,cluster_12013799529_12013799530_473195061,1,0,15
2913.0,2496228891,2,0,15
2913.0,cluster_12013799525_12013799526_2496228894,2,0,15
2913.0,cluster_12013799527_12013799528_2190601967,2,0,15
2913.0,cluster_12013799529_12013799530_473195061,2,0,15
2914.0,2496228891,2,0,15
2914.0,cluster_12013799525_12013799526_2496228894,2,0,15
2914.0,cluster_12013799527_12013799528_2190601967,2,0,15
2915.0,2496228891,2,0,15
2915.0,cluster_12013799525_12013799526_2496228894,2,0,15
2916.0,2496228891,2,0,15
2916.0,cluster_12013799525_12013799526_2496228894,2,0,15
2917.0,2496228891,3,0,15
2917.0,cluster_12013799529_12013799530_473195061,3,2,15
2918.0,2496228891,3,0,15
2918.0,cluster_12013799527_12013799528_2190601967,3,2,15
2918.0,cluster_12013799529_12013799530_473195061,3,2,15
2919.0,2496228891,3,0,15
2919.0,cluster_12013799527_12013799528_2190601967,3,2,15
2919.0,cluster_12013799529_12013799530_473195061,3,2,15
2920.0,2496228891,3,0,15
2920.0,cluster_12013799525_12013799526_2496228894,3,2,15
2920.0,cluster_12013799527_12013799528_2190601967,3,2,15
2920.0,cluster_12013799529_12013799530_473195061,3,2,15
2921.0,2496228891,4,0,23
2921.0,cluster_12013799525_12013799526_2496228894,2,2,15
2921.0,cluster_12013799527_12013799528_2190601967,4,2,23
2921.0,cluster_12013799529_12013799530_473195061,4,2,23
2922.0,cluster_12013799525_12013799526_2496228894,3,2,15
2922.0,cluster_12013799527_12013799528_2190601967,4,2,21
2922.0,cluster_12013799529_12013799530_473195061,4,2,21
2923.0,cluster_12013799525_12013799526_2496228894,3,2,15
2923.0,cluster_12013799527_12013799528_2190601967,4,2,21
2923.0,cluster_12013799529_12013799530_473195061,4,2,21
2924.0,cluster_12013799525_12013799526_2496228894,3,2,15
2924.0,cluster_12013799527_12013799528_2190601967,4,2,21
2924.0,cluster_12013799529_12013799530_473195061,4,2,21
2925.0,2496228891,2,2,15
2925.0,cluster_12013799525_12013799526_2496228894,2,2,15
2925.0,cluster_12013799527_12013799528_2190601967,4,2,21
2925.0,cluster_12013799529_12013799530_473195061,5,2,23
2926.0,2496228891,2,2,15
2926.0,cluster_12013799525_12013799526_2496228894,2,2,15
2926.0,cluster_12013799527_12013799528_2190601967,4,2,21
2926.0,cluster_12013799529_12013799530_473195061,5,2,21
2927.0,2496228891,2,2,15
2927.0,cluster_12013799525_12013799526_2496228894,2,2,15
2927.0,cluster_12013799527_12013799528_2190601967,4,2,21
2927.0,cluster_12013799529_12013799530_473195061,5,2,21
2928.0,2496228891,2,2,15
2928.0,cluster_12013799525_12013799526_2496228894,3,2,15
2928.0,cluster_12013799527_12013799528_2190601967,4,2,21
2928.0,cluster_12013799529_12013799530_473195061,5,2,21
2929.0,2496228891,1,2,15
2929.0,cluster_12013799525_12013799526_2496228894,2,2,15
2929.0,cluster_12013799527_12013799528_2190601967,4,2,21
2929.0,cluster_12013799529_12013799530_473195061,6,2,23
2930.0,2496228891,1,2,15
2930.0,cluster_12013799525_12013799526_2496228894,2,2,15
2930.0,cluster_12013799527_12013799528_2190601967,4,2,21
2930.0,cluster_12013799529_12013799530_473195061,6,2,21
2931.0,2496228891,1,2,15
2931.0,cluster_12013799525_12013799526_2496228894,3,2,15
2931.0,cluster_12013799527_12013799528_2190601967,4,2,21
2931.0,cluster_12013799529_12013799530_473195061,6,2,21
2932.0,2496228891,1,2,15
2932.0,cluster_12013799525_12013799526_2496228894,3,2,15
2932.0,cluster_12013799527_12013799528_2190601967,4,2,21
2932.0,cluster_12013799529_12013799530_473195061,6,2,21
2933.0,2496228891,1,2,15
2933.0,cluster_12013799525_12013799526_2496228894,3,2,15
2933.0,cluster_12013799527_12013799528_2190601967,4,2,21
2934.0,2496228891,1,2,15
2934.0,cluster_12013799525_12013799526_2496228894,3,2,15
2935.0,2496228891,0,2,15
2935.0,cluster_12013799525_12013799526_2496228894,2,2,15
2936.0,2496228891,0,2,15
2936.0,cluster_12013799529_12013799530_473195061,4,0,21
2937.0,2496228891,0,2,15
2937.0,cluster_12013799527_12013799528_2190601967,7,0,21
2937.0,cluster_12013799529_12013799530_473195061,4,0,21
2938.0,2496228891,0,2,15
2938.0,cluster_12013799527_12013799528_2190601967,6,0,21
2938.0,cluster_12013799529_12013799530_473195061,4,0,21
2939.0,2496228891,0,2,15
2939.0,cluster_12013799525_12013799526_2496228894,4,0,21
2939.0,cluster_12013799527_12013799528_2190601967,6,0,21
2939.0,cluster_12013799529_12013799530_473195061,4,0,21
2940.0,2496228891,0,2,15
2940.0,cluster_12013799525_12013799526_2496228894,3,0,15
2940.0,cluster_12013799527_12013799528_2190601967,6,0,21
2940.0,cluster_12013799529_12013799530_473195061,3,0,15
2941.0,cluster_12013799525_12013799526_2496228894,3,0,15
2941.0,cluster_12013799527_12013799528_2190601967,6,0,21
2941.0,cluster_12013799529_12013799530_473195061,3,0,15
2942.0,cluster_12013799525_12013799526_2496228894,3,0,15
2942.0,cluster_12013799527_12013799528_2190601967,5,0,21
2942.0,cluster_12013799529_12013799530_473195061,3,0,15
2943.0,cluster_12013799525_12013799526_2496228894,3,0,15
2943.0,cluster_12013799527_12013799528_2190601967,5,0,21
2943.0,cluster_12013799529_12013799530_473195061,2,0,15
2944.0,2496228891,6,0,21
2944.0,cluster_12013799525_12013799526_2496228894,2,0,15
2944.0,cluster_12013799527_12013799528_2190601967,4,0,21
2944.0,cluster_12013799529_12013799530_473195061,2,0,15
2945.0,2496228891,6,0,21
2945.0,cluster_12013799525_12013799526_2496228894,2,0,15
2945.0,cluster_12013799527_12013799528_2190601967,4,0,21
2945.0,cluster_12013799529_12013799530_473195061,2,0,15
2946.0,2496228891,5,0,21
2946.0,cluster_12013799525_12013799526_2496228894,2,0,15
2946.0,cluster_12013799527_12013799528_2190601967,4,0,21
2946.0,cluster_12013799529_12013799530_473195061,1,0,15
2947.0,2496228891,3,0,15
2947.0,cluster_12013799525_12013799526_2496228894,1,0,15
2947.0,cluster_12013799527_12013799528_2190601967,3,0,15
2947.0,cluster_12013799529_12013799530_473195061,1,0,15
2948.0,2496228891,4,0,23
2948.0,cluster_12013799525_12013799526_2496228894,1,0,15
2948.0,cluster_12013799527_12013799528_2190601967,3,0,15
2948.0,cluster_12013799529_12013799530_473195061,1,0,15
2949.0,2496228891,1,0,15
2949.0,cluster_12013799525_12013799526_2496228894,0,0,15
2949.0,cluster_12013799527_12013799528_2190601967,2,0,15
2949.0,cluster_12013799529_12013799530_473195061,0,0,15
2950.0,2496228891,2,0,15
2950.0,cluster_12013799525_12013799526_2496228894,0,0,15
2950.0,cluster_12013799527_12013799528_2190601967,2,0,15
2950.0,cluster_12013799529_12013799530_473195061,0,0,15
2951.0,2496228891,2,0,15
2951.0,cluster_12013799525_12013799526_2496228894,0,0,15
2951.0,cluster_12013799527_12013799528_2190601967,1,0,15
2951.0,cluster_12013799529_12013799530_473195061,0,0,15
2952.0,2496228891,3,0,15
2952.0,cluster_12013799525_12013799526_2496228894,0,0,15
2952.0,cluster_12013799527_12013799528_2190601967,1,0,15
2952.0,cluster_12013799529_12013799530_473195061,0,0,15
2953.0,2496228891,2,0,15
2953.0,cluster_12013799525_12013799526_2496228894,0,0,15
2953.0,cluster_12013799527_12013799528_2190601967,1,0,15
2953.0,cluster_12013799529_12013799530_473195061,0,0,15
2954.0,2496228891,3,0,15
2954.0,cluster_12013799525_12013799526_2496228894,0,0,15
2954.0,cluster_12013799527_12013799528_2190601967,0,0,15
2954.0,cluster_12013799529_12013799530_473195061,0,0,15
2955.0,2496228891,3,0,15
2955.0,cluster_12013799525_12013799526_2496228894,0,0,15
2955.0,cluster_12013799527_12013799528_2190601967,0,0,15
2955.0,cluster_12013799529_12013799530_473195061,0,0,15
2956.0,2496228891,3,0,15
2956.0,cluster_12013799525_12013799526_2496228894,0,0,15
2956.0,cluster_12013799527_12013799528_2190601967,0,0,15
2956.0,cluster_12013799529_12013799530_473195061,0,0,15
2957.0,2496228891,2,0,15
2957.0,cluster_12013799525_12013799526_2496228894,0,0,15
2957.0,cluster_12013799527_12013799528_2190601967,0,0,15
2957.0,cluster_12013799529_12013799530_473195061,0,0,15
2958.0,2496228891,2,0,15
2958.0,cluster_12013799525_12013799526_2496228894,0,0,15
2958.0,cluster_12013799527_12013799528_2190601967,0,0,15
2959.0,2496228891,2,0,15
2959.0,cluster_12013799525_12013799526_2496228894,0,0,15
2960.0,2496228891,1,0,15
2960.0,cluster_12013799525_12013799526_2496228894,0,0,15
2961.0,2496228891,1,0,15
2961.0,cluster_12013799529_12013799530_473195061,5,2,21
2962.0,2496228891,0,0,15
2962.0,cluster_12013799527_12013799528_2190601967,4,2,21
2962.0,cluster_12013799529_12013799530_473195061,4,2,21
2963.0,2496228891,0,0,15
2963.0,cluster_12013799527_12013799528_2190601967,2,2,15
2963.0,cluster_12013799529_12013799530_473195061,4,2,21
2964.0,2496228891,0,0,15
2964.0,cluster_12013799525_12013799526_2496228894,6,2,21
2964.0,cluster_12013799527_12013799528_2190601967,2,2,15
2964.0,cluster_12013799529_12013799530_473195061,4,2,21
2965.0,2496228891,0,0,15
2965.0,cluster_12013799525_12013799526_2496228894,4,2,21
2965.0,cluster_12013799527_12013799528_2190601967,2,2,15
2965.0,cluster_12013799529_12013799530_473195061,3,2,15
2966.0,cluster_12013799525_12013799526_2496228894,4,2,21
2966.0,cluster_12013799527_12013799528_2190601967,2,2,15
2966.0,cluster_12013799529_12013799530_473195061,2,2,15
2967.0,cluster_12013799525_12013799526_2496228894,4,2,21
2967.0,cluster_12013799527_12013799528_2190601967,1,2,15
2967.0,cluster_12013799529_12013799530_473195061,3,2,15
2968.0,cluster_12013799525_12013799526_2496228894,4,2,21
2968.0,cluster_12013799527_12013799528_2190601967,1,2,15
2968.0,cluster_12013799529_12013799530_473195061,2,2,15
2969.0,2496228891,0,2,15
2969.0,cluster_12013799525_12013799526_2496228894,3,2,15
2969.0,cluster_12013799527_12013799528_2190601967,1,2,15
2969.0,cluster_12013799529_12013799530_473195061,3,2,15
2970.0,2496228891,0,2,15
2970.0,cluster_12013799525_12013799526_2496228894,3,2,15
2970.0,cluster_12013799527_12013799528_2190601967,1,2,15
2970.0,cluster_12013799529_12013799530_473195061,2,2,15
2971.0,2496228891,0,2,15
2971.0,cluster_12013799525_12013799526_2496228894,2,2,15
2971.0,cluster_12013799527_12013799528_2190601967,1,2,15
2971.0,cluster_12013799529_12013799530_473195061,3,2,15
2972.0,2496228891,0,2,15
2972.0,cluster_12013799525_12013799526_2496228894,2,2,15
2972.0,cluster_12013799527_12013799528_2190601967,2,2,15
2972.0,cluster_12013799529_12013799530_473195061,3,2,15
2973.0,2496228891,0,2,15
2973.0,cluster_12013799525_12013799526_2496228894,2,2,15
2973.0,cluster_12013799527_12013799528_2190601967,2,2,15
2973.0,cluster_12013799529_12013799530_473195061,3,2,15
2974.0,2496228891,0,2,15
2974.0,cluster_12013799525_12013799526_2496228894,1,2,15
2974.0,cluster_12013799527_12013799528_2190601967,2,2,15
2974.0,cluster_12013799529_12013799530_473195061,3,2,15
2975.0,2496228891,0,2,15
2975.0,cluster_12013799525_12013799526_2496228894,1,2,15
2975.0,cluster_12013799527_12013799528_2190601967,2,2,15
2975.0,cluster_12013799529_12013799530_473195061,3,2,15
2976.0,2496228891,0,2,15
2976.0,cluster_12013799525_12013799526_2496228894,0,2,15
2976.0,cluster_12013799527_12013799528_2190601967,2,2,15
2976.0,cluster_12013799529_12013799530_473195061,2,2,15
2977.0,2496228891,0,2,15
2977.0,cluster_12013799525_12013799526_2496228894,0,2,15
2977.0,cluster_12013799527_12013799528_2190601967,2,2,15
2977.0,cluster_12013799529_12013799530_473195061,2,2,15
2978.0,2496228891,0,2,15
2978.0,cluster_12013799525_12013799526_2496228894,0,2,15
2978.0,cluster_12013799527_12013799528_2190601967,3,2,15
2978.0,cluster_12013799529_12013799530_473195061,2,2,15
2979.0,2496228891,0,2,15
2979.0,cluster_12013799525_12013799526_2496228894,0,2,15
2979.0,cluster_12013799527_12013799528_2190601967,3,2,15
2979.0,cluster_12013799529_12013799530_473195061,2,2,15
2980.0,2496228891,0,2,15
2980.0,cluster_12013799525_12013799526_2496228894,0,2,15
2980.0,cluster_12013799527_12013799528_2190601967,3,2,15
2980.0,cluster_12013799529_12013799530_473195061,1,2,15
2981.0,2496228891,0,2,15
2981.0,cluster_12013799525_12013799526_2496228894,0,2,15
2981.0,cluster_12013799527_12013799528_2190601967,2,2,15
2981.0,cluster_12013799529_12013799530_473195061,1,2,15
2982.0,2496228891,0,2,15
2982.0,cluster_12013799525_12013799526_2496228894,0,2,15
2982.0,cluster_12013799527_12013799528_2190601967,2,2,15
2982.0,cluster_12013799529_12013799530_473195061,0,2,15
2983.0,2496228891,0,2,15
2983.0,cluster_12013799525_12013799526_2496228894,0,2,15
2983.0,cluster_12013799527_12013799528_2190601967,2,2,15
2984.0,2496228891,0,2,15
2984.0,cluster_12013799525_12013799526_2496228894,0,2,15
2985.0,cluster_12013799525_12013799526_2496228894,0,2,15
2986.0,cluster_12013799529_12013799530_473195061,0,0,15
2987.0,cluster_12013799527_12013799528_2190601967,0,0,15
2987.0,cluster_12013799529_12013799530_473195061,0,0,15
2988.0,2496228891,4,0,21
2988.0,cluster_12013799527_12013799528_2190601967,0,0,15
2988.0,cluster_12013799529_12013799530_473195061,0,0,15
2989.0,2496228891,2,0,15
2989.0,cluster_12013799525_12013799526_2496228894,0,0,15
2989.0,cluster_12013799527_12013799528_2190601967,0,0,15
2989.0,cluster_12013799529_12013799530_473195061,0,0,15
2990.0,2496228891,3,0,15
2990.0,cluster_12013799525_12013799526_2496228894,0,0,15
2990.0,cluster_12013799527_12013799528_2190601967,0,0,15
2990.0,cluster_12013799529_12013799530_473195061,0,0,15
2991.0,2496228891,3,0,15
2991.0,cluster_12013799525_12013799526_2496228894,0,0,15
2991.0,cluster_12013799527_12013799528_2190601967,0,0,15
2991.0,cluster_12013799529_12013799530_473195061,0,0,15
2992.0,2496228891,1,0,15
2992.0,cluster_12013799525_12013799526_2496228894,0,0,15
2992.0,cluster_12013799527_12013799528_2190601967,0,0,15
2992.0,cluster_12013799529_12013799530_473195061,0,0,15
2993.0,2496228891,1,0,15
2993.0,cluster_12013799525_12013799526_2496228894,0,0,15
2993.0,cluster_12013799527_12013799528_2190601967,0,0,15
2993.0,cluster_12013799529_12013799530_473195061,0,0,15
2994.0,2496228891,1,0,15
2994.0,cluster_12013799525_12013799526_2496228894,0,0,15
2994.0,cluster_12013799527_12013799528_2190601967,0,0,15
2994.0,cluster_12013799529_12013799530_473195061,0,0,15
2995.0,2496228891,1,0,15
2995.0,cluster_12013799525_12013799526_2496228894,0,0,15
2995.0,cluster_12013799527_12013799528_2190601967,0,0,15
2995.0,cluster_12013799529_12013799530_473195061,0,0,15
2996.0,2496228891,1,0,15
2996.0,cluster_12013799525_12013799526_2496228894,0,0,15
2996.0,cluster_12013799527_12013799528_2190601967,0,0,15
2996.0,cluster_12013799529_12013799530_473195061,0,0,15
2997.0,2496228891,0,0,15
2997.0,cluster_12013799525_12013799526_2496228894,0,0,15
2997.0,cluster_12013799527_12013799528_2190601967,0,0,15
2997.0,cluster_12013799529_12013799530_473195061,0,0,15
2998.0,2496228891,0,0,15
2998.0,cluster_12013799525_12013799526_2496228894,0,0,15
2998.0,cluster_12013799527_12013799528_2190601967,0,0,15
2998.0,cluster_12013799529_12013799530_473195061,0,0,15
2999.0,2496228891,0,0,15
2999.0,cluster_12013799525_12013799526_2496228894,0,0,15
2999.0,cluster_12013799527_12013799528_2190601967,0,0,15
2999.0,cluster_12013799529_12013799530_473195061,0,0,15
3000.0,2496228891,0,0,15
3000.0,cluster_12013799525_12013799526_2496228894,0,0,15
3000.0,cluster_12013799527_12013799528_2190601967,0,0,15
3000.0,cluster_12013799529_12013799530_473195061,0,0,15
3001.0,2496228891,0,0,15
3001.0,cluster_12013799525_12013799526_2496228894,0,0,15
3001.0,cluster_12013799527_12013799528_2190601967,0,0,15
3001.0,cluster_12013799529_12013799530_473195061,0,0,15
3002.0,2496228891,0,0,15
3002.0,cluster_12013799525_12013799526_2496228894,0,0,15
3002.0,cluster_12013799527_12013799528_2190601967,0,0,15
3003.0,2496228891,0,0,15
3003.0,cluster_12013799525_12013799526_2496228894,0,0,15
3004.0,2496228891,0,0,15
3004.0,cluster_12013799525_12013799526_2496228894,0,0,15
3005.0,2496228891,0,0,15
3005.0,cluster_12013799529_12013799530_473195061,0,2,15
3006.0,2496228891,0,0,15
3006.0,cluster_12013799527_12013799528_2190601967,0,2,15
3006.0,cluster_12013799529_12013799530_473195061,0,2,15
3007.0,2496228891,0,0,15
3007.0,cluster_12013799527_12013799528_2190601967,0,2,15
3007.0,cluster_12013799529_12013799530_473195061,0,2,15
3008.0,2496228891,0,0,15
3008.0,cluster_12013799525_12013799526_2496228894,2,2,15
3008.0,cluster_12013799527_12013799528_2190601967,0,2,15
3008.0,cluster_12013799529_12013799530_473195061,0,2,15
3009.0,2496228891,0,0,15
3009.0,cluster_12013799525_12013799526_2496228894,0,2,15
3009.0,cluster_12013799527_12013799528_2190601967,0,2,15
3009.0,cluster_12013799529_12013799530_473195061,0,2,15
3010.0,cluster_12013799525_12013799526_2496228894,0,2,15
3010.0,cluster_12013799527_12013799528_2190601967,0,2,15
3010.0,cluster_12013799529_12013799530_473195061,1,2,15
3011.0,cluster_12013799525_12013799526_2496228894,0,2,15
3011.0,cluster_12013799527_12013799528_2190601967,0,2,15
3011.0,cluster_12013799529_12013799530_473195061,1,2,15
3012.0,cluster_12013799525_12013799526_2496228894,0,2,15
3012.0,cluster_12013799527_12013799528_2190601967,0,2,15
3012.0,cluster_12013799529_12013799530_473195061,1,2,15
3013.0,2496228891,0,2,15
3013.0,cluster_12013799525_12013799526_2496228894,0,2,15
3013.0,cluster_12013799527_12013799528_2190601967,0,2,15
3013.0,cluster_12013799529_12013799530_473195061,1,2,15
3014.0,2496228891,0,2,15
3014.0,cluster_12013799525_12013799526_2496228894,0,2,15
3014.0,cluster_12013799527_12013799528_2190601967,0,2,15
3014.0,cluster_12013799529_12013799530_473195061,1,2,15
3015.0,2496228891,0,2,15
3015.0,cluster_12013799525_12013799526_2496228894,0,2,15
3015.0,cluster_12013799527_12013799528_2190601967,0,2,15
3015.0,cluster_12013799529_12013799530_473195061,1,2,15
3016.0,2496228891,0,2,15
3016.0,cluster_12013799525_12013799526_2496228894,0,2,15
3016.0,cluster_12013799527_12013799528_2190601967,0,2,15
3016.0,cluster_12013799529_12013799530_473195061,1,2,15
3017.0,2496228891,0,2,15
3017.0,cluster_12013799525_12013799526_2496228894,0,2,15
3017.0,cluster_12013799527_12013799528_2190601967,0,2,15
3017.0,cluster_12013799529_12013799530_473195061,1,2,15
3018.0,2496228891,0,2,15
3018.0,cluster_12013799525_12013799526_2496228894,0,2,15
3018.0,cluster_12013799527_12013799528_2190601967,0,2,15
3018.0,cluster_12013799529_12013799530_473195061,1,2,15
3019.0,2496228891,0,2,15
3019.0,cluster_12013799525_12013799526_2496228894,0,2,15
3019.0,cluster_12013799527_12013799528_2190601967,0,2,15
3019.0,cluster_12013799529_12013799530_473195061,1,2,15
3020.0,2496228891,0,2,15
3020.0,cluster_12013799525_12013799526_2496228894,0,2,15
3020.0,cluster_12013799527_12013799528_2190601967,0,2,15
3020.0,cluster_12013799529_12013799530_473195061,1,2,15
3021.0,2496228891,0,2,15
3021.0,cluster_12013799525_12013799526_2496228894,0,2,15
3021.0,cluster_12013799527_12013799528_2190601967,0,2,15
3022.0,2496228891,0,2,15
3022.0,cluster_12013799525_12013799526_2496228894,0,2,15
3023.0,2496228891,0,2,15
3023.0,cluster_12013799525_12013799526_2496228894,0,2,15
3024.0,2496228891,0,2,15
3024.0,cluster_12013799529_12013799530_473195061,0,0,15
3025.0,2496228891,0,2,15
3025.0,cluster_12013799527_12013799528_2190601967,0,0,15
3025.0,cluster_12013799529_12013799530_473195061,0,0,15
3026.0,2496228891,0,2,15
3026.0,cluster_12013799527_12013799528_2190601967,0,0,15
3026.0,cluster_12013799529_12013799530_473195061,0,0,15
3027.0,2496228891,0,2,15
3027.0,cluster_12013799525_12013799526_2496228894,0,0,15
3027.0,cluster_12013799527_12013799528_2190601967,0,0,15
3027.0,cluster_12013799529_12013799530_473195061,0,0,15
3028.0,2496228891,0,2,15
3028.0,cluster_12013799525_12013799526_2496228894,0,0,15
3028.0,cluster_12013799527_12013799528_2190601967,0,0,15
3028.0,cluster_12013799529_12013799530_473195061,0,0,15
3029.0,cluster_12013799525_12013799526_2496228894,0,0,15
3029.0,cluster_12013799527_12013799528_2190601967,0,0,15
3029.0,cluster_12013799529_12013799530_473195061,0,0,15
3030.0,cluster_12013799525_12013799526_2496228894,0,0,15
3030.0,cluster_12013799527_12013799528_2190601967,0,0,15
3030.0,cluster_12013799529_12013799530_473195061,0,0,15
3031.0,cluster_12013799525_12013799526_2496228894,0,0,15
3031.0,cluster_12013799527_12013799528_2190601967,0,0,15
3031.0,cluster_12013799529_12013799530_473195061,0,0,15
3032.0,2496228891,0,0,15
3032.0,cluster_12013799525_12013799526_2496228894,0,0,15
3032.0,cluster_12013799527_12013799528_2190601967,0,0,15
3032.0,cluster_12013799529_12013799530_473195061,0,0,15
3033.0,2496228891,0,0,15
3033.0,cluster_12013799525_12013799526_2496228894,0,0,15
3033.0,cluster_12013799527_12013799528_2190601967,0,0,15
3033.0,cluster_12013799529_12013799530_473195061,0,0,15
3034.0,2496228891,0,0,15
3034.0,cluster_12013799525_12013799526_2496228894,0,0,15
3034.0,cluster_12013799527_12013799528_2190601967,0,0,15
3034.0,cluster_12013799529_12013799530_473195061,0,0,15
3035.0,2496228891,0,0,15
3035.0,cluster_12013799525_12013799526_2496228894,0,0,15
3035.0,cluster_12013799527_12013799528_2190601967,0,0,15
3035.0,cluster_12013799529_12013799530_473195061,0,0,15
3036.0,2496228891,0,0,15
3036.0,cluster_12013799525_12013799526_2496228894,0,0,15
3036.0,cluster_12013799527_12013799528_2190601967,0,0,15
3036.0,cluster_12013799529_12013799530_473195061,0,0,15
3037.0,2496228891,0,0,15
3037.0,cluster_12013799525_12013799526_2496228894,0,0,15
3037.0,cluster_12013799527_12013799528_2190601967,0,0,15
3037.0,cluster_12013799529_12013799530_473195061,0,0,15
3038.0,2496228891,0,0,15
3038.0,cluster_12013799525_12013799526_2496228894,0,0,15
3038.0,cluster_12013799527_12013799528_2190601967,0,0,15
3038.0,cluster_12013799529_12013799530_473195061,0,0,15
3039.0,2496228891,0,0,15
3039.0,cluster_12013799525_12013799526_2496228894,0,0,15
3039.0,cluster_12013799527_12013799528_2190601967,0,0,15
3039.0,cluster_12013799529_12013799530_473195061,0,0,15
3040.0,2496228891,0,0,15
3040.0,cluster_12013799525_12013799526_2496228894,0,0,15
3040.0,cluster_12013799527_12013799528_2190601967,0,0,15
3041.0,2496228891,0,0,15
3041.0,cluster_12013799525_12013799526_2496228894,0,0,15
3042.0,2496228891,0,0,15
3042.0,cluster_12013799525_12013799526_2496228894,0,0,15
3043.0,2496228891,0,0,15
3043.0,cluster_12013799529_12013799530_473195061,1,2,15
3044.0,2496228891,0,0,15
3044.0,cluster_12013799527_12013799528_2190601967,0,2,15
3044.0,cluster_12013799529_12013799530_473195061,0,2,15
3045.0,2496228891,0,0,15
3045.0,cluster_12013799527_12013799528_2190601967,0,2,15
3045.0,cluster_12013799529_12013799530_473195061,0,2,15
3046.0,2496228891,0,0,15
3046.0,cluster_12013799525_12013799526_2496228894,0,2,15
3046.0,cluster_12013799527_12013799528_2190601967,0,2,15
3046.0,cluster_12013799529_12013799530_473195061,0,2,15
3047.0,2496228891,0,0,15
3047.0,cluster_12013799525_12013799526_2496228894,0,2,15
3047.0,cluster_12013799527_12013799528_2190601967,0,2,15
3047.0,cluster_12013799529_12013799530_473195061,0,2,15
3048.0,cluster_12013799525_12013799526_2496228894,1,2,15
3048.0,cluster_12013799527_12013799528_2190601967,1,2,15
3048.0,cluster_12013799529_12013799530_473195061,1,2,15
3049.0,cluster_12013799525_12013799526_2496228894,1,2,15
3049.0,cluster_12013799527_12013799528_2190601967,1,2,15
3049.0,cluster_12013799529_12013799530_473195061,1,2,15
3050.0,cluster_12013799525_12013799526_2496228894,1,2,15
3050.0,cluster_12013799527_12013799528_2190601967,1,2,15
3050.0,cluster_12013799529_12013799530_473195061,1,2,15
3051.0,2496228891,1,2,15
3051.0,cluster_12013799525_12013799526_2496228894,1,2,15
3051.0,cluster_12013799527_12013799528_2190601967,1,2,15
3051.0,cluster_12013799529_12013799530_473195061,1,2,15
3052.0,2496228891,2,2,15
3052.0,cluster_12013799525_12013799526_2496228894,2,2,15
3052.0,cluster_12013799527_12013799528_2190601967,2,2,15
3052.0,cluster_12013799529_12013799530_473195061,2,2,15
3053.0,2496228891,2,2,15
3053.0,cluster_12013799525_12013799526_2496228894,2,2,15
3053.0,cluster_12013799527_12013799528_2190601967,2,2,15
3053.0,cluster_12013799529_12013799530_473195061,2,2,15
3054.0,2496228891,2,2,15
3054.0,cluster_12013799525_12013799526_2496228894,2,2,15
3054.0,cluster_12013799527_12013799528_2190601967,2,2,15
3054.0,cluster_12013799529_12013799530_473195061,2,2,15
3055.0,2496228891,2,2,15
3055.0,cluster_12013799525_12013799526_2496228894,2,2,15
3055.0,cluster_12013799527_12013799528_2190601967,2,2,15
3055.0,cluster_12013799529_12013799530_473195061,2,2,15
3056.0,2496228891,2,2,15
3056.0,cluster_12013799525_12013799526_2496228894,2,2,15
3056.0,cluster_12013799527_12013799528_2190601967,3,2,15
3056.0,cluster_12013799529_12013799530_473195061,3,2,15
3057.0,2496228891,3,2,15
3057.0,cluster_12013799525_12013799526_2496228894,3,2,15
3057.0,cluster_12013799527_12013799528_2190601967,3,2,15
3057.0,cluster_12013799529_12013799530_473195061,3,2,15
3058.0,2496228891,3,2,15
3058.0,cluster_12013799525_12013799526_2496228894,3,2,15
3058.0,cluster_12013799527_12013799528_2190601967,3,2,15
3058.0,cluster_12013799529_12013799530_473195061,3,2,15
3059.0,2496228891,3,2,15
3059.0,cluster_12013799525_12013799526_2496228894,3,2,15
3059.0,cluster_12013799527_12013799528_2190601967,3,2,15
3060.0,2496228891,2,2,15
3060.0,cluster_12013799525_12013799526_2496228894,2,2,15
3061.0,2496228891,3,2,15
3061.0,cluster_12013799525_12013799526_2496228894,3,2,15
3062.0,2496228891,3,2,15
3062.0,cluster_12013799529_12013799530_473195061,4,0,21
3063.0,2496228891,3,2,15
3063.0,cluster_12013799527_12013799528_2190601967,4,0,21
3063.0,cluster_12013799529_12013799530_473195061,4,0,21
3064.0,2496228891,2,2,15
3064.0,cluster_12013799527_12013799528_2190601967,5,0,23
3064.0,cluster_12013799529_12013799530_473195061,5,0,23
3065.0,2496228891,3,2,15
3065.0,cluster_12013799525_12013799526_2496228894,4,0,21
3065.0,cluster_12013799527_12013799528_2190601967,5,0,21
3065.0,cluster_12013799529_12013799530_473195061,4,0,21
3066.0,2496228891,2,2,15
3066.0,cluster_12013799525_12013799526_2496228894,3,0,15
3066.0,cluster_12013799527_12013799528_2190601967,4,0,21
3066.0,cluster_12013799529_12013799530_473195061,4,0,21
3067.0,cluster_12013799525_12013799526_2496228894,3,0,15
3067.0,cluster_12013799527_12013799528_2190601967,4,0,21
3067.0,cluster_12013799529_12013799530_473195061,4,0,21
3068.0,cluster_12013799525_12013799526_2496228894,3,0,15
3068.0,cluster_12013799527_12013799528_2190601967,5,0,23
3068.0,cluster_12013799529_12013799530_473195061,4,0,21
3069.0,cluster_12013799525_12013799526_2496228894,2,0,15
3069.0,cluster_12013799527_12013799528_2190601967,5,0,21
3069.0,cluster_12013799529_12013799530_473195061,3,0,15
3070.0,2496228891,5,0,21
3070.0,cluster_12013799525_12013799526_2496228894,2,0,15
3070.0,cluster_12013799527_12013799528_2190601967,4,0,21
3070.0,cluster_12013799529_12013799530_473195061,3,0,15
3071.0,2496228891,5,0,21
3071.0,cluster_12013799525_12013799526_2496228894,2,0,15
3071.0,cluster_12013799527_12013799528_2190601967,4,0,21
3071.0,cluster_12013799529_12013799530_473195061,3,0,15
3072.0,2496228891,5,0,21
3072.0,cluster_12013799525_12013799526_2496228894,1,0,15
3072.0,cluster_12013799527_12013799528_2190601967,5,0,23
3072.0,cluster_12013799529_12013799530_473195061,3,0,15
3073.0,2496228891,5,0,23
3073.0,cluster_12013799525_12013799526_2496228894,1,0,15
3073.0,cluster_12013799527_12013799528_2190601967,4,0,21
3073.0,cluster_12013799529_12013799530_473195061,2,0,15
3074.0,2496228891,5,0,21
3074.0,cluster_12013799525_12013799526_2496228894,1,0,15
3074.0,cluster_12013799527_12013799528_2190601967,4,0,21
3074.0,cluster_12013799529_12013799530_473195061,2,0,15
3075.0,2496228891,3,0,15
3075.0,cluster_12013799525_12013799526_2496228894,0,0,15
3075.0,cluster_12013799527_12013799528_2190601967,4,0,21
3075.0,cluster_12013799529_12013799530_473195061,2,0,15
3076.0,2496228891,2,0,15
3076.0,cluster_12013799525_12013799526_2496228894,0,0,15
3076.0,cluster_12013799527_12013799528_2190601967,4,0,21
3076.0,cluster_12013799529_12013799530_473195061,1,0,15
3077.0,2496228891,3,0,15
3077.0,cluster_12013799525_12013799526_2496228894,0,0,15
3077.0,cluster_12013799527_12013799528_2190601967,4,0,21
3077.0,cluster_12013799529_12013799530_473195061,1,0,15
3078.0,2496228891,2,0,15
3078.0,cluster_12013799525_12013799526_2496228894,0,0,15
3078.0,cluster_12013799527_12013799528_2190601967,4,0,21
3078.0,cluster_12013799529_12013799530_473195061,1,0,15
3079.0,2496228891,2,0,15
3079.0,cluster_12013799525_12013799526_2496228894,0,0,15
3079.0,cluster_12013799527_12013799528_2190601967,3,0,15
3079.0,cluster_12013799529_12013799530_473195061,1,0,15
3080.0,2496228891,2,0,15
3080.0,cluster_12013799525_12013799526_2496228894,0,0,15
3080.0,cluster_12013799527_12013799528_2190601967,3,0,15
3080.0,cluster_12013799529_12013799530_473195061,1,0,15
3081.0,2496228891,3,0,15
3081.0,cluster_12013799525_12013799526_2496228894,0,0,15
3081.0,cluster_12013799527_12013799528_2190601967,3,0,15
3081.0,cluster_12013799529_12013799530_473195061,1,0,15
3082.0,2496228891,1,0,15
3082.0,cluster_12013799525_12013799526_2496228894,0,0,15
3082.0,cluster_12013799527_12013799528_2190601967,3,0,15
3082.0,cluster_12013799529_12013799530_473195061,0,0,15
3083.0,2496228891,2,0,15
3083.0,cluster_12013799525_12013799526_2496228894,0,0,15
3083.0,cluster_12013799527_12013799528_2190601967,2,0,15
3083.0,cluster_12013799529_12013799530_473195061,0,0,15
3084.0,2496228891,2,0,15
3084.0,cluster_12013799525_12013799526_2496228894,0,0,15
3084.0,cluster_12013799527_12013799528_2190601967,2,0,15
3085.0,2496228891,2,0,15
3085.0,cluster_12013799525_12013799526_2496228894,0,0,15
3086.0,2496228891,1,0,15
3086.0,cluster_12013799525_12013799526_2496228894,0,0,15
3087.0,2496228891,1,0,15
3087.0,cluster_12013799529_12013799530_473195061,5,2,21
3088.0,2496228891,1,0,15
3088.0,cluster_12013799527_12013799528_2190601967,3,2,15
3088.0,cluster_12013799529_12013799530_473195061,4,2,21
3089.0,2496228891,0,0,15
3089.0,cluster_12013799527_12013799528_2190601967,2,2,15
3089.0,cluster_12013799529_12013799530_473195061,4,2,21
3090.0,2496228891,1,0,15
3090.0,cluster_12013799525_12013799526_2496228894,5,2,21
3090.0,cluster_12013799527_12013799528_2190601967,2,2,15
3090.0,cluster_12013799529_12013799530_473195061,4,2,21
3091.0,2496228891,1,0,15
3091.0,cluster_12013799525_12013799526_2496228894,4,2,21
3091.0,cluster_12013799527_12013799528_2190601967,2,2,15
3091.0,cluster_12013799529_12013799530_473195061,4,2,21
3092.0,cluster_12013799525_12013799526_2496228894,4,2,21
3092.0,cluster_12013799527_12013799528_2190601967,1,2,15
3092.0,cluster_12013799529_12013799530_473195061,4,2,21
3093.0,cluster_12013799525_12013799526_2496228894,4,2,21
3093.0,cluster_12013799527_12013799528_2190601967,1,2,15
3093.0,cluster_12013799529_12013799530_473195061,4,2,21
3094.0,cluster_12013799525_12013799526_2496228894,4,2,21
3094.0,cluster_12013799527_12013799528_2190601967,1,2,15
3094.0,cluster_12013799529_12013799530_473195061,4,2,21
3095.0,2496228891,1,2,15
3095.0,cluster_12013799525_12013799526_2496228894,3,2,15
3095.0,cluster_12013799527_12013799528_2190601967,1,2,15
3095.0,cluster_12013799529_12013799530_473195061,5,2,23
3096.0,2496228891,1,2,15
3096.0,cluster_12013799525_12013799526_2496228894,3,2,15
3096.0,cluster_12013799527_12013799528_2190601967,0,2,15
3096.0,cluster_12013799529_12013799530_473195061,5,2,21
3097.0,2496228891,1,2,15
3097.0,cluster_12013799525_12013799526_2496228894,3,2,15
3097.0,cluster_12013799527_12013799528_2190601967,0,2,15
3097.0,cluster_12013799529_12013799530_473195061,3,2,15
3098.0,2496228891,1,2,15
3098.0,cluster_12013799525_12013799526_2496228894,2,2,15
3098.0,cluster_12013799527_12013799528_2190601967,0,2,15
3098.0,cluster_12013799529_12013799530_473195061,4,2,23
3099.0,2496228891,0,2,15
3099.0,cluster_12013799525_12013799526_2496228894,2,2,15
3099.0,cluster_12013799527_12013799528_2190601967,0,2,15
3099.0,cluster_12013799529_12013799530_473195061,4,2,21
3100.0,2496228891,0,2,15
3100.0,cluster_12013799525_12013799526_2496228894,1,2,15
3100.0,cluster_12013799527_12013799528_2190601967,0,2,15
3100.0,cluster_12013799529_12013799530_473195061,4,2,21
3101.0,2496228891,0,2,15
3101.0,cluster_12013799525_12013799526_2496228894,1,2,15
3101.0,cluster_12013799527_12013799528_2190601967,0,2,15
3101.0,cluster_12013799529_12013799530_473195061,4,2,21
3102.0,2496228891,0,2,15
3102.0,cluster_12013799525_12013799526_2496228894,2,2,15
3102.0,cluster_12013799527_12013799528_2190601967,0,2,15
3102.0,cluster_12013799529_12013799530_473195061,4,2,21
3103.0,2496228891,0,2,15
3103.0,cluster_12013799525_12013799526_2496228894,2,2,15
3103.0,cluster_12013799527_12013799528_2190601967,0,2,15
3103.0,cluster_12013799529_12013799530_473195061,3,2,15
3104.0,2496228891,0,2,15
3104.0,cluster_12013799525_12013799526_2496228894,2,2,15
3104.0,cluster_12013799529_12013799530_473195061,3,2,15
3105.0,2496228891,0,2,15
3105.0,cluster_12013799525_12013799526_2496228894,2,2,15
3105.0,cluster_12013799529_12013799530_473195061,2,2,15
3106.0,2496228891,0,2,15
3106.0,cluster_12013799525_12013799526_2496228894,2,2,15
3106.0,cluster_12013799529_12013799530_473195061,2,2,15
3107.0,2496228891,0,2,15
3107.0,cluster_12013799525_12013799526_2496228894,2,2,15
3107.0,cluster_12013799527_12013799528_2190601967,0,0,15
3107.0,cluster_12013799529_12013799530_473195061,0,2,15
3108.0,2496228891,0,2,15
3108.0,cluster_12013799525_12013799526_2496228894,2,2,15
3108.0,cluster_12013799527_12013799528_2190601967,0,0,15
3108.0,cluster_12013799529_12013799530_473195061,0,2,15
3109.0,2496228891,0,2,15
3109.0,cluster_12013799525_12013799526_2496228894,2,2,15
3109.0,cluster_12013799527_12013799528_2190601967,0,0,15
3110.0,2496228891,0,2,15
3110.0,cluster_12013799525_12013799526_2496228894,1,2,15
3110.0,cluster_12013799527_12013799528_2190601967,0,0,15
3111.0,cluster_12013799525_12013799526_2496228894,1,2,15
3111.0,cluster_12013799527_12013799528_2190601967,0,0,15
3112.0,cluster_12013799527_12013799528_2190601967,0,0,15
3112.0,cluster_12013799529_12013799530_473195061,0,0,15
3113.0,cluster_12013799527_12013799528_2190601967,0,0,15
3113.0,cluster_12013799529_12013799530_473195061,0,0,15
3114.0,2496228891,6,0,21
3114.0,cluster_12013799527_12013799528_2190601967,0,0,15
3114.0,cluster_12013799529_12013799530_473195061,0,0,15
3115.0,2496228891,4,0,21
3115.0,cluster_12013799525_12013799526_2496228894,0,0,15
3115.0,cluster_12013799527_12013799528_2190601967,0,0,15
3115.0,cluster_12013799529_12013799530_473195061,0,0,15
3116.0,2496228891,4,0,23
3116.0,cluster_12013799525_12013799526_2496228894,0,0,15
3116.0,cluster_12013799527_12013799528_2190601967,0,0,15
3116.0,cluster_12013799529_12013799530_473195061,0,0,15
3117.0,2496228891,4,0,23
3117.0,cluster_12013799525_12013799526_2496228894,0,0,15
3117.0,cluster_12013799527_12013799528_2190601967,0,0,15
3117.0,cluster_12013799529_12013799530_473195061,0,0,15
3118.0,2496228891,4,0,21
3118.0,cluster_12013799525_12013799526_2496228894,0,0,15
3118.0,cluster_12013799527_12013799528_2190601967,0,0,15
3118.0,cluster_12013799529_12013799530_473195061,0,0,15
3119.0,2496228891,2,0,15
3119.0,cluster_12013799525_12013799526_2496228894,0,0,15
3119.0,cluster_12013799527_12013799528_2190601967,0,0,15
3119.0,cluster_12013799529_12013799530_473195061,0,0,15
3120.0,2496228891,2,0,15
3120.0,cluster_12013799525_12013799526_2496228894,0,0,15
3120.0,cluster_12013799527_12013799528_2190601967,0,0,15
3120.0,cluster_12013799529_12013799530_473195061,0,0,15
3121.0,2496228891,1,0,15
3121.0,cluster_12013799525_12013799526_2496228894,0,0,15
3121.0,cluster_12013799527_12013799528_2190601967,0,0,15
3121.0,cluster_12013799529_12013799530_473195061,0,0,15
3122.0,2496228891,1,0,15
3122.0,cluster_12013799525_12013799526_2496228894,0,0,15
3122.0,cluster_12013799527_12013799528_2190601967,0,0,15
3122.0,cluster_12013799529_12013799530_473195061,0,0,15
3123.0,2496228891,1,0,15
3123.0,cluster_12013799525_12013799526_2496228894,0,0,15
3123.0,cluster_12013799529_12013799530_473195061,0,0,15
3124.0,2496228891,0,0,15
3124.0,cluster_12013799525_12013799526_2496228894,0,0,15
3124.0,cluster_12013799529_12013799530_473195061,0,0,15
3125.0,2496228891,0,0,15
3125.0,cluster_12013799525_12013799526_2496228894,0,0,15
3125.0,cluster_12013799529_12013799530_473195061,0,0,15
3126.0,2496228891,0,0,15
3126.0,cluster_12013799525_12013799526_2496228894,0,0,15
3126.0,cluster_12013799527_12013799528_2190601967,0,2,15
3126.0,cluster_12013799529_12013799530_473195061,0,0,15
3127.0,2496228891,0,0,15
3127.0,cluster_12013799525_12013799526_2496228894,0,0,15
3127.0,cluster_12013799527_12013799528_2190601967,0,2,15
3127.0,cluster_12013799529_12013799530_473195061,0,0,15
3128.0,2496228891,0,0,15
3128.0,cluster_12013799525_12013799526_2496228894,0,0,15
3128.0,cluster_12013799527_12013799528_2190601967,0,2,15
3129.0,2496228891,0,0,15
3129.0,cluster_12013799525_12013799526_2496228894,0,0,15
3129.0,cluster_12013799527_12013799528_2190601967,0,2,15
3130.0,2496228891,0,0,15
3130.0,cluster_12013799525_12013799526_2496228894,0,0,15
3130.0,cluster_12013799527_12013799528_2190601967,0,2,15
3131.0,2496228891,0,0,15
3131.0,cluster_12013799527_12013799528_2190601967,0,2,15
3131.0,cluster_12013799529_12013799530_473195061,1,2,15
3132.0,2496228891,0,0,15
3132.0,cluster_12013799527_12013799528_2190601967,0,2,15
3132.0,cluster_12013799529_12013799530_473195061,1,2,15
3133.0,2496228891,0,0,15
3133.0,cluster_12013799527_12013799528_2190601967,0,2,15
3133.0,cluster_12013799529_12013799530_473195061,1,2,15
3134.0,2496228891,0,0,15
3134.0,cluster_12013799525_12013799526_2496228894,3,2,15
3134.0,cluster_12013799527_12013799528_2190601967,0,2,15
3134.0,cluster_12013799529_12013799530_473195061,1,2,15
3135.0,2496228891,0,0,15
3135.0,cluster_12013799525_12013799526_2496228894,2,2,15
3135.0,cluster_12013799527_12013799528_2190601967,0,2,15
3135.0,cluster_12013799529_12013799530_473195061,1,2,15
3136.0,cluster_12013799525_12013799526_2496228894,2,2,15
3136.0,cluster_12013799527_12013799528_2190601967,0,2,15
3136.0,cluster_12013799529_12013799530_473195061,1,2,15
3137.0,cluster_12013799525_12013799526_2496228894,2,2,15
3137.0,cluster_12013799527_12013799528_2190601967,0,2,15
3137.0,cluster_12013799529_12013799530_473195061,1,2,15
3138.0,cluster_12013799525_12013799526_2496228894,1,2,15
3138.0,cluster_12013799527_12013799528_2190601967,0,2,15
3138.0,cluster_12013799529_12013799530_473195061,0,2,15
3139.0,2496228891,0,2,15
3139.0,cluster_12013799525_12013799526_2496228894,0,2,15
3139.0,cluster_12013799527_12013799528_2190601967,1,2,15
3139.0,cluster_12013799529_12013799530_473195061,0,2,15
3140.0,2496228891,0,2,15
3140.0,cluster_12013799525_12013799526_2496228894,0,2,15
3140.0,cluster_12013799527_12013799528_2190601967,1,2,15
3140.0,cluster_12013799529_12013799530_473195061,0,2,15
3141.0,2496228891,0,2,15
3141.0,cluster_12013799525_12013799526_2496228894,0,2,15
3141.0,cluster_12013799527_12013799528_2190601967,1,2,15
3141.0,cluster_12013799529_12013799530_473195061,0,2,15
3142.0,2496228891,0,2,15
3142.0,cluster_12013799525_12013799526_2496228894,0,2,15
3142.0,cluster_12013799529_12013799530_473195061,0,2,15
3143.0,2496228891,0,2,15
3143.0,cluster_12013799525_12013799526_2496228894,0,2,15
3143.0,cluster_12013799529_12013799530_473195061,0,2,15
3144.0,2496228891,0,2,15
3144.0,cluster_12013799525_12013799526_2496228894,0,2,15
3144.0,cluster_12013799529_12013799530_473195061,0,2,15
3145.0,2496228891,0,2,15
3145.0,cluster_12013799525_12013799526_2496228894,0,2,15
3145.0,cluster_12013799527_12013799528_2190601967,0,0,15
3145.0,cluster_12013799529_12013799530_473195061,0,2,15
3146.0,2496228891,0,2,15
3146.0,cluster_12013799525_12013799526_2496228894,0,2,15
3146.0,cluster_12013799527_12013799528_2190601967,0,0,15
3146.0,cluster_12013799529_12013799530_473195061,0,2,15
3147.0,2496228891,0,2,15
3147.0,cluster_12013799525_12013799526_2496228894,0,2,15
3147.0,cluster_12013799527_12013799528_2190601967,0,0,15
3148.0,2496228891,0,2,15
3148.0,cluster_12013799525_12013799526_2496228894,0,2,15
3148.0,cluster_12013799527_12013799528_2190601967,0,0,15
3149.0,2496228891,0,2,15
3149.0,cluster_12013799525_12013799526_2496228894,0,2,15
3149.0,cluster_12013799527_12013799528_2190601967,0,0,15
3150.0,2496228891,0,2,15
3150.0,cluster_12013799527_12013799528_2190601967,0,0,15
3150.0,cluster_12013799529_12013799530_473195061,0,0,15
3151.0,2496228891,0,2,15
3151.0,cluster_12013799527_12013799528_2190601967,0,0,15
3151.0,cluster_12013799529_12013799530_473195061,0,0,15
3152.0,2496228891,0,2,15
3152.0,cluster_12013799527_12013799528_2190601967,0,0,15
3152.0,cluster_12013799529_12013799530_473195061,0,0,15
3153.0,2496228891,0,2,15
3153.0,cluster_12013799525_12013799526_2496228894,0,0,15
3153.0,cluster_12013799527_12013799528_2190601967,0,0,15
3153.0,cluster_12013799529_12013799530_473195061,0,0,15
3154.0,2496228891,0,2,15
3154.0,cluster_12013799525_12013799526_2496228894,0,0,15
3154.0,cluster_12013799527_12013799528_2190601967,0,0,15
3154.0,cluster_12013799529_12013799530_473195061,0,0,15
3155.0,cluster_12013799525_12013799526_2496228894,0,0,15
3155.0,cluster_12013799527_12013799528_2190601967,0,0,15
3155.0,cluster_12013799529_12013799530_473195061,0,0,15
3156.0,cluster_12013799525_12013799526_2496228894,0,0,15
3156.0,cluster_12013799527_12013799528_2190601967,0,0,15
3156.0,cluster_12013799529_12013799530_473195061,0,0,15
3157.0,cluster_12013799525_12013799526_2496228894,0,0,15
3157.0,cluster_12013799527_12013799528_2190601967,0,0,15
3157.0,cluster_12013799529_12013799530_473195061,0,0,15
3158.0,2496228891,0,0,15
3158.0,cluster_12013799525_12013799526_2496228894,0,0,15
3158.0,cluster_12013799527_12013799528_2190601967,0,0,15
3158.0,cluster_12013799529_12013799530_473195061,0,0,15
3159.0,2496228891,0,0,15
3159.0,cluster_12013799525_12013799526_2496228894,0,0,15
3159.0,cluster_12013799527_12013799528_2190601967,0,0,15
3159.0,cluster_12013799529_12013799530_473195061,0,0,15
3160.0,2496228891,0,0,15
3160.0,cluster_12013799525_12013799526_2496228894,0,0,15
3160.0,cluster_12013799527_12013799528_2190601967,0,0,15
3160.0,cluster_12013799529_12013799530_473195061,0,0,15
3161.0,2496228891,0,0,15
3161.0,cluster_12013799525_12013799526_2496228894,0,0,15
3161.0,cluster_12013799529_12013799530_473195061,0,0,15
3162.0,2496228891,0,0,15
3162.0,cluster_12013799525_12013799526_2496228894,0,0,15
3162.0,cluster_12013799529_12013799530_473195061,0,0,15
3163.0,2496228891,0,0,15
3163.0,cluster_12013799525_12013799526_2496228894,0,0,15
3163.0,cluster_12013799529_12013799530_473195061,0,0,15
3164.0,2496228891,0,0,15
3164.0,cluster_12013799525_12013799526_2496228894,0,0,15
3164.0,cluster_12013799527_12013799528_2190601967,0,2,15
3164.0,cluster_12013799529_12013799530_473195061,0,0,15
3165.0,2496228891,0,0,15
3165.0,cluster_12013799525_12013799526_2496228894,0,0,15
3165.0,cluster_12013799527_12013799528_2190601967,0,2,15
3165.0,cluster_12013799529_12013799530_473195061,0,0,15
3166.0,2496228891,0,0,15
3166.0,cluster_12013799525_12013799526_2496228894,0,0,15
3166.0,cluster_12013799527_12013799528_2190601967,0,2,15
3167.0,2496228891,0,0,15
3167.0,cluster_12013799525_12013799526_2496228894,0,0,15
3167.0,cluster_12013799527_12013799528_2190601967,0,2,15
3168.0,2496228891,0,0,15
3168.0,cluster_12013799525_12013799526_2496228894,0,0,15
3168.0,cluster_12013799527_12013799528_2190601967,0,2,15
3169.0,2496228891,0,0,15
3169.0,cluster_12013799527_12013799528_2190601967,0,2,15
3169.0,cluster_12013799529_12013799530_473195061,0,2,15
3170.0,2496228891,0,0,15
3170.0,cluster_12013799527_12013799528_2190601967,0,2,15
3170.0,cluster_12013799529_12013799530_473195061,0,2,15
3171.0,2496228891,0,0,15
3171.0,cluster_12013799527_12013799528_2190601967,0,2,15
3171.0,cluster_12013799529_12013799530_473195061,0,2,15
3172.0,2496228891,0,0,15
3172.0,cluster_12013799525_12013799526_2496228894,0,2,15
3172.0,cluster_12013799527_12013799528_2190601967,0,2,15
3172.0,cluster_12013799529_12013799530_473195061,0,2,15
3173.0,2496228891,0,0,15
3173.0,cluster_12013799525_12013799526_2496228894,0,2,15
3173.0,cluster_12013799527_12013799528_2190601967,0,2,15
3173.0,cluster_12013799529_12013799530_473195061,0,2,15
3174.0,cluster_12013799525_12013799526_2496228894,0,2,15
3174.0,cluster_12013799527_12013799528_2190601967,0,2,15
3174.0,cluster_12013799529_12013799530_473195061,0,2,15
3175.0,cluster_12013799525_12013799526_2496228894,0,2,15
3175.0,cluster_12013799527_12013799528_2190601967,0,2,15
3175.0,cluster_12013799529_12013799530_473195061,0,2,15
3176.0,cluster_12013799525_12013799526_2496228894,0,2,15
3176.0,cluster_12013799527_12013799528_2190601967,0,2,15
3176.0,cluster_12013799529_12013799530_473195061,0,2,15
3177.0,2496228891,0,2,15
3177.0,cluster_12013799525_12013799526_2496228894,0,2,15
3177.0,cluster_12013799527_12013799528_2190601967,0,2,15
3177.0,cluster_12013799529_12013799530_473195061,0,2,15
3178.0,2496228891,0,2,15
3178.0,cluster_12013799525_12013799526_2496228894,0,2,15
3178.0,cluster_12013799527_12013799528_2190601967,0,2,15
3178.0,cluster_12013799529_12013799530_473195061,0,2,15
3179.0,2496228891,0,2,15
3179.0,cluster_12013799525_12013799526_2496228894,0,2,15
3179.0,cluster_12013799527_12013799528_2190601967,0,2,15
3179.0,cluster_12013799529_12013799530_473195061,0,2,15
3180.0,2496228891,0,2,15
3180.0,cluster_12013799525_12013799526_2496228894,0,2,15
3180.0,cluster_12013799529_12013799530_473195061,0,2,15
3181.0,2496228891,0,2,15
3181.0,cluster_12013799525_12013799526_2496228894,0,2,15
3181.0,cluster_12013799529_12013799530_473195061,0,2,15
3182.0,2496228891,0,2,15
3182.0,cluster_12013799525_12013799526_2496228894,0,2,15
3182.0,cluster_12013799529_12013799530_473195061,0,2,15
3183.0,2496228891,0,2,15
3183.0,cluster_12013799525_12013799526_2496228894,0,2,15
3183.0,cluster_12013799527_12013799528_2190601967,0,0,15
3183.0,cluster_12013799529_12013799530_473195061,0,2,15
3184.0,2496228891,0,2,15
3184.0,cluster_12013799525_12013799526_2496228894,0,2,15
3184.0,cluster_12013799527_12013799528_2190601967,0,0,15
3184.0,cluster_12013799529_12013799530_473195061,0,2,15
3185.0,2496228891,0,2,15
3185.0,cluster_12013799525_12013799526_2496228894,0,2,15
3185.0,cluster_12013799527_12013799528_2190601967,0,0,15
3186.0,2496228891,1,2,15
3186.0,cluster_12013799525_12013799526_2496228894,1,2,15
3186.0,cluster_12013799527_12013799528_2190601967,1,0,15
3187.0,2496228891,1,2,15
3187.0,cluster_12013799525_12013799526_2496228894,1,2,15
3187.0,cluster_12013799527_12013799528_2190601967,1,0,15
3188.0,2496228891,1,2,15
3188.0,cluster_12013799527_12013799528_2190601967,1,0,15
3188.0,cluster_12013799529_12013799530_473195061,1,0,15
3189.0,2496228891,1,2,15
3189.0,cluster_12013799527_12013799528_2190601967,1,0,15
3189.0,cluster_12013799529_12013799530_473195061,1,0,15
3190.0,2496228891,2,2,15
3190.0,cluster_12013799527_12013799528_2190601967,2,0,15
3190.0,cluster_12013799529_12013799530_473195061,2,0,15
3191.0,2496228891,2,2,15
3191.0,cluster_12013799525_12013799526_2496228894,2,0,15
3191.0,cluster_12013799527_12013799528_2190601967,2,0,15
3191.0,cluster_12013799529_12013799530_473195061,2,0,15
3192.0,2496228891,2,2,15
3192.0,cluster_12013799525_12013799526_2496228894,2,0,15
3192.0,cluster_12013799527_12013799528_2190601967,2,0,15
3192.0,cluster_12013799529_12013799530_473195061,2,0,15
3193.0,cluster_12013799525_12013799526_2496228894,2,0,15
3193.0,cluster_12013799527_12013799528_2190601967,2,0,15
3193.0,cluster_12013799529_12013799530_473195061,2,0,15
3194.0,cluster_12013799525_12013799526_2496228894,3,0,15
3194.0,cluster_12013799527_12013799528_2190601967,3,0,15
3194.0,cluster_12013799529_12013799530_473195061,3,0,15
3195.0,cluster_12013799525_12013799526_2496228894,3,0,15
3195.0,cluster_12013799527_12013799528_2190601967,3,0,15
3195.0,cluster_12013799529_12013799530_473195061,3,0,15
3196.0,2496228891,3,0,15
3196.0,cluster_12013799525_12013799526_2496228894,2,0,15
3196.0,cluster_12013799527_12013799528_2190601967,3,0,15
3196.0,cluster_12013799529_12013799530_473195061,3,0,15
3197.0,2496228891,3,0,15
3197.0,cluster_12013799525_12013799526_2496228894,2,0,15
3197.0,cluster_12013799527_12013799528_2190601967,3,0,15
3197.0,cluster_12013799529_12013799530_473195061,3,0,15
3198.0,2496228891,4,0,23
3198.0,cluster_12013799525_12013799526_2496228894,3,0,15
3198.0,cluster_12013799527_12013799528_2190601967,4,0,23
3198.0,cluster_12013799529_12013799530_473195061,4,0,21
3199.0,2496228891,4,0,21
3199.0,cluster_12013799525_12013799526_2496228894,3,0,15
3199.0,cluster_12013799529_12013799530_473195061,4,0,21
3200.0,2496228891,4,0,21
3200.0,cluster_12013799525_12013799526_2496228894,2,0,15
3200.0,cluster_12013799529_12013799530_473195061,4,0,21
3201.0,2496228891,4,0,21
3201.0,cluster_12013799525_12013799526_2496228894,2,0,15
3201.0,cluster_12013799529_12013799530_473195061,4,0,21
3202.0,2496228891,4,0,21
3202.0,cluster_12013799525_12013799526_2496228894,2,0,15
3202.0,cluster_12013799527_12013799528_2190601967,3,2,15
3202.0,cluster_12013799529_12013799530_473195061,4,0,21
3203.0,2496228891,4,0,21
3203.0,cluster_12013799525_12013799526_2496228894,2,0,15
3203.0,cluster_12013799527_12013799528_2190601967,3,2,15
3203.0,cluster_12013799529_12013799530_473195061,4,0,21
3204.0,2496228891,6,0,23
3204.0,cluster_12013799525_12013799526_2496228894,1,0,15
3204.0,cluster_12013799527_12013799528_2190601967,3,2,15
3205.0,2496228891,6,0,21
3205.0,cluster_12013799525_12013799526_2496228894,1,0,15
3205.0,cluster_12013799527_12013799528_2190601967,3,2,15
3206.0,2496228891,6,0,21
3206.0,cluster_12013799525_12013799526_2496228894,1,0,15
3206.0,cluster_12013799527_12013799528_2190601967,4,2,23
3207.0,2496228891,6,0,21
3207.0,cluster_12013799527_12013799528_2190601967,4,2,21
3207.0,cluster_12013799529_12013799530_473195061,6,2,21
3208.0,2496228891,5,0,23
3208.0,cluster_12013799527_12013799528_2190601967,3,2,15
3208.0,cluster_12013799529_12013799530_473195061,6,2,21
3209.0,2496228891,5,0,23
3209.0,cluster_12013799527_12013799528_2190601967,3,2,15
3209.0,cluster_12013799529_12013799530_473195061,6,2,21
3210.0,2496228891,5,0,21
3210.0,cluster_12013799525_12013799526_2496228894,3,2,15
3210.0,cluster_12013799527_12013799528_2190601967,3,2,15
3210.0,cluster_12013799529_12013799530_473195061,8,2,24
3211.0,2496228891,5,0,21
3211.0,cluster_12013799525_12013799526_2496228894,3,2,15
3211.0,cluster_12013799527_12013799528_2190601967,2,2,15
3211.0,cluster_12013799529_12013799530_473195061,8,2,21
3212.0,cluster_12013799525_12013799526_2496228894,3,2,15
3212.0,cluster_12013799527_12013799528_2190601967,3,2,15
3212.0,cluster_12013799529_12013799530_473195061,8,2,21
3213.0,cluster_12013799525_12013799526_2496228894,3,2,15
3213.0,cluster_12013799527_12013799528_2190601967,3,2,15
3213.0,cluster_12013799529_12013799530_473195061,8,2,21
3214.0,cluster_12013799525_12013799526_2496228894,3,2,15
3214.0,cluster_12013799527_12013799528_2190601967,3,2,15
3214.0,cluster_12013799529_12013799530_473195061,8,2,21
3215.0,2496228891,3,2,15
3215.0,cluster_12013799525_12013799526_2496228894,3,2,15
3215.0,cluster_12013799527_12013799528_2190601967,3,2,15
3215.0,cluster_12013799529_12013799530_473195061,8,2,21
3216.0,2496228891,2,2,15
3216.0,cluster_12013799525_12013799526_2496228894,2,2,15
3216.0,cluster_12013799527_12013799528_2190601967,2,2,15
3216.0,cluster_12013799529_12013799530_473195061,8,2,21
3217.0,2496228891,2,2,15
3217.0,cluster_12013799525_12013799526_2496228894,2,2,15
3217.0,cluster_12013799527_12013799528_2190601967,2,2,15
3217.0,cluster_12013799529_12013799530_473195061,9,2,25
3218.0,2496228891,2,2,15
3218.0,cluster_12013799525_12013799526_2496228894,2,2,15
3218.0,cluster_12013799529_12013799530_473195061,9,2,22
3219.0,2496228891,2,2,15
3219.0,cluster_12013799525_12013799526_2496228894,2,2,15
3219.0,cluster_12013799529_12013799530_473195061,8,2,21
3220.0,2496228891,1,2,15
3220.0,cluster_12013799525_12013799526_2496228894,2,2,15
3220.0,cluster_12013799529_12013799530_473195061,8,2,21
3221.0,2496228891,1,2,15
3221.0,cluster_12013799525_12013799526_2496228894,2,2,15
3221.0,cluster_12013799527_12013799528_2190601967,6,0,21
3221.0,cluster_12013799529_12013799530_473195061,7,2,21
3222.0,2496228891,1,2,15
3222.0,cluster_12013799525_12013799526_2496228894,3,2,15
3222.0,cluster_12013799527_12013799528_2190601967,6,0,21
3222.0,cluster_12013799529_12013799530_473195061,7,2,21
3223.0,2496228891,0,2,15
3223.0,cluster_12013799525_12013799526_2496228894,2,2,15
3223.0,cluster_12013799527_12013799528_2190601967,6,0,21
3223.0,cluster_12013799529_12013799530_473195061,7,2,21
3224.0,2496228891,0,2,15
3224.0,cluster_12013799525_12013799526_2496228894,2,2,15
3224.0,cluster_12013799527_12013799528_2190601967,6,0,21
3224.0,cluster_12013799529_12013799530_473195061,7,2,21
3225.0,2496228891,0,2,15
3225.0,cluster_12013799525_12013799526_2496228894,2,2,15
3225.0,cluster_12013799527_12013799528_2190601967,6,0,21
3225.0,cluster_12013799529_12013799530_473195061,7,2,21
3226.0,2496228891,0,2,15
3226.0,cluster_12013799527_12013799528_2190601967,5,0,21
3226.0,cluster_12013799529_12013799530_473195061,5,2,21
3227.0,2496228891,0,2,15
3227.0,cluster_12013799527_12013799528_2190601967,5,0,21
3227.0,cluster_12013799529_12013799530_473195061,5,2,21
3228.0,2496228891,0,2,15
3228.0,cluster_12013799527_12013799528_2190601967,4,0,21
3228.0,cluster_12013799529_12013799530_473195061,4,2,21
3229.0,2496228891,0,2,15
3229.0,cluster_12013799525_12013799526_2496228894,1,0,15
3229.0,cluster_12013799527_12013799528_2190601967,4,0,21
3230.0,2496228891,0,2,15
3230.0,cluster_12013799525_12013799526_2496228894,0,0,15
3230.0,cluster_12013799527_12013799528_2190601967,4,0,21
3231.0,cluster_12013799525_12013799526_2496228894,0,0,15
3231.0,cluster_12013799527_12013799528_2190601967,3,0,15
3232.0,cluster_12013799525_12013799526_2496228894,0,0,15
3232.0,cluster_12013799527_12013799528_2190601967,3,0,15
3232.0,cluster_12013799529_12013799530_473195061,3,0,15
3233.0,cluster_12013799525_12013799526_2496228894,0,0,15
3233.0,cluster_12013799527_12013799528_2190601967,3,0,15
3233.0,cluster_12013799529_12013799530_473195061,3,0,15
3234.0,2496228891,4,0,21
3234.0,cluster_12013799525_12013799526_2496228894,0,0,15
3234.0,cluster_12013799527_12013799528_2190601967,2,0,15
3234.0,cluster_12013799529_12013799530_473195061,3,0,15
3235.0,2496228891,4,0,21
3235.0,cluster_12013799525_12013799526_2496228894,0,0,15
3235.0,cluster_12013799527_12013799528_2190601967,2,0,15
3235.0,cluster_12013799529_12013799530_473195061,3,0,15
3236.0,2496228891,3,0,15
3236.0,cluster_12013799525_12013799526_2496228894,0,0,15
3236.0,cluster_12013799527_12013799528_2190601967,2,0,15
3236.0,cluster_12013799529_12013799530_473195061,2,0,15
3237.0,2496228891,5,0,23
3237.0,cluster_12013799525_12013799526_2496228894,0,0,15
3237.0,cluster_12013799527_12013799528_2190601967,1,0,15
3237.0,cluster_12013799529_12013799530_473195061,2,0,15
3238.0,2496228891,4,0,21
3238.0,cluster_12013799525_12013799526_2496228894,0,0,15
3238.0,cluster_12013799527_12013799528_2190601967,1,0,15
3238.0,cluster_12013799529_12013799530_473195061,2,0,15
3239.0,2496228891,3,0,15
3239.0,cluster_12013799525_12013799526_2496228894,0,0,15
3239.0,cluster_12013799527_12013799528_2190601967,0,0,15
3239.0,cluster_12013799529_12013799530_473195061,1,0,15
3240.0,2496228891,3,0,15
3240.0,cluster_12013799525_12013799526_2496228894,0,0,15
3240.0,cluster_12013799527_12013799528_2190601967,0,0,15
3240.0,cluster_12013799529_12013799530_473195061,1,0,15
3241.0,2496228891,3,0,15
3241.0,cluster_12013799525_12013799526_2496228894,0,0,15
3241.0,cluster_12013799527_12013799528_2190601967,0,0,15
3241.0,cluster_12013799529_12013799530_473195061,1,0,15
3242.0,2496228891,0,0,15
3242.0,cluster_12013799525_12013799526_2496228894,0,0,15
3242.0,cluster_12013799527_12013799528_2190601967,0,0,15
3242.0,cluster_12013799529_12013799530_473195061,0,0,15
3243.0,2496228891,1,0,15
3243.0,cluster_12013799525_12013799526_2496228894,0,0,15
3243.0,cluster_12013799529_12013799530_473195061,0,0,15
3244.0,2496228891,1,0,15
3244.0,cluster_12013799525_12013799526_2496228894,0,0,15
3244.0,cluster_12013799529_12013799530_473195061,0,0,15
3245.0,2496228891,1,0,15
3245.0,cluster_12013799529_12013799530_473195061,0,0,15
3246.0,2496228891,2,0,15
3246.0,cluster_12013799527_12013799528_2190601967,1,2,15
3246.0,cluster_12013799529_12013799530_473195061,0,0,15
3247.0,2496228891,2,0,15
3247.0,cluster_12013799527_12013799528_2190601967,0,2,15
3247.0,cluster_12013799529_12013799530_473195061,0,0,15
3248.0,2496228891,3,0,15
3248.0,cluster_12013799525_12013799526_2496228894,2,2,15
3248.0,cluster_12013799527_12013799528_2190601967,0,2,15
3249.0,2496228891,2,0,15
3249.0,cluster_12013799525_12013799526_2496228894,1,2,15
3249.0,cluster_12013799527_12013799528_2190601967,0,2,15
3250.0,2496228891,2,0,15
3250.0,cluster_12013799525_12013799526_2496228894,1,2,15
3250.0,cluster_12013799527_12013799528_2190601967,0,2,15
3251.0,2496228891,2,0,15
3251.0,cluster_12013799525_12013799526_2496228894,1,2,15
3251.0,cluster_12013799527_12013799528_2190601967,0,2,15
3251.0,cluster_12013799529_12013799530_473195061,6,2,21
3252.0,2496228891,3,0,15
3252.0,cluster_12013799525_12013799526_2496228894,0,2,15
3252.0,cluster_12013799527_12013799528_2190601967,0,2,15
3252.0,cluster_12013799529_12013799530_473195061,5,2,21
3253.0,2496228891,2,0,15
3253.0,cluster_12013799525_12013799526_2496228894,0,2,15
3253.0,cluster_12013799527_12013799528_2190601967,1,2,15
3253.0,cluster_12013799529_12013799530_473195061,5,2,21
3254.0,2496228891,2,0,15
3254.0,cluster_12013799525_12013799526_2496228894,1,2,15
3254.0,cluster_12013799527_12013799528_2190601967,1,2,15
3254.0,cluster_12013799529_12013799530_473195061,5,2,21
3255.0,2496228891,1,0,15
3255.0,cluster_12013799525_12013799526_2496228894,1,2,15
3255.0,cluster_12013799527_12013799528_2190601967,2,2,15
3255.0,cluster_12013799529_12013799530_473195061,3,2,15
3256.0,cluster_12013799525_12013799526_2496228894,2,2,15
3256.0,cluster_12013799527_12013799528_2190601967,2,2,15
3256.0,cluster_12013799529_12013799530_473195061,3,2,15
3257.0,cluster_12013799525_12013799526_2496228894,2,2,15
3257.0,cluster_12013799527_12013799528_2190601967,2,2,15
3257.0,cluster_12013799529_12013799530_473195061,3,2,15
3258.0,cluster_12013799525_12013799526_2496228894,2,2,15
3258.0,cluster_12013799527_12013799528_2190601967,1,2,15
3258.0,cluster_12013799529_12013799530_473195061,2,2,15
3259.0,2496228891,0,2,15
3259.0,cluster_12013799525_12013799526_2496228894,2,2,15
3259.0,cluster_12013799527_12013799528_2190601967,2,2,15
3259.0,cluster_12013799529_12013799530_473195061,2,2,15
3260.0,2496228891,0,2,15
3260.0,cluster_12013799525_12013799526_2496228894,2,2,15
3260.0,cluster_12013799527_12013799528_2190601967,2,2,15
3260.0,cluster_12013799529_12013799530_473195061,2,2,15
3261.0,2496228891,0,2,15
3261.0,cluster_12013799525_12013799526_2496228894,2,2,15
3261.0,cluster_12013799527_12013799528_2190601967,1,2,15
3261.0,cluster_12013799529_12013799530_473195061,1,2,15
3262.0,2496228891,0,2,15
3262.0,cluster_12013799525_12013799526_2496228894,2,2,15
3262.0,cluster_12013799529_12013799530_473195061,1,2,15
3263.0,2496228891,0,2,15
3263.0,cluster_12013799525_12013799526_2496228894,2,2,15
3263.0,cluster_12013799529_12013799530_473195061,0,2,15
3264.0,2496228891,0,2,15
3264.0,cluster_12013799529_12013799530_473195061,0,2,15
3265.0,2496228891,0,2,15
3265.0,cluster_12013799527_12013799528_2190601967,0,0,15
3265.0,cluster_12013799529_12013799530_473195061,0,2,15
3266.0,2496228891,0,2,15
3266.0,cluster_12013799527_12013799528_2190601967,0,0,15
3266.0,cluster_12013799529_12013799530_473195061,0,2,15
3267.0,2496228891,0,2,15
3267.0,cluster_12013799525_12013799526_2496228894,0,0,15
3267.0,cluster_12013799527_12013799528_2190601967,0,0,15
3267.0,cluster_12013799529_12013799530_473195061,0,2,15
3268.0,2496228891,0,2,15
3268.0,cluster_12013799525_12013799526_2496228894,0,0,15
3268.0,cluster_12013799527_12013799528_2190601967,0,0,15
3268.0,cluster_12013799529_12013799530_473195061,0,2,15
3269.0,2496228891,0,2,15
3269.0,cluster_12013799525_12013799526_2496228894,0,0,15
3269.0,cluster_12013799527_12013799528_2190601967,0,0,15
3269.0,cluster_12013799529_12013799530_473195061,0,2,15
3270.0,2496228891,0,2,15
3270.0,cluster_12013799525_12013799526_2496228894,0,0,15
3270.0,cluster_12013799527_12013799528_2190601967,0,0,15
3270.0,cluster_12013799529_12013799530_473195061,0,2,15
3271.0,2496228891,0,2,15
3271.0,cluster_12013799525_12013799526_2496228894,0,0,15
3271.0,cluster_12013799527_12013799528_2190601967,0,0,15
3271.0,cluster_12013799529_12013799530_473195061,0,2,15
3272.0,2496228891,0,2,15
3272.0,cluster_12013799525_12013799526_2496228894,0,0,15
3272.0,cluster_12013799527_12013799528_2190601967,0,0,15
3272.0,cluster_12013799529_12013799530_473195061,0,2,15
3273.0,2496228891,0,2,15
3273.0,cluster_12013799525_12013799526_2496228894,0,0,15
3273.0,cluster_12013799527_12013799528_2190601967,0,0,15
3274.0,2496228891,0,2,15
3274.0,cluster_12013799525_12013799526_2496228894,0,0,15
3274.0,cluster_12013799527_12013799528_2190601967,0,0,15
3275.0,cluster_12013799525_12013799526_2496228894,0,0,15
3275.0,cluster_12013799527_12013799528_2190601967,0,0,15
3276.0,cluster_12013799525_12013799526_2496228894,0,0,15
3276.0,cluster_12013799527_12013799528_2190601967,0,0,15
3276.0,cluster_12013799529_12013799530_473195061,0,0,15
3277.0,cluster_12013799525_12013799526_2496228894,0,0,15
3277.0,cluster_12013799527_12013799528_2190601967,0,0,15
3277.0,cluster_12013799529_12013799530_473195061,0,0,15
3278.0,2496228891,4,0,21
3278.0,cluster_12013799525_12013799526_2496228894,0,0,15
3278.0,cluster_12013799527_12013799528_2190601967,0,0,15
3278.0,cluster_12013799529_12013799530_473195061,0,0,15
3279.0,2496228891,3,0,15
3279.0,cluster_12013799525_12013799526_2496228894,0,0,15
3279.0,cluster_12013799527_12013799528_2190601967,0,0,15
3279.0,cluster_12013799529_12013799530_473195061,0,0,15
3280.0,2496228891,3,0,15
3280.0,cluster_12013799525_12013799526_2496228894,0,0,15
3280.0,cluster_12013799527_12013799528_2190601967,0,0,15
3280.0,cluster_12013799529_12013799530_473195061,0,0,15
3281.0,2496228891,3,0,15
3281.0,cluster_12013799525_12013799526_2496228894,0,0,15
3281.0,cluster_12013799529_12013799530_473195061,0,0,15
3282.0,2496228891,2,0,15
3282.0,cluster_12013799525_12013799526_2496228894,0,0,15
3282.0,cluster_12013799529_12013799530_473195061,0,0,15
3283.0,2496228891,2,0,15
3283.0,cluster_12013799529_12013799530_473195061,0,0,15
3284.0,2496228891,2,0,15
3284.0,cluster_12013799527_12013799528_2190601967,0,2,15
3284.0,cluster_12013799529_12013799530_473195061,0,0,15
3285.0,2496228891,1,0,15
3285.0,cluster_12013799527_12013799528_2190601967,0,2,15
3285.0,cluster_12013799529_12013799530_473195061,0,0,15
3286.0,2496228891,1,0,15
3286.0,cluster_12013799525_12013799526_2496228894,3,2,15
3286.0,cluster_12013799527_12013799528_2190601967,0,2,15
3286.0,cluster_12013799529_12013799530_473195061,0,0,15
3287.0,2496228891,1,0,15
3287.0,cluster_12013799525_12013799526_2496228894,2,2,15
3287.0,cluster_12013799527_12013799528_2190601967,0,2,15
3287.0,cluster_12013799529_12013799530_473195061,0,0,15
3288.0,2496228891,0,0,15
3288.0,cluster_12013799525_12013799526_2496228894,3,2,15
3288.0,cluster_12013799527_12013799528_2190601967,0,2,15
3288.0,cluster_12013799529_12013799530_473195061,0,0,15
3289.0,2496228891,0,0,15
3289.0,cluster_12013799525_12013799526_2496228894,4,2,23
3289.0,cluster_12013799527_12013799528_2190601967,0,2,15
3289.0,cluster_12013799529_12013799530_473195061,0,0,15
3290.0,2496228891,0,0,15
3290.0,cluster_12013799525_12013799526_2496228894,4,2,23
3290.0,cluster_12013799527_12013799528_2190601967,0,2,15
3290.0,cluster_12013799529_12013799530_473195061,0,0,15
3291.0,2496228891,0,0,15
3291.0,cluster_12013799525_12013799526_2496228894,4,2,21
3291.0,cluster_12013799527_12013799528_2190601967,0,2,15
3291.0,cluster_12013799529_12013799530_473195061,0,0,15
3292.0,2496228891,0,0,15
3292.0,cluster_12013799525_12013799526_2496228894,4,2,21
3292.0,cluster_12013799527_12013799528_2190601967,0,2,15
3293.0,2496228891,0,0,15
3293.0,cluster_12013799525_12013799526_2496228894,4,2,21
3293.0,cluster_12013799527_12013799528_2190601967,0,2,15
3294.0,2496228891,0,0,15
3294.0,cluster_12013799525_12013799526_2496228894,3,2,15
3294.0,cluster_12013799527_12013799528_2190601967,0,2,15
3295.0,2496228891,0,0,15
3295.0,cluster_12013799525_12013799526_2496228894,3,2,15
3295.0,cluster_12013799527_12013799528_2190601967,0,2,15
3295.0,cluster_12013799529_12013799530_473195061,1,2,15
3296.0,2496228891,0,0,15
3296.0,cluster_12013799525_12013799526_2496228894,2,2,15
3296.0,cluster_12013799527_12013799528_2190601967,1,2,15
3296.0,cluster_12013799529_12013799530_473195061,1,2,15
3297.0,2496228891,0,0,15
3297.0,cluster_12013799525_12013799526_2496228894,2,2,15
3297.0,cluster_12013799527_12013799528_2190601967,1,2,15
3297.0,cluster_12013799529_12013799530_473195061,1,2,15
3298.0,2496228891,0,0,15
3298.0,cluster_12013799525_12013799526_2496228894,1,2,15
3298.0,cluster_12013799527_12013799528_2190601967,1,2,15
3298.0,cluster_12013799529_12013799530_473195061,0,2,15
3299.0,2496228891,0,0,15
3299.0,cluster_12013799525_12013799526_2496228894,1,2,15
3299.0,cluster_12013799527_12013799528_2190601967,1,2,15
3299.0,cluster_12013799529_12013799530_473195061,0,2,15
3300.0,cluster_12013799525_12013799526_2496228894,0,2,15
3300.0,cluster_12013799529_12013799530_473195061,0,2,15
3301.0,cluster_12013799525_12013799526_2496228894,0,2,15
3301.0,cluster_12013799529_12013799530_473195061,0,2,15
3302.0,cluster_12013799529_12013799530_473195061,0,2,15
3303.0,2496228891,0,2,15
3303.0,cluster_12013799527_12013799528_2190601967,0,0,15
3303.0,cluster_12013799529_12013799530_473195061,0,2,15
3304.0,2496228891,0,2,15
3304.0,cluster_12013799527_12013799528_2190601967,0,0,15
3304.0,cluster_12013799529_12013799530_473195061,0,2,15
3305.0,2496228891,0,2,15
3305.0,cluster_12013799525_12013799526_2496228894,0,0,15
3305.0,cluster_12013799527_12013799528_2190601967,0,0,15
3305.0,cluster_12013799529_12013799530_473195061,0,2,15
3306.0,2496228891,0,2,15
3306.0,cluster_12013799525_12013799526_2496228894,0,0,15
3306.0,cluster_12013799527_12013799528_2190601967,0,0,15
3306.0,cluster_12013799529_12013799530_473195061,0,2,15
3307.0,2496228891,0,2,15
3307.0,cluster_12013799525_12013799526_2496228894,0,0,15
3307.0,cluster_12013799527_12013799528_2190601967,0,0,15
3307.0,cluster_12013799529_12013799530_473195061,0,2,15
3308.0,2496228891,0,2,15
3308.0,cluster_12013799525_12013799526_2496228894,0,0,15
3308.0,cluster_12013799527_12013799528_2190601967,0,0,15
3308.0,cluster_12013799529_12013799530_473195061,0,2,15
3309.0,2496228891,0,2,15
3309.0,cluster_12013799525_12013799526_2496228894,0,0,15
3309.0,cluster_12013799527_12013799528_2190601967,0,0,15
3309.0,cluster_12013799529_12013799530_473195061,0,2,15
3310.0,2496228891,0,2,15
3310.0,cluster_12013799525_12013799526_2496228894,0,0,15
3310.0,cluster_12013799527_12013799528_2190601967,0,0,15
3310.0,cluster_12013799529_12013799530_473195061,0,2,15
3311.0,2496228891,0,2,15
3311.0,cluster_12013799525_12013799526_2496228894,0,0,15
3311.0,cluster_12013799527_12013799528_2190601967,0,0,15
3312.0,2496228891,0,2,15
3312.0,cluster_12013799525_12013799526_2496228894,0,0,15
3312.0,cluster_12013799527_12013799528_2190601967,0,0,15
3313.0,2496228891,0,2,15
3313.0,cluster_12013799525_12013799526_2496228894,0,0,15
3313.0,cluster_12013799527_12013799528_2190601967,0,0,15
3314.0,2496228891,0,2,15
3314.0,cluster_12013799525_12013799526_2496228894,0,0,15
3314.0,cluster_12013799527_12013799528_2190601967,0,0,15
3314.0,cluster_12013799529_12013799530_473195061,0,0,15
3315.0,2496228891,0,2,15
3315.0,cluster_12013799525_12013799526_2496228894,0,0,15
3315.0,cluster_12013799527_12013799528_2190601967,0,0,15
3315.0,cluster_12013799529_12013799530_473195061,0,0,15
3316.0,2496228891,0,2,15
3316.0,cluster_12013799525_12013799526_2496228894,0,0,15
3316.0,cluster_12013799527_12013799528_2190601967,0,0,15
3316.0,cluster_12013799529_12013799530_473195061,0,0,15
3317.0,2496228891,0,2,15
3317.0,cluster_12013799525_12013799526_2496228894,0,0,15
3317.0,cluster_12013799527_12013799528_2190601967,0,0,15
3317.0,cluster_12013799529_12013799530_473195061,0,0,15
3318.0,2496228891,0,2,15
3318.0,cluster_12013799525_12013799526_2496228894,0,0,15
3318.0,cluster_12013799527_12013799528_2190601967,0,0,15
3318.0,cluster_12013799529_12013799530_473195061,0,0,15
3319.0,cluster_12013799525_12013799526_2496228894,0,0,15
3319.0,cluster_12013799529_12013799530_473195061,0,0,15
3320.0,cluster_12013799525_12013799526_2496228894,0,0,15
3320.0,cluster_12013799529_12013799530_473195061,0,0,15
3321.0,cluster_12013799529_12013799530_473195061,0,0,15
3322.0,2496228891,0,0,15
3322.0,cluster_12013799527_12013799528_2190601967,1,2,15
3322.0,cluster_12013799529_12013799530_473195061,0,0,15
3323.0,2496228891,0,0,15
3323.0,cluster_12013799527_12013799528_2190601967,0,2,15
3323.0,cluster_12013799529_12013799530_473195061,0,0,15
3324.0,2496228891,0,0,15
3324.0,cluster_12013799525_12013799526_2496228894,0,2,15
3324.0,cluster_12013799527_12013799528_2190601967,0,2,15
3324.0,cluster_12013799529_12013799530_473195061,0,0,15
3325.0,2496228891,1,0,15
3325.0,cluster_12013799525_12013799526_2496228894,1,2,15
3325.0,cluster_12013799527_12013799528_2190601967,1,2,15
3325.0,cluster_12013799529_12013799530_473195061,1,0,15
3326.0,2496228891,1,0,15
3326.0,cluster_12013799525_12013799526_2496228894,1,2,15
3326.0,cluster_12013799527_12013799528_2190601967,1,2,15
3326.0,cluster_12013799529_12013799530_473195061,1,0,15
3327.0,2496228891,1,0,15
3327.0,cluster_12013799525_12013799526_2496228894,1,2,15
3327.0,cluster_12013799527_12013799528_2190601967,1,2,15
3327.0,cluster_12013799529_12013799530_473195061,1,0,15
3328.0,2496228891,1,0,15
3328.0,cluster_12013799525_12013799526_2496228894,1,2,15
3328.0,cluster_12013799527_12013799528_2190601967,1,2,15
3328.0,cluster_12013799529_12013799530_473195061,1,0,15
3329.0,2496228891,2,0,15
3329.0,cluster_12013799525_12013799526_2496228894,2,2,15
3329.0,cluster_12013799527_12013799528_2190601967,2,2,15
3329.0,cluster_12013799529_12013799530_473195061,2,0,15
3330.0,2496228891,2,0,15
3330.0,cluster_12013799525_12013799526_2496228894,2,2,15
3330.0,cluster_12013799527_12013799528_2190601967,2,2,15
3331.0,2496228891,2,0,15
3331.0,cluster_12013799525_12013799526_2496228894,2,2,15
3331.0,cluster_12013799527_12013799528_2190601967,2,2,15
3332.0,2496228891,2,0,15
3332.0,cluster_12013799525_12013799526_2496228894,2,2,15
3332.0,cluster_12013799527_12013799528_2190601967,2,2,15
3333.0,2496228891,3,0,15
3333.0,cluster_12013799525_12013799526_2496228894,2,2,15
3333.0,cluster_12013799527_12013799528_2190601967,3,2,15
3333.0,cluster_12013799529_12013799530_473195061,3,2,15
3334.0,2496228891,3,0,15
3334.0,cluster_12013799525_12013799526_2496228894,3,2,15
3334.0,cluster_12013799527_12013799528_2190601967,3,2,15
3334.0,cluster_12013799529_12013799530_473195061,3,2,15
3335.0,2496228891,3,0,15
3335.0,cluster_12013799525_12013799526_2496228894,3,2,15
3335.0,cluster_12013799527_12013799528_2190601967,3,2,15
3335.0,cluster_12013799529_12013799530_473195061,3,2,15
3336.0,2496228891,3,0,15
3336.0,cluster_12013799525_12013799526_2496228894,3,2,15
3336.0,cluster_12013799527_12013799528_2190601967,3,2,15
3336.0,cluster_12013799529_12013799530_473195061,3,2,15
3337.0,2496228891,4,0,23
3337.0,cluster_12013799525_12013799526_2496228894,2,2,15
3337.0,cluster_12013799527_12013799528_2190601967,4,2,23
3337.0,cluster_12013799529_12013799530_473195061,4,2,23
3338.0,cluster_12013799525_12013799526_2496228894,3,2,15
3338.0,cluster_12013799529_12013799530_473195061,4,2,21
3339.0,cluster_12013799525_12013799526_2496228894,3,2,15
3339.0,cluster_12013799529_12013799530_473195061,4,2,21
3340.0,cluster_12013799529_12013799530_473195061,4,2,21
3341.0,2496228891,3,2,15
3341.0,cluster_12013799527_12013799528_2190601967,5,0,23
3341.0,cluster_12013799529_12013799530_473195061,5,2,21
3342.0,2496228891,2,2,15
3342.0,cluster_12013799527_12013799528_2190601967,5,0,21
3342.0,cluster_12013799529_12013799530_473195061,5,2,21
3343.0,2496228891,2,2,15
3343.0,cluster_12013799525_12013799526_2496228894,3,0,15
3343.0,cluster_12013799527_12013799528_2190601967,4,0,21
3343.0,cluster_12013799529_12013799530_473195061,4,2,21
3344.0,2496228891,2,2,15
3344.0,cluster_12013799525_12013799526_2496228894,3,0,15
3344.0,cluster_12013799527_12013799528_2190601967,4,0,21
3344.0,cluster_12013799529_12013799530_473195061,4,2,21
3345.0,2496228891,2,2,15
3345.0,cluster_12013799525_12013799526_2496228894,3,0,15
3345.0,cluster_12013799527_12013799528_2190601967,5,0,23
3345.0,cluster_12013799529_12013799530_473195061,5,2,21
3346.0,2496228891,2,2,15
3346.0,cluster_12013799525_12013799526_2496228894,3,0,15
3346.0,cluster_12013799527_12013799528_2190601967,5,0,21
3346.0,cluster_12013799529_12013799530_473195061,5,2,21
3347.0,2496228891,1,2,15
3347.0,cluster_12013799525_12013799526_2496228894,2,0,15
3347.0,cluster_12013799527_12013799528_2190601967,5,0,21
3347.0,cluster_12013799529_12013799530_473195061,5,2,21
3348.0,2496228891,1,2,15
3348.0,cluster_12013799525_12013799526_2496228894,2,0,15
3348.0,cluster_12013799527_12013799528_2190601967,4,0,21
3348.0,cluster_12013799529_12013799530_473195061,4,2,21
3349.0,2496228891,1,2,15
3349.0,cluster_12013799525_12013799526_2496228894,2,0,15
3349.0,cluster_12013799527_12013799528_2190601967,5,0,23
3350.0,2496228891,1,2,15
3350.0,cluster_12013799525_12013799526_2496228894,1,0,15
3350.0,cluster_12013799527_12013799528_2190601967,4,0,21
3351.0,2496228891,1,2,15
3351.0,cluster_12013799525_12013799526_2496228894,1,0,15
3351.0,cluster_12013799527_12013799528_2190601967,4,0,21
3352.0,2496228891,1,2,15
3352.0,cluster_12013799525_12013799526_2496228894,0,0,15
3352.0,cluster_12013799527_12013799528_2190601967,4,0,21
3352.0,cluster_12013799529_12013799530_473195061,5,0,21
3353.0,2496228891,1,2,15
3353.0,cluster_12013799525_12013799526_2496228894,0,0,15
3353.0,cluster_12013799527_12013799528_2190601967,4,0,21
3353.0,cluster_12013799529_12013799530_473195061,4,0,21
3354.0,2496228891,0,2,15
3354.0,cluster_12013799525_12013799526_2496228894,0,0,15
3354.0,cluster_12013799527_12013799528_2190601967,4,0,21
3354.0,cluster_12013799529_12013799530_473195061,4,0,21
3355.0,2496228891,0,2,15
3355.0,cluster_12013799525_12013799526_2496228894,0,0,15
3355.0,cluster_12013799527_12013799528_2190601967,3,0,15
3355.0,cluster_12013799529_12013799530_473195061,4,0,21
3356.0,2496228891,0,2,15
3356.0,cluster_12013799525_12013799526_2496228894,0,0,15
3356.0,cluster_12013799527_12013799528_2190601967,3,0,15
3356.0,cluster_12013799529_12013799530_473195061,4,0,21
3357.0,cluster_12013799525_12013799526_2496228894,0,0,15
3357.0,cluster_12013799527_12013799528_2190601967,3,0,15
3357.0,cluster_12013799529_12013799530_473195061,3,0,15
3358.0,cluster_12013799525_12013799526_2496228894,0,0,15
3358.0,cluster_12013799527_12013799528_2190601967,3,0,15
3358.0,cluster_12013799529_12013799530_473195061,3,0,15
3359.0,cluster_12013799527_12013799528_2190601967,2,0,15
3359.0,cluster_12013799529_12013799530_473195061,2,0,15
3360.0,2496228891,6,0,21
3360.0,cluster_12013799527_12013799528_2190601967,2,0,15
3360.0,cluster_12013799529_12013799530_473195061,2,0,15
3361.0,2496228891,6,0,21
3361.0,cluster_12013799527_12013799528_2190601967,2,0,15
3361.0,cluster_12013799529_12013799530_473195061,2,0,15
3362.0,2496228891,5,0,21
3362.0,cluster_12013799525_12013799526_2496228894,1,2,15
3362.0,cluster_12013799527_12013799528_2190601967,1,0,15
3362.0,cluster_12013799529_12013799530_473195061,1,0,15
3363.0,2496228891,4,0,23
3363.0,cluster_12013799525_12013799526_2496228894,1,2,15
3363.0,cluster_12013799527_12013799528_2190601967,1,0,15
3363.0,cluster_12013799529_12013799530_473195061,1,0,15
3364.0,2496228891,3,0,15
3364.0,cluster_12013799525_12013799526_2496228894,1,2,15
3364.0,cluster_12013799527_12013799528_2190601967,1,0,15
3364.0,cluster_12013799529_12013799530_473195061,0,0,15
3365.0,2496228891,1,0,15
3365.0,cluster_12013799525_12013799526_2496228894,1,2,15
3365.0,cluster_12013799529_12013799530_473195061,0,0,15
3366.0,2496228891,1,0,15
3366.0,cluster_12013799525_12013799526_2496228894,1,2,15
3366.0,cluster_12013799529_12013799530_473195061,0,0,15
3367.0,2496228891,2,0,15
3367.0,cluster_12013799525_12013799526_2496228894,1,2,15
3367.0,cluster_12013799529_12013799530_473195061,0,0,15
3368.0,2496228891,3,0,15
3368.0,cluster_12013799525_12013799526_2496228894,1,2,15
3368.0,cluster_12013799527_12013799528_2190601967,5,2,21
3368.0,cluster_12013799529_12013799530_473195061,0,0,15
3369.0,2496228891,3,0,15
3369.0,cluster_12013799525_12013799526_2496228894,1,2,15
3369.0,cluster_12013799527_12013799528_2190601967,3,2,15
3369.0,cluster_12013799529_12013799530_473195061,0,0,15
3370.0,2496228891,3,0,15
3370.0,cluster_12013799525_12013799526_2496228894,0,2,15
3370.0,cluster_12013799527_12013799528_2190601967,3,2,15
3370.0,cluster_12013799529_12013799530_473195061,0,0,15
3371.0,2496228891,3,0,15
3371.0,cluster_12013799525_12013799526_2496228894,0,2,15
3371.0,cluster_12013799527_12013799528_2190601967,3,2,15
3371.0,cluster_12013799529_12013799530_473195061,0,0,15
3372.0,2496228891,4,0,23
3372.0,cluster_12013799525_12013799526_2496228894,0,2,15
3372.0,cluster_12013799527_12013799528_2190601967,2,2,15
3372.0,cluster_12013799529_12013799530_473195061,0,0,15
3373.0,2496228891,2,0,15
3373.0,cluster_12013799525_12013799526_2496228894,0,2,15
3373.0,cluster_12013799527_12013799528_2190601967,2,2,15
3373.0,cluster_12013799529_12013799530_473195061,0,0,15
3374.0,2496228891,2,0,15
3374.0,cluster_12013799525_12013799526_2496228894,0,2,15
3374.0,cluster_12013799527_12013799528_2190601967,3,2,15
3375.0,2496228891,2,0,15
3375.0,cluster_12013799525_12013799526_2496228894,1,2,15
3375.0,cluster_12013799527_12013799528_2190601967,2,2,15
3376.0,2496228891,1,0,15
3376.0,cluster_12013799525_12013799526_2496228894,1,2,15
3376.0,cluster_12013799527_12013799528_2190601967,2,2,15
3377.0,2496228891,1,0,15
3377.0,cluster_12013799525_12013799526_2496228894,2,2,15
3377.0,cluster_12013799527_12013799528_2190601967,2,2,15
3377.0,cluster_12013799529_12013799530_473195061,7,2,21
3378.0,2496228891,0,0,15
3378.0,cluster_12013799527_12013799528_2190601967,2,2,15
3378.0,cluster_12013799529_12013799530_473195061,7,2,21
3379.0,2496228891,0,0,15
3379.0,cluster_12013799527_12013799528_2190601967,2,2,15
3379.0,cluster_12013799529_12013799530_473195061,7,2,21
3380.0,2496228891,0,0,15
3380.0,cluster_12013799527_12013799528_2190601967,1,2,15
3380.0,cluster_12013799529_12013799530_473195061,7,2,21
3381.0,2496228891,0,0,15
3381.0,cluster_12013799525_12013799526_2496228894,0,0,15
3381.0,cluster_12013799527_12013799528_2190601967,1,2,15
3381.0,cluster_12013799529_12013799530_473195061,6,2,21
3382.0,cluster_12013799525_12013799526_2496228894,0,0,15
3382.0,cluster_12013799527_12013799528_2190601967,1,2,15
3382.0,cluster_12013799529_12013799530_473195061,5,2,21
3383.0,cluster_12013799525_12013799526_2496228894,0,0,15
3383.0,cluster_12013799527_12013799528_2190601967,1,2,15
3383.0,cluster_12013799529_12013799530_473195061,5,2,21
3384.0,cluster_12013799525_12013799526_2496228894,0,0,15
3384.0,cluster_12013799527_12013799528_2190601967,1,2,15
3384.0,cluster_12013799529_12013799530_473195061,5,2,23
3385.0,2496228891,0,2,15
3385.0,cluster_12013799525_12013799526_2496228894,0,0,15
3385.0,cluster_12013799527_12013799528_2190601967,1,2,15
3385.0,cluster_12013799529_12013799530_473195061,4,2,21
3386.0,2496228891,0,2,15
3386.0,cluster_12013799525_12013799526_2496228894,0,0,15
3386.0,cluster_12013799527_12013799528_2190601967,1,2,15
3386.0,cluster_12013799529_12013799530_473195061,4,2,21
3387.0,2496228891,0,2,15
3387.0,cluster_12013799525_12013799526_2496228894,0,0,15
3387.0,cluster_12013799527_12013799528_2190601967,1,2,15
3387.0,cluster_12013799529_12013799530_473195061,3,2,15
3388.0,2496228891,0,2,15
3388.0,cluster_12013799525_12013799526_2496228894,0,0,15
3388.0,cluster_12013799527_12013799528_2190601967,0,2,15
3388.0,cluster_12013799529_12013799530_473195061,3,2,15
3389.0,2496228891,0,2,15
3389.0,cluster_12013799525_12013799526_2496228894,0,0,15
3389.0,cluster_12013799527_12013799528_2190601967,0,2,15
3389.0,cluster_12013799529_12013799530_473195061,2,2,15
3390.0,2496228891,0,2,15
3390.0,cluster_12013799525_12013799526_2496228894,0,0,15
3390.0,cluster_12013799529_12013799530_473195061,3,2,15
3391.0,2496228891,0,2,15
3391.0,cluster_12013799525_12013799526_2496228894,0,0,15
3391.0,cluster_12013799529_12013799530_473195061,2,2,15
3392.0,2496228891,0,2,15
3392.0,cluster_12013799525_12013799526_2496228894,0,0,15
3392.0,cluster_12013799529_12013799530_473195061,2,2,15
3393.0,2496228891,0,2,15
3393.0,cluster_12013799525_12013799526_2496228894,0,0,15
3393.0,cluster_12013799527_12013799528_2190601967,0,0,15
3393.0,cluster_12013799529_12013799530_473195061,1,2,15
3394.0,2496228891,0,2,15
3394.0,cluster_12013799525_12013799526_2496228894,0,0,15
3394.0,cluster_12013799527_12013799528_2190601967,0,0,15
3394.0,cluster_12013799529_12013799530_473195061,1,2,15
3395.0,2496228891,0,2,15
3395.0,cluster_12013799525_12013799526_2496228894,0,0,15
3395.0,cluster_12013799527_12013799528_2190601967,0,0,15
3395.0,cluster_12013799529_12013799530_473195061,1,2,15
3396.0,2496228891,0,2,15
3396.0,cluster_12013799525_12013799526_2496228894,0,0,15
3396.0,cluster_12013799527_12013799528_2190601967,0,0,15
3396.0,cluster_12013799529_12013799530_473195061,1,2,15
3397.0,2496228891,0,2,15
3397.0,cluster_12013799527_12013799528_2190601967,0,0,15
3397.0,cluster_12013799529_12013799530_473195061,1,2,15
3398.0,2496228891,0,2,15
3398.0,cluster_12013799527_12013799528_2190601967,0,0,15
3398.0,cluster_12013799529_12013799530_473195061,1,2,15
3399.0,2496228891,0,2,15
3399.0,cluster_12013799527_12013799528_2190601967,0,0,15
3400.0,2496228891,0,2,15
3400.0,cluster_12013799525_12013799526_2496228894,1,2,15
3400.0,cluster_12013799527_12013799528_2190601967,0,0,15
3401.0,cluster_12013799525_12013799526_2496228894,0,2,15
3401.0,cluster_12013799527_12013799528_2190601967,0,0,15
3402.0,cluster_12013799525_12013799526_2496228894,0,2,15
3402.0,cluster_12013799527_12013799528_2190601967,0,0,15
3402.0,cluster_12013799529_12013799530_473195061,0,0,15
3403.0,cluster_12013799525_12013799526_2496228894,0,2,15
3403.0,cluster_12013799527_12013799528_2190601967,0,0,15
3403.0,cluster_12013799529_12013799530_473195061,0,0,15
3404.0,2496228891,4,0,21
3404.0,cluster_12013799525_12013799526_2496228894,0,2,15
3404.0,cluster_12013799527_12013799528_2190601967,0,0,15
3404.0,cluster_12013799529_12013799530_473195061,0,0,15
3405.0,2496228891,3,0,15
3405.0,cluster_12013799525_12013799526_2496228894,0,2,15
3405.0,cluster_12013799527_12013799528_2190601967,0,0,15
3405.0,cluster_12013799529_12013799530_473195061,0,0,15
3406.0,2496228891,3,0,15
3406.0,cluster_12013799525_12013799526_2496228894,0,2,15
3406.0,cluster_12013799527_12013799528_2190601967,0,0,15
3406.0,cluster_12013799529_12013799530_473195061,0,0,15
3407.0,2496228891,3,0,15
3407.0,cluster_12013799525_12013799526_2496228894,1,2,15
3407.0,cluster_12013799527_12013799528_2190601967,0,0,15
3407.0,cluster_12013799529_12013799530_473195061,0,0,15
3408.0,2496228891,2,0,15
3408.0,cluster_12013799525_12013799526_2496228894,1,2,15
3408.0,cluster_12013799527_12013799528_2190601967,0,0,15
3408.0,cluster_12013799529_12013799530_473195061,0,0,15
3409.0,2496228891,1,0,15
3409.0,cluster_12013799525_12013799526_2496228894,1,2,15
3409.0,cluster_12013799529_12013799530_473195061,0,0,15
3410.0,2496228891,1,0,15
3410.0,cluster_12013799525_12013799526_2496228894,1,2,15
3410.0,cluster_12013799529_12013799530_473195061,0,0,15
3411.0,2496228891,1,0,15
3411.0,cluster_12013799525_12013799526_2496228894,2,2,15
3411.0,cluster_12013799529_12013799530_473195061,0,0,15
3412.0,2496228891,0,0,15
3412.0,cluster_12013799525_12013799526_2496228894,2,2,15
3412.0,cluster_12013799527_12013799528_2190601967,1,2,15
3412.0,cluster_12013799529_12013799530_473195061,0,0,15
3413.0,2496228891,0,0,15
3413.0,cluster_12013799525_12013799526_2496228894,3,2,15
3413.0,cluster_12013799527_12013799528_2190601967,1,2,15
3413.0,cluster_12013799529_12013799530_473195061,0,0,15
3414.0,2496228891,0,0,15
3414.0,cluster_12013799525_12013799526_2496228894,3,2,15
3414.0,cluster_12013799527_12013799528_2190601967,1,2,15
3414.0,cluster_12013799529_12013799530_473195061,0,0,15
3415.0,2496228891,0,0,15
3415.0,cluster_12013799525_12013799526_2496228894,3,2,15
3415.0,cluster_12013799527_12013799528_2190601967,1,2,15
3415.0,cluster_12013799529_12013799530_473195061,0,0,15
3416.0,2496228891,0,0,15
3416.0,cluster_12013799527_12013799528_2190601967,0,2,15
3416.0,cluster_12013799529_12013799530_473195061,0,0,15
3417.0,2496228891,0,0,15
3417.0,cluster_12013799527_12013799528_2190601967,0,2,15
3417.0,cluster_12013799529_12013799530_473195061,0,0,15
3418.0,2496228891,0,0,15
3418.0,cluster_12013799527_12013799528_2190601967,0,2,15
3419.0,2496228891,0,0,15
3419.0,cluster_12013799525_12013799526_2496228894,0,0,15
3419.0,cluster_12013799527_12013799528_2190601967,0,2,15
3420.0,2496228891,0,0,15
3420.0,cluster_12013799525_12013799526_2496228894,0,0,15
3420.0,cluster_12013799527_12013799528_2190601967,0,2,15
3421.0,2496228891,0,0,15
3421.0,cluster_12013799525_12013799526_2496228894,0,0,15
3421.0,cluster_12013799527_12013799528_2190601967,0,2,15
3421.0,cluster_12013799529_12013799530_473195061,1,2,15
3422.0,2496228891,0,0,15
3422.0,cluster_12013799525_12013799526_2496228894,0,0,15
3422.0,cluster_12013799527_12013799528_2190601967,0,2,15
3422.0,cluster_12013799529_12013799530_473195061,0,2,15
3423.0,2496228891,0,0,15
3423.0,cluster_12013799525_12013799526_2496228894,0,0,15
3423.0,cluster_12013799527_12013799528_2190601967,0,2,15
3423.0,cluster_12013799529_12013799530_473195061,0,2,15
3424.0,2496228891,0,0,15
3424.0,cluster_12013799525_12013799526_2496228894,0,0,15
3424.0,cluster_12013799527_12013799528_2190601967,0,2,15
3424.0,cluster_12013799529_12013799530_473195061,0,2,15
3425.0,2496228891,0,0,15
3425.0,cluster_12013799525_12013799526_2496228894,0,0,15
3425.0,cluster_12013799527_12013799528_2190601967,0,2,15
3425.0,cluster_12013799529_12013799530_473195061,0,2,15
3426.0,cluster_12013799525_12013799526_2496228894,0,0,15
3426.0,cluster_12013799527_12013799528_2190601967,0,2,15
3426.0,cluster_12013799529_12013799530_473195061,0,2,15
3427.0,cluster_12013799525_12013799526_2496228894,0,0,15
3427.0,cluster_12013799527_12013799528_2190601967,0,2,15
3427.0,cluster_12013799529_12013799530_473195061,0,2,15
3428.0,cluster_12013799525_12013799526_2496228894,0,0,15
3428.0,cluster_12013799529_12013799530_473195061,0,2,15
3429.0,2496228891,0,2,15
3429.0,cluster_12013799525_12013799526_2496228894,0,0,15
3429.0,cluster_12013799529_12013799530_473195061,0,2,15
3430.0,2496228891,0,2,15
3430.0,cluster_12013799525_12013799526_2496228894,0,0,15
3430.0,cluster_12013799529_12013799530_473195061,0,2,15
3431.0,2496228891,0,2,15
3431.0,cluster_12013799525_12013799526_2496228894,0,0,15
3431.0,cluster_12013799527_12013799528_2190601967,0,0,15
3431.0,cluster_12013799529_12013799530_473195061,0,2,15
3432.0,2496228891,0,2,15
3432.0,cluster_12013799525_12013799526_2496228894,0,0,15
3432.0,cluster_12013799527_12013799528_2190601967,0,0,15
3432.0,cluster_12013799529_12013799530_473195061,0,2,15
3433.0,2496228891,0,2,15
3433.0,cluster_12013799525_12013799526_2496228894,0,0,15
3433.0,cluster_12013799527_12013799528_2190601967,0,0,15
3433.0,cluster_12013799529_12013799530_473195061,0,2,15
3434.0,2496228891,0,2,15
3434.0,cluster_12013799525_12013799526_2496228894,0,0,15
3434.0,cluster_12013799527_12013799528_2190601967,0,0,15
3434.0,cluster_12013799529_12013799530_473195061,0,2,15
3435.0,2496228891,0,2,15
3435.0,cluster_12013799527_12013799528_2190601967,0,0,15
3435.0,cluster_12013799529_12013799530_473195061,0,2,15
3436.0,2496228891,0,2,15
3436.0,cluster_12013799527_12013799528_2190601967,0,0,15
3436.0,cluster_12013799529_12013799530_473195061,0,2,15
3437.0,2496228891,0,2,15
3437.0,cluster_12013799527_12013799528_2190601967,0,0,15
3438.0,2496228891,0,2,15
3438.0,cluster_12013799525_12013799526_2496228894,0,2,15
3438.0,cluster_12013799527_12013799528_2190601967,0,0,15
3439.0,2496228891,0,2,15
3439.0,cluster_12013799525_12013799526_2496228894,0,2,15
3439.0,cluster_12013799527_12013799528_2190601967,0,0,15
3440.0,2496228891,0,2,15
3440.0,cluster_12013799525_12013799526_2496228894,0,2,15
3440.0,cluster_12013799527_12013799528_2190601967,0,0,15
3440.0,cluster_12013799529_12013799530_473195061,0,0,15
3441.0,2496228891,0,2,15
3441.0,cluster_12013799525_12013799526_2496228894,0,2,15
3441.0,cluster_12013799527_12013799528_2190601967,0,0,15
3441.0,cluster_12013799529_12013799530_473195061,0,0,15
3442.0,2496228891,0,2,15
3442.0,cluster_12013799525_12013799526_2496228894,0,2,15
3442.0,cluster_12013799527_12013799528_2190601967,0,0,15
3442.0,cluster_12013799529_12013799530_473195061,0,0,15
3443.0,2496228891,0,2,15
3443.0,cluster_12013799525_12013799526_2496228894,0,2,15
3443.0,cluster_12013799527_12013799528_2190601967,0,0,15
3443.0,cluster_12013799529_12013799530_473195061,0,0,15
3444.0,2496228891,0,2,15
3444.0,cluster_12013799525_12013799526_2496228894,0,2,15
3444.0,cluster_12013799527_12013799528_2190601967,0,0,15
3444.0,cluster_12013799529_12013799530_473195061,0,0,15
3445.0,cluster_12013799525_12013799526_2496228894,0,2,15
3445.0,cluster_12013799527_12013799528_2190601967,0,0,15
3445.0,cluster_12013799529_12013799530_473195061,0,0,15
3446.0,cluster_12013799525_12013799526_2496228894,0,2,15
3446.0,cluster_12013799527_12013799528_2190601967,0,0,15
3446.0,cluster_12013799529_12013799530_473195061,0,0,15
3447.0,cluster_12013799525_12013799526_2496228894,0,2,15
3447.0,cluster_12013799529_12013799530_473195061,0,0,15
3448.0,2496228891,0,0,15
3448.0,cluster_12013799525_12013799526_2496228894,0,2,15
3448.0,cluster_12013799529_12013799530_473195061,0,0,15
3449.0,2496228891,0,0,15
3449.0,cluster_12013799525_12013799526_2496228894,0,2,15
3449.0,cluster_12013799529_12013799530_473195061,0,0,15
3450.0,2496228891,0,0,15
3450.0,cluster_12013799525_12013799526_2496228894,0,2,15
3450.0,cluster_12013799527_12013799528_2190601967,0,2,15
3450.0,cluster_12013799529_12013799530_473195061,0,0,15
3451.0,2496228891,0,0,15
3451.0,cluster_12013799525_12013799526_2496228894,0,2,15
3451.0,cluster_12013799527_12013799528_2190601967,0,2,15
3451.0,cluster_12013799529_12013799530_473195061,0,0,15
3452.0,2496228891,0,0,15
3452.0,cluster_12013799525_12013799526_2496228894,0,2,15
3452.0,cluster_12013799527_12013799528_2190601967,0,2,15
3452.0,cluster_12013799529_12013799530_473195061,0,0,15
3453.0,2496228891,0,0,15
3453.0,cluster_12013799525_12013799526_2496228894,0,2,15
3453.0,cluster_12013799527_12013799528_2190601967,0,2,15
3453.0,cluster_12013799529_12013799530_473195061,0,0,15
3454.0,2496228891,0,0,15
3454.0,cluster_12013799527_12013799528_2190601967,0,2,15
3454.0,cluster_12013799529_12013799530_473195061,0,0,15
3455.0,2496228891,0,0,15
3455.0,cluster_12013799527_12013799528_2190601967,0,2,15
3455.0,cluster_12013799529_12013799530_473195061,0,0,15
3456.0,2496228891,0,0,15
3456.0,cluster_12013799527_12013799528_2190601967,0,2,15
3457.0,2496228891,0,0,15
3457.0,cluster_12013799525_12013799526_2496228894,0,0,15
3457.0,cluster_12013799527_12013799528_2190601967,0,2,15
3458.0,2496228891,0,0,15
3458.0,cluster_12013799525_12013799526_2496228894,0,0,15
3458.0,cluster_12013799527_12013799528_2190601967,0,2,15
3459.0,2496228891,0,0,15
3459.0,cluster_12013799525_12013799526_2496228894,0,0,15
3459.0,cluster_12013799527_12013799528_2190601967,0,2,15
3459.0,cluster_12013799529_12013799530_473195061,0,2,15
3460.0,2496228891,0,0,15
3460.0,cluster_12013799525_12013799526_2496228894,0,0,15
3460.0,cluster_12013799527_12013799528_2190601967,0,2,15
3460.0,cluster_12013799529_12013799530_473195061,0,2,15
3461.0,2496228891,0,0,15
3461.0,cluster_12013799525_12013799526_2496228894,0,0,15
3461.0,cluster_12013799527_12013799528_2190601967,0,2,15
3461.0,cluster_12013799529_12013799530_473195061,0,2,15
3462.0,2496228891,0,0,15
3462.0,cluster_12013799525_12013799526_2496228894,0,0,15
3462.0,cluster_12013799527_12013799528_2190601967,0,2,15
3462.0,cluster_12013799529_12013799530_473195061,0,2,15
3463.0,2496228891,1,0,15
3463.0,cluster_12013799525_12013799526_2496228894,1,0,15
3463.0,cluster_12013799527_12013799528_2190601967,1,2,15
3463.0,cluster_12013799529_12013799530_473195061,1,2,15
3464.0,cluster_12013799525_12013799526_2496228894,1,0,15
3464.0,cluster_12013799527_12013799528_2190601967,1,2,15
3464.0,cluster_12013799529_12013799530_473195061,1,2,15
3465.0,cluster_12013799525_12013799526_2496228894,1,0,15
3465.0,cluster_12013799527_12013799528_2190601967,1,2,15
3465.0,cluster_12013799529_12013799530_473195061,1,2,15
3466.0,cluster_12013799525_12013799526_2496228894,1,0,15
3466.0,cluster_12013799529_12013799530_473195061,1,2,15
3467.0,2496228891,2,2,15
3467.0,cluster_12013799525_12013799526_2496228894,2,0,15
3467.0,cluster_12013799529_12013799530_473195061,2,2,15
3468.0,2496228891,2,2,15
3468.0,cluster_12013799525_12013799526_2496228894,2,0,15
3468.0,cluster_12013799529_12013799530_473195061,2,2,15
3469.0,2496228891,2,2,15
3469.0,cluster_12013799525_12013799526_2496228894,2,0,15
3469.0,cluster_12013799527_12013799528_2190601967,2,0,15
3469.0,cluster_12013799529_12013799530_473195061,2,2,15
3470.0,2496228891,2,2,15
3470.0,cluster_12013799525_12013799526_2496228894,2,0,15
3470.0,cluster_12013799527_12013799528_2190601967,2,0,15
3470.0,cluster_12013799529_12013799530_473195061,2,2,15
3471.0,2496228891,3,2,15
3471.0,cluster_12013799525_12013799526_2496228894,3,0,15
3471.0,cluster_12013799527_12013799528_2190601967,3,0,15
3471.0,cluster_12013799529_12013799530_473195061,3,2,15
3472.0,2496228891,3,2,15
3472.0,cluster_12013799525_12013799526_2496228894,3,0,15
3472.0,cluster_12013799527_12013799528_2190601967,3,0,15
3472.0,cluster_12013799529_12013799530_473195061,3,2,15
3473.0,2496228891,3,2,15
3473.0,cluster_12013799527_12013799528_2190601967,3,0,15
3473.0,cluster_12013799529_12013799530_473195061,3,2,15
3474.0,2496228891,3,2,15
3474.0,cluster_12013799527_12013799528_2190601967,3,0,15
3474.0,cluster_12013799529_12013799530_473195061,3,2,15
3475.0,2496228891,3,2,15
3475.0,cluster_12013799527_12013799528_2190601967,4,0,23
3476.0,2496228891,3,2,15
3476.0,cluster_12013799525_12013799526_2496228894,3,2,15
3476.0,cluster_12013799527_12013799528_2190601967,4,0,21
3477.0,2496228891,3,2,15
3477.0,cluster_12013799525_12013799526_2496228894,3,2,15
3477.0,cluster_12013799527_12013799528_2190601967,4,0,21
3478.0,2496228891,3,2,15
3478.0,cluster_12013799525_12013799526_2496228894,3,2,15
3478.0,cluster_12013799527_12013799528_2190601967,4,0,21
3478.0,cluster_12013799529_12013799530_473195061,5,0,21
3479.0,2496228891,2,2,15
3479.0,cluster_12013799525_12013799526_2496228894,2,2,15
3479.0,cluster_12013799527_12013799528_2190601967,5,0,23
3479.0,cluster_12013799529_12013799530_473195061,4,0,21
3480.0,2496228891,3,2,15
3480.0,cluster_12013799525_12013799526_2496228894,3,2,15
3480.0,cluster_12013799527_12013799528_2190601967,5,0,21
3480.0,cluster_12013799529_12013799530_473195061,4,0,21
3481.0,2496228891,2,2,15
3481.0,cluster_12013799525_12013799526_2496228894,2,2,15
3481.0,cluster_12013799527_12013799528_2190601967,5,0,21
3481.0,cluster_12013799529_12013799530_473195061,4,0,21
3482.0,2496228891,2,2,15
3482.0,cluster_12013799525_12013799526_2496228894,2,2,15
3482.0,cluster_12013799527_12013799528_2190601967,5,0,21
3482.0,cluster_12013799529_12013799530_473195061,4,0,21
3483.0,cluster_12013799525_12013799526_2496228894,3,2,15
3483.0,cluster_12013799527_12013799528_2190601967,5,0,21
3483.0,cluster_12013799529_12013799530_473195061,3,0,15
3484.0,cluster_12013799525_12013799526_2496228894,3,2,15
3484.0,cluster_12013799527_12013799528_2190601967,5,0,21
3484.0,cluster_12013799529_12013799530_473195061,3,0,15
3485.0,cluster_12013799525_12013799526_2496228894,3,2,15
3485.0,cluster_12013799529_12013799530_473195061,3,0,15
3486.0,2496228891,6,0,21
3486.0,cluster_12013799525_12013799526_2496228894,3,2,15
3486.0,cluster_12013799529_12013799530_473195061,3,0,15
3487.0,2496228891,6,0,21
3487.0,cluster_12013799525_12013799526_2496228894,3,2,15
3487.0,cluster_12013799529_12013799530_473195061,3,0,15
3488.0,2496228891,5,0,21
3488.0,cluster_12013799525_12013799526_2496228894,3,2,15
3488.0,cluster_12013799527_12013799528_2190601967,3,2,15
3488.0,cluster_12013799529_12013799530_473195061,2,0,15
3489.0,2496228891,5,0,21
3489.0,cluster_12013799525_12013799526_2496228894,3,2,15
3489.0,cluster_12013799527_12013799528_2190601967,3,2,15
3489.0,cluster_12013799529_12013799530_473195061,2,0,15
3490.0,2496228891,3,0,15
3490.0,cluster_12013799525_12013799526_2496228894,3,2,15
3490.0,cluster_12013799527_12013799528_2190601967,3,2,15
3490.0,cluster_12013799529_12013799530_473195061,2,0,15
3491.0,2496228891,2,0,15
3491.0,cluster_12013799525_12013799526_2496228894,3,2,15
3491.0,cluster_12013799527_12013799528_2190601967,3,2,15
3491.0,cluster_12013799529_12013799530_473195061,1,0,15
3492.0,2496228891,2,0,15
3492.0,cluster_12013799527_12013799528_2190601967,3,2,15
3492.0,cluster_12013799529_12013799530_473195061,1,0,15
3493.0,2496228891,2,0,15
3493.0,cluster_12013799527_12013799528_2190601967,3,2,15
3493.0,cluster_12013799529_12013799530_473195061,1,0,15
3494.0,2496228891,2,0,15
3494.0,cluster_12013799527_12013799528_2190601967,3,2,15
3494.0,cluster_12013799529_12013799530_473195061,1,0,15
3495.0,2496228891,2,0,15
3495.0,cluster_12013799525_12013799526_2496228894,2,0,15
3495.0,cluster_12013799527_12013799528_2190601967,2,2,15
3495.0,cluster_12013799529_12013799530_473195061,1,0,15
3496.0,2496228891,2,0,15
3496.0,cluster_12013799525_12013799526_2496228894,2,0,15
3496.0,cluster_12013799527_12013799528_2190601967,2,2,15
3496.0,cluster_12013799529_12013799530_473195061,0,0,15
3497.0,2496228891,1,0,15
3497.0,cluster_12013799525_12013799526_2496228894,2,0,15
3497.0,cluster_12013799527_12013799528_2190601967,2,2,15
3497.0,cluster_12013799529_12013799530_473195061,0,0,15
3498.0,2496228891,2,0,15
3498.0,cluster_12013799525_12013799526_2496228894,2,0,15
3498.0,cluster_12013799527_12013799528_2190601967,2,2,15
3498.0,cluster_12013799529_12013799530_473195061,0,0,15
3499.0,2496228891,2,0,15
3499.0,cluster_12013799525_12013799526_2496228894,1,0,15
3499.0,cluster_12013799527_12013799528_2190601967,1,2,15
3499.0,cluster_12013799529_12013799530_473195061,0,0,15
3500.0,2496228891,2,0,15
3500.0,cluster_12013799525_12013799526_2496228894,1,0,15
3500.0,cluster_12013799527_12013799528_2190601967,1,2,15
3501.0,2496228891,1,0,15
3501.0,cluster_12013799525_12013799526_2496228894,1,0,15
3501.0,cluster_12013799527_12013799528_2190601967,2,2,15
3502.0,2496228891,1,0,15
3502.0,cluster_12013799525_12013799526_2496228894,0,0,15
3502.0,cluster_12013799527_12013799528_2190601967,1,2,15
3503.0,2496228891,1,0,15
3503.0,cluster_12013799525_12013799526_2496228894,0,0,15
3503.0,cluster_12013799527_12013799528_2190601967,2,2,15
3503.0,cluster_12013799529_12013799530_473195061,6,2,21
3504.0,2496228891,1,0,15
3504.0,cluster_12013799525_12013799526_2496228894,0,0,15
3504.0,cluster_12013799529_12013799530_473195061,6,2,21
3505.0,2496228891,1,0,15
3505.0,cluster_12013799525_12013799526_2496228894,0,0,15
3505.0,cluster_12013799529_12013799530_473195061,6,2,21
3506.0,2496228891,1,0,15
3506.0,cluster_12013799525_12013799526_2496228894,0,0,15
3506.0,cluster_12013799529_12013799530_473195061,6,2,21
3507.0,2496228891,1,0,15
3507.0,cluster_12013799525_12013799526_2496228894,0,0,15
3507.0,cluster_12013799527_12013799528_2190601967,6,0,21
3507.0,cluster_12013799529_12013799530_473195061,6,2,21
3508.0,cluster_12013799525_12013799526_2496228894,0,0,15
3508.0,cluster_12013799527_12013799528_2190601967,5,0,21
3508.0,cluster_12013799529_12013799530_473195061,5,2,21
3509.0,cluster_12013799525_12013799526_2496228894,0,0,15
3509.0,cluster_12013799527_12013799528_2190601967,5,0,21
3509.0,cluster_12013799529_12013799530_473195061,5,2,21
3510.0,cluster_12013799525_12013799526_2496228894,0,0,15
3510.0,cluster_12013799527_12013799528_2190601967,5,0,21
3510.0,cluster_12013799529_12013799530_473195061,5,2,21
3511.0,2496228891,1,2,15
3511.0,cluster_12013799527_12013799528_2190601967,5,0,21
3511.0,cluster_12013799529_12013799530_473195061,5,2,21
3512.0,2496228891,1,2,15
3512.0,cluster_12013799527_12013799528_2190601967,4,0,21
3512.0,cluster_12013799529_12013799530_473195061,4,2,21
3513.0,2496228891,1,2,15
3513.0,cluster_12013799527_12013799528_2190601967,4,0,21
3513.0,cluster_12013799529_12013799530_473195061,5,2,23
3514.0,2496228891,1,2,15
3514.0,cluster_12013799525_12013799526_2496228894,3,2,15
3514.0,cluster_12013799527_12013799528_2190601967,4,0,21
3514.0,cluster_12013799529_12013799530_473195061,5,2,21
3515.0,2496228891,0,2,15
3515.0,cluster_12013799525_12013799526_2496228894,1,2,15
3515.0,cluster_12013799527_12013799528_2190601967,3,0,15
3515.0,cluster_12013799529_12013799530_473195061,5,2,23
3516.0,2496228891,0,2,15
3516.0,cluster_12013799525_12013799526_2496228894,1,2,15
3516.0,cluster_12013799527_12013799528_2190601967,3,0,15
3516.0,cluster_12013799529_12013799530_473195061,5,2,21
3517.0,2496228891,0,2,15
3517.0,cluster_12013799525_12013799526_2496228894,1,2,15
3517.0,cluster_12013799527_12013799528_2190601967,2,0,15
3517.0,cluster_12013799529_12013799530_473195061,5,2,23
3518.0,2496228891,0,2,15
3518.0,cluster_12013799525_12013799526_2496228894,2,2,15
3518.0,cluster_12013799527_12013799528_2190601967,2,0,15
3518.0,cluster_12013799529_12013799530_473195061,5,2,21
3519.0,2496228891,0,2,15
3519.0,cluster_12013799525_12013799526_2496228894,2,2,15
3519.0,cluster_12013799527_12013799528_2190601967,2,0,15
3519.0,cluster_12013799529_12013799530_473195061,5,2,21
3520.0,2496228891,0,2,15
3520.0,cluster_12013799525_12013799526_2496228894,2,2,15
3520.0,cluster_12013799527_12013799528_2190601967,1,0,15
3520.0,cluster_12013799529_12013799530_473195061,5,2,23
3521.0,2496228891,0,2,15
3521.0,cluster_12013799525_12013799526_2496228894,2,2,15
3521.0,cluster_12013799527_12013799528_2190601967,1,0,15
3521.0,cluster_12013799529_12013799530_473195061,5,2,21
3522.0,2496228891,0,2,15
3522.0,cluster_12013799525_12013799526_2496228894,2,2,15
3522.0,cluster_12013799527_12013799528_2190601967,0,0,15
3522.0,cluster_12013799529_12013799530_473195061,5,2,23
3523.0,2496228891,0,2,15
3523.0,cluster_12013799525_12013799526_2496228894,2,2,15
3523.0,cluster_12013799527_12013799528_2190601967,0,0,15
3523.0,cluster_12013799529_12013799530_473195061,5,2,21
3524.0,2496228891,0,2,15
3524.0,cluster_12013799525_12013799526_2496228894,2,2,15
3524.0,cluster_12013799527_12013799528_2190601967,0,0,15
3524.0,cluster_12013799529_12013799530_473195061,4,2,21
3525.0,2496228891,0,2,15
3525.0,cluster_12013799525_12013799526_2496228894,2,2,15
3525.0,cluster_12013799527_12013799528_2190601967,0,0,15
3526.0,2496228891,0,2,15
3526.0,cluster_12013799525_12013799526_2496228894,2,2,15
3526.0,cluster_12013799527_12013799528_2190601967,0,0,15
3527.0,cluster_12013799525_12013799526_2496228894,1,2,15
3527.0,cluster_12013799527_12013799528_2190601967,0,0,15
3528.0,cluster_12013799525_12013799526_2496228894,1,2,15
3528.0,cluster_12013799527_12013799528_2190601967,0,0,15
3528.0,cluster_12013799529_12013799530_473195061,0,0,15
3529.0,cluster_12013799525_12013799526_2496228894,0,2,15
3529.0,cluster_12013799529_12013799530_473195061,0,0,15
3530.0,2496228891,0,0,15
3530.0,cluster_12013799529_12013799530_473195061,0,0,15
3531.0,2496228891,1,0,15
3531.0,cluster_12013799529_12013799530_473195061,0,0,15
3532.0,2496228891,1,0,15
3532.0,cluster_12013799527_12013799528_2190601967,3,2,15
3532.0,cluster_12013799529_12013799530_473195061,0,0,15
3533.0,2496228891,1,0,15
3533.0,cluster_12013799525_12013799526_2496228894,0,0,15
3533.0,cluster_12013799527_12013799528_2190601967,3,2,15
3533.0,cluster_12013799529_12013799530_473195061,0,0,15
3534.0,2496228891,1,0,15
3534.0,cluster_12013799525_12013799526_2496228894,0,0,15
3534.0,cluster_12013799527_12013799528_2190601967,3,2,15
3534.0,cluster_12013799529_12013799530_473195061,0,0,15
3535.0,2496228891,1,0,15
3535.0,cluster_12013799525_12013799526_2496228894,0,0,15
3535.0,cluster_12013799527_12013799528_2190601967,2,2,15
3535.0,cluster_12013799529_12013799530_473195061,0,0,15
3536.0,2496228891,0,0,15
3536.0,cluster_12013799525_12013799526_2496228894,0,0,15
3536.0,cluster_12013799527_12013799528_2190601967,1,2,15
3536.0,cluster_12013799529_12013799530_473195061,0,0,15
3537.0,2496228891,0,0,15
3537.0,cluster_12013799525_12013799526_2496228894,0,0,15
3537.0,cluster_12013799527_12013799528_2190601967,2,2,15
3537.0,cluster_12013799529_12013799530_473195061,0,0,15
3538.0,2496228891,0,0,15
3538.0,cluster_12013799525_12013799526_2496228894,0,0,15
3538.0,cluster_12013799527_12013799528_2190601967,2,2,15
3538.0,cluster_12013799529_12013799530_473195061,0,0,15
3539.0,2496228891,0,0,15
3539.0,cluster_12013799525_12013799526_2496228894,0,0,15
3539.0,cluster_12013799527_12013799528_2190601967,2,2,15
3539.0,cluster_12013799529_12013799530_473195061,0,0,15
3540.0,2496228891,0,0,15
3540.0,cluster_12013799525_12013799526_2496228894,0,0,15
3540.0,cluster_12013799527_12013799528_2190601967,2,2,15
3540.0,cluster_12013799529_12013799530_473195061,0,0,15
3541.0,2496228891,0,0,15
3541.0,cluster_12013799525_12013799526_2496228894,0,0,15
3541.0,cluster_12013799527_12013799528_2190601967,0,2,15
3541.0,cluster_12013799529_12013799530_473195061,0,0,15
3542.0,2496228891,0,0,15
3542.0,cluster_12013799525_12013799526_2496228894,0,0,15
3542.0,cluster_12013799527_12013799528_2190601967,0,2,15
3542.0,cluster_12013799529_12013799530_473195061,0,0,15
3543.0,2496228891,0,0,15
3543.0,cluster_12013799525_12013799526_2496228894,0,0,15
3543.0,cluster_12013799527_12013799528_2190601967,0,2,15
3543.0,cluster_12013799529_12013799530_473195061,0,0,15
3544.0,2496228891,0,0,15
3544.0,cluster_12013799525_12013799526_2496228894,0,0,15
3544.0,cluster_12013799527_12013799528_2190601967,0,2,15
3545.0,2496228891,0,0,15
3545.0,cluster_12013799525_12013799526_2496228894,0,0,15
3545.0,cluster_12013799527_12013799528_2190601967,0,2,15
3546.0,cluster_12013799525_12013799526_2496228894,0,0,15
3546.0,cluster_12013799527_12013799528_2190601967,0,2,15
3547.0,cluster_12013799525_12013799526_2496228894,0,0,15
3547.0,cluster_12013799527_12013799528_2190601967,0,2,15
3547.0,cluster_12013799529_12013799530_473195061,6,2,21
3548.0,cluster_12013799525_12013799526_2496228894,0,0,15
3548.0,cluster_12013799529_12013799530_473195061,5,2,23
3549.0,2496228891,0,2,15
3549.0,cluster_12013799529_12013799530_473195061,5,2,21
3550.0,2496228891,0,2,15
3550.0,cluster_12013799529_12013799530_473195061,5,2,21
3551.0,2496228891,0,2,15
3551.0,cluster_12013799527_12013799528_2190601967,0,0,15
3551.0,cluster_12013799529_12013799530_473195061,5,2,21
3552.0,2496228891,0,2,15
3552.0,cluster_12013799525_12013799526_2496228894,0,2,15
3552.0,cluster_12013799527_12013799528_2190601967,0,0,15
3552.0,cluster_12013799529_12013799530_473195061,4,2,21
3553.0,2496228891,0,2,15
3553.0,cluster_12013799525_12013799526_2496228894,0,2,15
3553.0,cluster_12013799527_12013799528_2190601967,0,0,15
3553.0,cluster_12013799529_12013799530_473195061,4,2,21
3554.0,2496228891,0,2,15
3554.0,cluster_12013799525_12013799526_2496228894,0,2,15
3554.0,cluster_12013799527_12013799528_2190601967,0,0,15
3554.0,cluster_12013799529_12013799530_473195061,2,2,15
3555.0,2496228891,0,2,15
3555.0,cluster_12013799525_12013799526_2496228894,0,2,15
3555.0,cluster_12013799527_12013799528_2190601967,0,0,15
3555.0,cluster_12013799529_12013799530_473195061,2,2,15
3556.0,2496228891,0,2,15
3556.0,cluster_12013799525_12013799526_2496228894,0,2,15
3556.0,cluster_12013799527_12013799528_2190601967,0,0,15
3556.0,cluster_12013799529_12013799530_473195061,2,2,15
3557.0,2496228891,0,2,15
3557.0,cluster_12013799525_12013799526_2496228894,0,2,15
3557.0,cluster_12013799527_12013799528_2190601967,0,0,15
3557.0,cluster_12013799529_12013799530_473195061,1,2,15
3558.0,2496228891,0,2,15
3558.0,cluster_12013799525_12013799526_2496228894,0,2,15
3558.0,cluster_12013799527_12013799528_2190601967,0,0,15
3558.0,cluster_12013799529_12013799530_473195061,1,2,15
3559.0,2496228891,0,2,15
3559.0,cluster_12013799525_12013799526_2496228894,0,2,15
3559.0,cluster_12013799527_12013799528_2190601967,0,0,15
3559.0,cluster_12013799529_12013799530_473195061,1,2,15
3560.0,2496228891,0,2,15
3560.0,cluster_12013799525_12013799526_2496228894,0,2,15
3560.0,cluster_12013799527_12013799528_2190601967,0,0,15
3560.0,cluster_12013799529_12013799530_473195061,0,2,15
3561.0,2496228891,0,2,15
3561.0,cluster_12013799525_12013799526_2496228894,0,2,15
3561.0,cluster_12013799527_12013799528_2190601967,0,0,15
3561.0,cluster_12013799529_12013799530_473195061,0,2,15
3562.0,2496228891,0,2,15
3562.0,cluster_12013799525_12013799526_2496228894,0,2,15
3562.0,cluster_12013799527_12013799528_2190601967,0,0,15
3562.0,cluster_12013799529_12013799530_473195061,0,2,15
3563.0,2496228891,0,2,15
3563.0,cluster_12013799525_12013799526_2496228894,0,2,15
3563.0,cluster_12013799527_12013799528_2190601967,0,0,15
3563.0,cluster_12013799529_12013799530_473195061,0,2,15
3564.0,2496228891,0,2,15
3564.0,cluster_12013799525_12013799526_2496228894,0,2,15
3564.0,cluster_12013799527_12013799528_2190601967,0,0,15
3564.0,cluster_12013799529_12013799530_473195061,0,2,15
3565.0,cluster_12013799525_12013799526_2496228894,0,2,15
3565.0,cluster_12013799527_12013799528_2190601967,0,0,15
3565.0,cluster_12013799529_12013799530_473195061,0,2,15
3566.0,cluster_12013799525_12013799526_2496228894,0,2,15
3566.0,cluster_12013799527_12013799528_2190601967,0,0,15
3566.0,cluster_12013799529_12013799530_473195061,0,2,15
3567.0,cluster_12013799525_12013799526_2496228894,0,2,15
3567.0,cluster_12013799529_12013799530_473195061,0,2,15
3568.0,2496228891,4,0,21
3568.0,cluster_12013799529_12013799530_473195061,0,2,15
3569.0,2496228891,3,0,15
3570.0,2496228891,3,0,15
3570.0,cluster_12013799527_12013799528_2190601967,0,2,15
3571.0,2496228891,3,0,15
3571.0,cluster_12013799525_12013799526_2496228894,0,0,15
3571.0,cluster_12013799527_12013799528_2190601967,0,2,15
3572.0,2496228891,3,0,15
3572.0,cluster_12013799525_12013799526_2496228894,0,0,15
3572.0,cluster_12013799527_12013799528_2190601967,0,2,15
3572.0,cluster_12013799529_12013799530_473195061,0,0,15
3573.0,2496228891,1,0,15
3573.0,cluster_12013799525_12013799526_2496228894,0,0,15
3573.0,cluster_12013799527_12013799528_2190601967,0,2,15
3573.0,cluster_12013799529_12013799530_473195061,0,0,15
3574.0,2496228891,1,0,15
3574.0,cluster_12013799525_12013799526_2496228894,0,0,15
3574.0,cluster_12013799527_12013799528_2190601967,0,2,15
3574.0,cluster_12013799529_12013799530_473195061,0,0,15
3575.0,2496228891,0,0,15
3575.0,cluster_12013799525_12013799526_2496228894,0,0,15
3575.0,cluster_12013799527_12013799528_2190601967,0,2,15
3575.0,cluster_12013799529_12013799530_473195061,0,0,15
3576.0,2496228891,0,0,15
3576.0,cluster_12013799525_12013799526_2496228894,0,0,15
3576.0,cluster_12013799527_12013799528_2190601967,0,2,15
3576.0,cluster_12013799529_12013799530_473195061,0,0,15
3577.0,2496228891,0,0,15
3577.0,cluster_12013799525_12013799526_2496228894,0,0,15
3577.0,cluster_12013799527_12013799528_2190601967,0,2,15
3577.0,cluster_12013799529_12013799530_473195061,0,0,15
3578.0,2496228891,0,0,15
3578.0,cluster_12013799525_12013799526_2496228894,0,0,15
3578.0,cluster_12013799527_12013799528_2190601967,0,2,15
3578.0,cluster_12013799529_12013799530_473195061,0,0,15
3579.0,2496228891,0,0,15
3579.0,cluster_12013799525_12013799526_2496228894,0,0,15
3579.0,cluster_12013799527_12013799528_2190601967,0,2,15
3579.0,cluster_12013799529_12013799530_473195061,0,0,15
3580.0,2496228891,0,0,15
3580.0,cluster_12013799525_12013799526_2496228894,0,0,15
3580.0,cluster_12013799527_12013799528_2190601967,0,2,15
3580.0,cluster_12013799529_12013799530_473195061,0,0,15
3581.0,2496228891,0,0,15
3581.0,cluster_12013799525_12013799526_2496228894,0,0,15
3581.0,cluster_12013799527_12013799528_2190601967,0,2,15
3581.0,cluster_12013799529_12013799530_473195061,0,0,15
3582.0,2496228891,0,0,15
3582.0,cluster_12013799525_12013799526_2496228894,0,0,15
3582.0,cluster_12013799527_12013799528_2190601967,0,2,15
3582.0,cluster_12013799529_12013799530_473195061,0,0,15
3583.0,2496228891,0,0,15
3583.0,cluster_12013799525_12013799526_2496228894,0,0,15
3583.0,cluster_12013799527_12013799528_2190601967,0,2,15
3583.0,cluster_12013799529_12013799530_473195061,0,0,15
3584.0,2496228891,0,0,15
3584.0,cluster_12013799525_12013799526_2496228894,0,0,15
3584.0,cluster_12013799527_12013799528_2190601967,0,2,15
3584.0,cluster_12013799529_12013799530_473195061,0,0,15
3585.0,2496228891,0,0,15
3585.0,cluster_12013799525_12013799526_2496228894,0,0,15
3585.0,cluster_12013799527_12013799528_2190601967,0,2,15
3585.0,cluster_12013799529_12013799530_473195061,0,0,15
3586.0,2496228891,0,0,15
3586.0,cluster_12013799525_12013799526_2496228894,0,0,15
3586.0,cluster_12013799529_12013799530_473195061,0,0,15
3587.0,2496228891,0,0,15
3587.0,cluster_12013799529_12013799530_473195061,0,0,15
3588.0,2496228891,0,0,15
3589.0,2496228891,0,0,15
3589.0,cluster_12013799527_12013799528_2190601967,0,0,15
3590.0,cluster_12013799525_12013799526_2496228894,0,2,15
3590.0,cluster_12013799527_12013799528_2190601967,0,0,15
3591.0,cluster_12013799525_12013799526_2496228894,0,2,15
3591.0,cluster_12013799527_12013799528_2190601967,0,0,15
3591.0,cluster_12013799529_12013799530_473195061,0,2,15
3592.0,cluster_12013799525_12013799526_2496228894,0,2,15
3592.0,cluster_12013799527_12013799528_2190601967,0,0,15
3592.0,cluster_12013799529_12013799530_473195061,0,2,15
3593.0,2496228891,0,2,15
3593.0,cluster_12013799525_12013799526_2496228894,0,2,15
3593.0,cluster_12013799527_12013799528_2190601967,0,0,15
3593.0,cluster_12013799529_12013799530_473195061,0,2,15
3594.0,2496228891,0,2,15
3594.0,cluster_12013799525_12013799526_2496228894,0,2,15
3594.0,cluster_12013799527_12013799528_2190601967,0,0,15
3594.0,cluster_12013799529_12013799530_473195061,0,2,15
3595.0,2496228891,0,2,15
3595.0,cluster_12013799525_12013799526_2496228894,0,2,15
3595.0,cluster_12013799527_12013799528_2190601967,0,0,15
3595.0,cluster_12013799529_12013799530_473195061,0,2,15
3596.0,2496228891,0,2,15
3596.0,cluster_12013799525_12013799526_2496228894,0,2,15
3596.0,cluster_12013799527_12013799528_2190601967,0,0,15
3596.0,cluster_12013799529_12013799530_473195061,0,2,15
3597.0,2496228891,0,2,15
3597.0,cluster_12013799525_12013799526_2496228894,0,2,15
3597.0,cluster_12013799527_12013799528_2190601967,0,0,15
3597.0,cluster_12013799529_12013799530_473195061,0,2,15
3598.0,2496228891,0,2,15
3598.0,cluster_12013799525_12013799526_2496228894,0,2,15
3598.0,cluster_12013799527_12013799528_2190601967,0,0,15
3598.0,cluster_12013799529_12013799530_473195061,0,2,15
3599.0,2496228891,0,2,15
3599.0,cluster_12013799525_12013799526_2496228894,0,2,15
3599.0,cluster_12013799527_12013799528_2190601967,0,0,15
3599.0,cluster_12013799529_12013799530_473195061,0,2,15
3600.0,2496228891,0,2,15
3600.0,cluster_12013799525_12013799526_2496228894,0,2,15
3600.0,cluster_12013799527_12013799528_2190601967,0,0,15
3600.0,cluster_12013799529_12013799530_473195061,0,2,15
3601.0,2496228891,1,2,15
3601.0,cluster_12013799525_12013799526_2496228894,1,2,15
3601.0,cluster_12013799527_12013799528_2190601967,1,0,15
3601.0,cluster_12013799529_12013799530_473195061,1,2,15
3602.0,2496228891,1,2,15
3602.0,cluster_12013799525_12013799526_2496228894,1,2,15
3602.0,cluster_12013799527_12013799528_2190601967,1,0,15
3602.0,cluster_12013799529_12013799530_473195061,1,2,15
3603.0,2496228891,1,2,15
3603.0,cluster_12013799525_12013799526_2496228894,1,2,15
3603.0,cluster_12013799527_12013799528_2190601967,1,0,15
3603.0,cluster_12013799529_12013799530_473195061,1,2,15
3604.0,2496228891,1,2,15
3604.0,cluster_12013799525_12013799526_2496228894,1,2,15
3604.0,cluster_12013799527_12013799528_2190601967,1,0,15
3604.0,cluster_12013799529_12013799530_473195061,1,2,15
3605.0,2496228891,2,2,15
3605.0,cluster_12013799525_12013799526_2496228894,2,2,15
3605.0,cluster_12013799529_12013799530_473195061,2,2,15
3606.0,2496228891,2,2,15
3606.0,cluster_12013799529_12013799530_473195061,2,2,15
3607.0,2496228891,2,2,15
3608.0,2496228891,2,2,15
3608.0,cluster_12013799527_12013799528_2190601967,2,2,15
3609.0,cluster_12013799525_12013799526_2496228894,3,0,15
3609.0,cluster_12013799527_12013799528_2190601967,3,2,15
3610.0,cluster_12013799525_12013799526_2496228894,3,0,15
3610.0,cluster_12013799527_12013799528_2190601967,3,2,15
3610.0,cluster_12013799529_12013799530_473195061,3,0,15
3611.0,cluster_12013799525_12013799526_2496228894,2,0,15
3611.0,cluster_12013799527_12013799528_2190601967,2,2,15
3611.0,cluster_12013799529_12013799530_473195061,3,0,15
3612.0,2496228891,3,0,15
3612.0,cluster_12013799525_12013799526_2496228894,2,0,15
3612.0,cluster_12013799527_12013799528_2190601967,2,2,15
3612.0,cluster_12013799529_12013799530_473195061,3,0,15
3613.0,2496228891,4,0,23
3613.0,cluster_12013799525_12013799526_2496228894,3,0,15
3613.0,cluster_12013799527_12013799528_2190601967,4,2,23
3613.0,cluster_12013799529_12013799530_473195061,4,0,21
3614.0,2496228891,4,0,21
3614.0,cluster_12013799525_12013799526_2496228894,2,0,15
3614.0,cluster_12013799527_12013799528_2190601967,3,2,15
3614.0,cluster_12013799529_12013799530_473195061,4,0,21
3615.0,2496228891,4,0,21
3615.0,cluster_12013799525_12013799526_2496228894,2,0,15
3615.0,cluster_12013799527_12013799528_2190601967,3,2,15
3615.0,cluster_12013799529_12013799530_473195061,4,0,21
3616.0,2496228891,4,0,21
3616.0,cluster_12013799525_12013799526_2496228894,2,0,15
3616.0,cluster_12013799527_12013799528_2190601967,4,2,23
3616.0,cluster_12013799529_12013799530_473195061,4,0,21
3617.0,2496228891,5,0,23
3617.0,cluster_12013799525_12013799526_2496228894,2,0,15
3617.0,cluster_12013799527_12013799528_2190601967,4,2,21
3617.0,cluster_12013799529_12013799530_473195061,5,0,21
3618.0,2496228891,4,0,21
3618.0,cluster_12013799525_12013799526_2496228894,2,0,15
3618.0,cluster_12013799527_12013799528_2190601967,4,2,21
3618.0,cluster_12013799529_12013799530_473195061,4,0,21
3619.0,2496228891,4,0,21
3619.0,cluster_12013799525_12013799526_2496228894,1,0,15
3619.0,cluster_12013799527_12013799528_2190601967,2,2,15
3619.0,cluster_12013799529_12013799530_473195061,4,0,21
3620.0,2496228891,4,0,21
3620.0,cluster_12013799525_12013799526_2496228894,1,0,15
3620.0,cluster_12013799527_12013799528_2190601967,3,2,15
3620.0,cluster_12013799529_12013799530_473195061,4,0,21
3621.0,2496228891,5,0,23
3621.0,cluster_12013799525_12013799526_2496228894,1,0,15
3621.0,cluster_12013799527_12013799528_2190601967,3,2,15
3621.0,cluster_12013799529_12013799530_473195061,3,0,15
3622.0,2496228891,5,0,21
3622.0,cluster_12013799525_12013799526_2496228894,1,0,15
3622.0,cluster_12013799527_12013799528_2190601967,4,2,23
3622.0,cluster_12013799529_12013799530_473195061,3,0,15
3623.0,2496228891,7,0,23
3623.0,cluster_12013799525_12013799526_2496228894,0,0,15
3623.0,cluster_12013799527_12013799528_2190601967,3,2,15
3623.0,cluster_12013799529_12013799530_473195061,3,0,15
3624.0,2496228891,7,0,21
3624.0,cluster_12013799525_12013799526_2496228894,0,0,15
3624.0,cluster_12013799529_12013799530_473195061,3,0,15
3625.0,2496228891,5,0,21
3625.0,cluster_12013799529_12013799530_473195061,3,0,15
3626.0,2496228891,5,0,21
3627.0,2496228891,6,0,23
3627.0,cluster_12013799527_12013799528_2190601967,6,0,21
3628.0,cluster_12013799525_12013799526_2496228894,3,2,15
3628.0,cluster_12013799527_12013799528_2190601967,6,0,21
3629.0,cluster_12013799525_12013799526_2496228894,3,2,15
3629.0,cluster_12013799527_12013799528_2190601967,6,0,21
3629.0,cluster_12013799529_12013799530_473195061,6,2,21
3630.0,cluster_12013799525_12013799526_2496228894,3,2,15
3630.0,cluster_12013799527_12013799528_2190601967,6,0,21
3630.0,cluster_12013799529_12013799530_473195061,6,2,21
3631.0,2496228891,3,2,15
3631.0,cluster_12013799525_12013799526_2496228894,3,2,15
3631.0,cluster_12013799527_12013799528_2190601967,5,0,21
3631.0,cluster_12013799529_12013799530_473195061,5,2,21
3632.0,2496228891,2,2,15
3632.0,cluster_12013799525_12013799526_2496228894,2,2,15
3632.0,cluster_12013799527_12013799528_2190601967,5,0,21
3632.0,cluster_12013799529_12013799530_473195061,5,2,21
3633.0,2496228891,2,2,15
3633.0,cluster_12013799525_12013799526_2496228894,2,2,15
3633.0,cluster_12013799527_12013799528_2190601967,5,0,21
3633.0,cluster_12013799529_12013799530_473195061,5,2,21
3634.0,2496228891,2,2,15
3634.0,cluster_12013799525_12013799526_2496228894,2,2,15
3634.0,cluster_12013799527_12013799528_2190601967,4,0,21
3634.0,cluster_12013799529_12013799530_473195061,4,2,21
3635.0,2496228891,2,2,15
3635.0,cluster_12013799525_12013799526_2496228894,2,2,15
3635.0,cluster_12013799527_12013799528_2190601967,4,0,21
3635.0,cluster_12013799529_12013799530_473195061,5,2,23
3636.0,2496228891,1,2,15
3636.0,cluster_12013799525_12013799526_2496228894,2,2,15
3636.0,cluster_12013799527_12013799528_2190601967,4,0,21
3636.0,cluster_12013799529_12013799530_473195061,5,2,21
3637.0,2496228891,1,2,15
3637.0,cluster_12013799525_12013799526_2496228894,2,2,15
3637.0,cluster_12013799527_12013799528_2190601967,3,0,15
3637.0,cluster_12013799529_12013799530_473195061,5,2,23
3638.0,2496228891,0,2,15
3638.0,cluster_12013799525_12013799526_2496228894,1,2,15
3638.0,cluster_12013799527_12013799528_2190601967,3,0,15
3638.0,cluster_12013799529_12013799530_473195061,5,2,21
3639.0,2496228891,0,2,15
3639.0,cluster_12013799525_12013799526_2496228894,2,2,15
3639.0,cluster_12013799527_12013799528_2190601967,2,0,15
3639.0,cluster_12013799529_12013799530_473195061,5,2,23
3640.0,2496228891,0,2,15
3640.0,cluster_12013799525_12013799526_2496228894,2,2,15
3640.0,cluster_12013799527_12013799528_2190601967,2,0,15
3640.0,cluster_12013799529_12013799530_473195061,5,2,21
3641.0,2496228891,0,2,15
3641.0,cluster_12013799525_12013799526_2496228894,3,2,15
3641.0,cluster_12013799527_12013799528_2190601967,1,0,15
3641.0,cluster_12013799529_12013799530_473195061,4,2,21
3642.0,2496228891,0,2,15
3642.0,cluster_12013799525_12013799526_2496228894,3,2,15
3642.0,cluster_12013799527_12013799528_2190601967,1,0,15
3642.0,cluster_12013799529_12013799530_473195061,5,2,23
3643.0,2496228891,0,2,15
3643.0,cluster_12013799525_12013799526_2496228894,3,2,15
3643.0,cluster_12013799527_12013799528_2190601967,1,0,15
3643.0,cluster_12013799529_12013799530_473195061,5,2,21
3644.0,2496228891,0,2,15
3644.0,cluster_12013799527_12013799528_2190601967,0,0,15
3644.0,cluster_12013799529_12013799530_473195061,5,2,23
3645.0,2496228891,0,2,15
3645.0,cluster_12013799527_12013799528_2190601967,0,0,15
3645.0,cluster_12013799529_12013799530_473195061,4,2,21
3646.0,2496228891,0,2,15
3646.0,cluster_12013799527_12013799528_2190601967,0,0,15
3646.0,cluster_12013799529_12013799530_473195061,5,2,23
3647.0,cluster_12013799525_12013799526_2496228894,0,0,15
3647.0,cluster_12013799527_12013799528_2190601967,0,0,15
3647.0,cluster_12013799529_12013799530_473195061,5,2,21
3648.0,cluster_12013799525_12013799526_2496228894,0,0,15
3648.0,cluster_12013799527_12013799528_2190601967,0,0,15
3648.0,cluster_12013799529_12013799530_473195061,4,2,21
3649.0,cluster_12013799525_12013799526_2496228894,0,0,15
3649.0,cluster_12013799529_12013799530_473195061,4,2,21
3650.0,2496228891,6,0,21
3650.0,cluster_12013799525_12013799526_2496228894,0,0,15
3650.0,cluster_12013799529_12013799530_473195061,4,2,21
3651.0,2496228891,5,0,21
3651.0,cluster_12013799525_12013799526_2496228894,0,0,15
3652.0,2496228891,5,0,21
3652.0,cluster_12013799525_12013799526_2496228894,0,0,15
3652.0,cluster_12013799527_12013799528_2190601967,3,2,15
3653.0,2496228891,5,0,21
3653.0,cluster_12013799525_12013799526_2496228894,0,0,15
3653.0,cluster_12013799527_12013799528_2190601967,2,2,15
3654.0,2496228891,5,0,21
3654.0,cluster_12013799525_12013799526_2496228894,0,0,15
3654.0,cluster_12013799527_12013799528_2190601967,2,2,15
3654.0,cluster_12013799529_12013799530_473195061,3,0,15
3655.0,2496228891,2,0,15
3655.0,cluster_12013799525_12013799526_2496228894,0,0,15
3655.0,cluster_12013799527_12013799528_2190601967,2,2,15
3655.0,cluster_12013799529_12013799530_473195061,2,0,15
3656.0,2496228891,2,0,15
3656.0,cluster_12013799525_12013799526_2496228894,0,0,15
3656.0,cluster_12013799527_12013799528_2190601967,2,2,15
3656.0,cluster_12013799529_12013799530_473195061,2,0,15
3657.0,2496228891,3,0,15
3657.0,cluster_12013799525_12013799526_2496228894,0,0,15
3657.0,cluster_12013799527_12013799528_2190601967,1,2,15
3657.0,cluster_12013799529_12013799530_473195061,2,0,15
3658.0,2496228891,4,0,23
3658.0,cluster_12013799525_12013799526_2496228894,0,0,15
3658.0,cluster_12013799527_12013799528_2190601967,1,2,15
3658.0,cluster_12013799529_12013799530_473195061,2,0,15
3659.0,2496228891,3,0,15
3659.0,cluster_12013799525_12013799526_2496228894,0,0,15
3659.0,cluster_12013799527_12013799528_2190601967,1,2,15
3659.0,cluster_12013799529_12013799530_473195061,1,0,15
3660.0,2496228891,3,0,15
3660.0,cluster_12013799525_12013799526_2496228894,0,0,15
3660.0,cluster_12013799527_12013799528_2190601967,0,2,15
3660.0,cluster_12013799529_12013799530_473195061,1,0,15
3661.0,2496228891,3,0,15
3661.0,cluster_12013799525_12013799526_2496228894,0,0,15
3661.0,cluster_12013799527_12013799528_2190601967,0,2,15
3661.0,cluster_12013799529_12013799530_473195061,1,0,15
3662.0,2496228891,2,0,15
3662.0,cluster_12013799525_12013799526_2496228894,0,0,15
3662.0,cluster_12013799527_12013799528_2190601967,0,2,15
3662.0,cluster_12013799529_12013799530_473195061,0,0,15
3663.0,2496228891,1,0,15
3663.0,cluster_12013799527_12013799528_2190601967,0,2,15
3663.0,cluster_12013799529_12013799530_473195061,0,0,15
3664.0,2496228891,0,0,15
3664.0,cluster_12013799527_12013799528_2190601967,0,2,15
3664.0,cluster_12013799529_12013799530_473195061,0,0,15
3665.0,2496228891,0,0,15
3665.0,cluster_12013799527_12013799528_2190601967,0,2,15
3665.0,cluster_12013799529_12013799530_473195061,0,0,15
3666.0,2496228891,1,0,15
3666.0,cluster_12013799525_12013799526_2496228894,3,2,15
3666.0,cluster_12013799527_12013799528_2190601967,0,2,15
3666.0,cluster_12013799529_12013799530_473195061,0,0,15
3667.0,2496228891,2,0,15
3667.0,cluster_12013799525_12013799526_2496228894,2,2,15
3667.0,cluster_12013799527_12013799528_2190601967,0,2,15
3667.0,cluster_12013799529_12013799530_473195061,0,0,15
3668.0,2496228891,2,0,15
3668.0,cluster_12013799525_12013799526_2496228894,2,2,15
3668.0,cluster_12013799529_12013799530_473195061,0,0,15
3669.0,2496228891,2,0,15
3669.0,cluster_12013799525_12013799526_2496228894,2,2,15
3669.0,cluster_12013799529_12013799530_473195061,0,0,15
3670.0,2496228891,2,0,15
3670.0,cluster_12013799525_12013799526_2496228894,2,2,15
3671.0,2496228891,3,0,15
3671.0,cluster_12013799525_12013799526_2496228894,1,2,15
3671.0,cluster_12013799527_12013799528_2190601967,0,0,15
3672.0,cluster_12013799525_12013799526_2496228894,1,2,15
3672.0,cluster_12013799527_12013799528_2190601967,0,0,15
3673.0,cluster_12013799525_12013799526_2496228894,1,2,15
3673.0,cluster_12013799527_12013799528_2190601967,0,0,15
3673.0,cluster_12013799529_12013799530_473195061,4,2,21
3674.0,cluster_12013799525_12013799526_2496228894,1,2,15
3674.0,cluster_12013799527_12013799528_2190601967,0,0,15
3674.0,cluster_12013799529_12013799530_473195061,3,2,15
3675.0,2496228891,0,2,15
3675.0,cluster_12013799525_12013799526_2496228894,0,2,15
3675.0,cluster_12013799527_12013799528_2190601967,0,0,15
3675.0,cluster_12013799529_12013799530_473195061,3,2,15
3676.0,2496228891,0,2,15
3676.0,cluster_12013799525_12013799526_2496228894,0,2,15
3676.0,cluster_12013799527_12013799528_2190601967,0,0,15
3676.0,cluster_12013799529_12013799530_473195061,3,2,15
3677.0,2496228891,0,2,15
3677.0,cluster_12013799525_12013799526_2496228894,0,2,15
3677.0,cluster_12013799527_12013799528_2190601967,0,0,15
3677.0,cluster_12013799529_12013799530_473195061,2,2,15
3678.0,2496228891,0,2,15
3678.0,cluster_12013799525_12013799526_2496228894,0,2,15
3678.0,cluster_12013799527_12013799528_2190601967,0,0,15
3678.0,cluster_12013799529_12013799530_473195061,2,2,15
3679.0,2496228891,0,2,15
3679.0,cluster_12013799525_12013799526_2496228894,0,2,15
3679.0,cluster_12013799527_12013799528_2190601967,0,0,15
3679.0,cluster_12013799529_12013799530_473195061,2,2,15
3680.0,2496228891,0,2,15
3680.0,cluster_12013799525_12013799526_2496228894,0,2,15
3680.0,cluster_12013799527_12013799528_2190601967,0,0,15
3680.0,cluster_12013799529_12013799530_473195061,1,2,15
3681.0,2496228891,0,2,15
3681.0,cluster_12013799525_12013799526_2496228894,0,2,15
3681.0,cluster_12013799527_12013799528_2190601967,0,0,15
3681.0,cluster_12013799529_12013799530_473195061,1,2,15
3682.0,2496228891,0,2,15
3682.0,cluster_12013799527_12013799528_2190601967,0,0,15
3682.0,cluster_12013799529_12013799530_473195061,1,2,15
3683.0,2496228891,0,2,15
3683.0,cluster_12013799527_12013799528_2190601967,0,0,15
3683.0,cluster_12013799529_12013799530_473195061,0,2,15
3684.0,2496228891,0,2,15
3684.0,cluster_12013799527_12013799528_2190601967,0,0,15
3684.0,cluster_12013799529_12013799530_473195061,0,2,15
3685.0,2496228891,0,2,15
3685.0,cluster_12013799525_12013799526_2496228894,0,0,15
3685.0,cluster_12013799527_12013799528_2190601967,0,0,15
3685.0,cluster_12013799529_12013799530_473195061,0,2,15
3686.0,2496228891,0,2,15
3686.0,cluster_12013799525_12013799526_2496228894,0,0,15
3686.0,cluster_12013799527_12013799528_2190601967,0,0,15
3686.0,cluster_12013799529_12013799530_473195061,0,2,15
3687.0,2496228891,0,2,15
3687.0,cluster_12013799525_12013799526_2496228894,0,0,15
3687.0,cluster_12013799529_12013799530_473195061,0,2,15
3688.0,2496228891,0,2,15
3688.0,cluster_12013799525_12013799526_2496228894,0,0,15
3688.0,cluster_12013799529_12013799530_473195061,0,2,15
3689.0,2496228891,0,2,15
3689.0,cluster_12013799525_12013799526_2496228894,0,0,15
3689.0,cluster_12013799529_12013799530_473195061,0,2,15
3690.0,2496228891,0,2,15
3690.0,cluster_12013799525_12013799526_2496228894,0,0,15
3690.0,cluster_12013799527_12013799528_2190601967,1,2,15
3690.0,cluster_12013799529_12013799530_473195061,0,2,15
3691.0,cluster_12013799525_12013799526_2496228894,0,0,15
3691.0,cluster_12013799527_12013799528_2190601967,0,2,15
3691.0,cluster_12013799529_12013799530_473195061,0,2,15
3692.0,cluster_12013799525_12013799526_2496228894,0,0,15
3692.0,cluster_12013799527_12013799528_2190601967,0,2,15
3692.0,cluster_12013799529_12013799530_473195061,0,2,15
3693.0,cluster_12013799525_12013799526_2496228894,0,0,15
3693.0,cluster_12013799527_12013799528_2190601967,0,2,15
3693.0,cluster_12013799529_12013799530_473195061,0,2,15
3694.0,2496228891,5,0,21
3694.0,cluster_12013799525_12013799526_2496228894,0,0,15
3694.0,cluster_12013799527_12013799528_2190601967,0,2,15
3694.0,cluster_12013799529_12013799530_473195061,1,2,15
3695.0,2496228891,5,0,23
3695.0,cluster_12013799525_12013799526_2496228894,0,0,15
3695.0,cluster_12013799527_12013799528_2190601967,0,2,15
3696.0,2496228891,4,0,23
3696.0,cluster_12013799525_12013799526_2496228894,0,0,15
3696.0,cluster_12013799527_12013799528_2190601967,0,2,15
3697.0,2496228891,4,0,21
3697.0,cluster_12013799525_12013799526_2496228894,0,0,15
3697.0,cluster_12013799527_12013799528_2190601967,0,2,15
3698.0,2496228891,3,0,15
3698.0,cluster_12013799525_12013799526_2496228894,0,0,15
3698.0,cluster_12013799527_12013799528_2190601967,0,2,15
3698.0,cluster_12013799529_12013799530_473195061,0,0,15
3699.0,2496228891,3,0,15
3699.0,cluster_12013799525_12013799526_2496228894,0,0,15
3699.0,cluster_12013799527_12013799528_2190601967,0,2,15
3699.0,cluster_12013799529_12013799530_473195061,0,0,15
3700.0,2496228891,3,0,15
3700.0,cluster_12013799525_12013799526_2496228894,0,0,15
3700.0,cluster_12013799527_12013799528_2190601967,0,2,15
3700.0,cluster_12013799529_12013799530_473195061,0,0,15
3701.0,2496228891,3,0,15
3701.0,cluster_12013799527_12013799528_2190601967,1,2,15
3701.0,cluster_12013799529_12013799530_473195061,1,0,15
3702.0,2496228891,3,0,15
3702.0,cluster_12013799527_12013799528_2190601967,1,2,15
3702.0,cluster_12013799529_12013799530_473195061,1,0,15
3703.0,2496228891,3,0,15
3703.0,cluster_12013799527_12013799528_2190601967,1,2,15
3703.0,cluster_12013799529_12013799530_473195061,1,0,15
3704.0,2496228891,2,0,15
3704.0,cluster_12013799525_12013799526_2496228894,4,2,21
3704.0,cluster_12013799527_12013799528_2190601967,1,2,15
3704.0,cluster_12013799529_12013799530_473195061,1,0,15
3705.0,2496228891,3,0,15
3705.0,cluster_12013799525_12013799526_2496228894,6,2,23
3705.0,cluster_12013799527_12013799528_2190601967,2,2,15
3705.0,cluster_12013799529_12013799530_473195061,2,0,15
3706.0,2496228891,2,0,15
3706.0,cluster_12013799525_12013799526_2496228894,6,2,23
3706.0,cluster_12013799529_12013799530_473195061,2,0,15
3707.0,2496228891,2,0,15
3707.0,cluster_12013799525_12013799526_2496228894,6,2,21
3707.0,cluster_12013799529_12013799530_473195061,2,0,15
3708.0,2496228891,2,0,15
3708.0,cluster_12013799525_12013799526_2496228894,7,2,23
3708.0,cluster_12013799529_12013799530_473195061,2,0,15
3709.0,2496228891,3,0,15
3709.0,cluster_12013799525_12013799526_2496228894,6,2,21
3709.0,cluster_12013799527_12013799528_2190601967,3,0,15
3709.0,cluster_12013799529_12013799530_473195061,3,0,15
3710.0,2496228891,3,0,15
3710.0,cluster_12013799525_12013799526_2496228894,7,2,23
3710.0,cluster_12013799527_12013799528_2190601967,3,0,15
3710.0,cluster_12013799529_12013799530_473195061,3,0,15
3711.0,2496228891,3,0,15
3711.0,cluster_12013799525_12013799526_2496228894,6,2,21
3711.0,cluster_12013799527_12013799528_2190601967,3,0,15
3711.0,cluster_12013799529_12013799530_473195061,3,0,15
3712.0,2496228891,3,0,15
3712.0,cluster_12013799525_12013799526_2496228894,6,2,23
3712.0,cluster_12013799527_12013799528_2190601967,3,0,15
3712.0,cluster_12013799529_12013799530_473195061,3,0,15
3713.0,2496228891,4,0,23
3713.0,cluster_12013799525_12013799526_2496228894,5,2,23
3713.0,cluster_12013799527_12013799528_2190601967,4,0,23
3713.0,cluster_12013799529_12013799530_473195061,4,0,21
3714.0,2496228891,4,0,21
3714.0,cluster_12013799525_12013799526_2496228894,5,2,21
3714.0,cluster_12013799527_12013799528_2190601967,4,0,21
3715.0,2496228891,4,0,21
3715.0,cluster_12013799525_12013799526_2496228894,5,2,21
3715.0,cluster_12013799527_12013799528_2190601967,4,0,21
3716.0,cluster_12013799525_12013799526_2496228894,5,2,21
3716.0,cluster_12013799527_12013799528_2190601967,4,0,21
3717.0,cluster_12013799525_12013799526_2496228894,3,2,15
3717.0,cluster_12013799527_12013799528_2190601967,5,0,23
3717.0,cluster_12013799529_12013799530_473195061,6,2,21
3718.0,cluster_12013799525_12013799526_2496228894,3,2,15
3718.0,cluster_12013799527_12013799528_2190601967,4,0,21
3718.0,cluster_12013799529_12013799530_473195061,4,2,21
3719.0,2496228891,2,2,15
3719.0,cluster_12013799525_12013799526_2496228894,2,2,15
3719.0,cluster_12013799527_12013799528_2190601967,4,0,21
3719.0,cluster_12013799529_12013799530_473195061,4,2,21
3720.0,2496228891,2,2,15
3720.0,cluster_12013799525_12013799526_2496228894,2,2,15
3720.0,cluster_12013799527_12013799528_2190601967,4,0,21
3720.0,cluster_12013799529_12013799530_473195061,4,2,21
3721.0,2496228891,2,2,15
3721.0,cluster_12013799525_12013799526_2496228894,2,2,15
3721.0,cluster_12013799527_12013799528_2190601967,5,0,23
3721.0,cluster_12013799529_12013799530_473195061,5,2,21
3722.0,2496228891,2,2,15
3722.0,cluster_12013799525_12013799526_2496228894,2,2,15
3722.0,cluster_12013799527_12013799528_2190601967,5,0,21
3722.0,cluster_12013799529_12013799530_473195061,5,2,21
3723.0,2496228891,1,2,15
3723.0,cluster_12013799525_12013799526_2496228894,2,2,15
3723.0,cluster_12013799527_12013799528_2190601967,4,0,21
3723.0,cluster_12013799529_12013799530_473195061,4,2,21
3724.0,2496228891,1,2,15
3724.0,cluster_12013799525_12013799526_2496228894,2,2,15
3724.0,cluster_12013799527_12013799528_2190601967,4,0,21
3724.0,cluster_12013799529_12013799530_473195061,4,2,21
3725.0,2496228891,1,2,15
3725.0,cluster_12013799525_12013799526_2496228894,2,2,15
3725.0,cluster_12013799529_12013799530_473195061,6,2,23
3726.0,2496228891,1,2,15
3726.0,cluster_12013799529_12013799530_473195061,6,2,21
3727.0,2496228891,1,2,15
3727.0,cluster_12013799529_12013799530_473195061,6,2,21
3728.0,2496228891,0,2,15
3728.0,cluster_12013799527_12013799528_2190601967,5,2,21
3728.0,cluster_12013799529_12013799530_473195061,6,2,21
3729.0,2496228891,0,2,15
3729.0,cluster_12013799525_12013799526_2496228894,3,0,15
3729.0,cluster_12013799527_12013799528_2190601967,3,2,15
3729.0,cluster_12013799529_12013799530_473195061,6,2,21
3730.0,2496228891,0,2,15
3730.0,cluster_12013799525_12013799526_2496228894,3,0,15
3730.0,cluster_12013799527_12013799528_2190601967,3,2,15
3730.0,cluster_12013799529_12013799530_473195061,6,2,21
3731.0,2496228891,0,2,15
3731.0,cluster_12013799525_12013799526_2496228894,3,0,15
3731.0,cluster_12013799527_12013799528_2190601967,3,2,15
3731.0,cluster_12013799529_12013799530_473195061,6,2,21
3732.0,2496228891,0,2,15
3732.0,cluster_12013799525_12013799526_2496228894,3,0,15
3732.0,cluster_12013799527_12013799528_2190601967,3,2,15
3732.0,cluster_12013799529_12013799530_473195061,6,2,21
3733.0,2496228891,0,2,15
3733.0,cluster_12013799525_12013799526_2496228894,2,0,15
3733.0,cluster_12013799527_12013799528_2190601967,2,2,15
3733.0,cluster_12013799529_12013799530_473195061,6,2,21
3734.0,2496228891,0,2,15
3734.0,cluster_12013799525_12013799526_2496228894,2,0,15
3734.0,cluster_12013799527_12013799528_2190601967,3,2,15
3734.0,cluster_12013799529_12013799530_473195061,6,2,21
3735.0,cluster_12013799525_12013799526_2496228894,2,0,15
3735.0,cluster_12013799527_12013799528_2190601967,3,2,15
3735.0,cluster_12013799529_12013799530_473195061,6,2,21
3736.0,cluster_12013799525_12013799526_2496228894,1,0,15
3736.0,cluster_12013799527_12013799528_2190601967,2,2,15
3736.0,cluster_12013799529_12013799530_473195061,5,2,21
3737.0,cluster_12013799525_12013799526_2496228894,1,0,15
3737.0,cluster_12013799527_12013799528_2190601967,3,2,15
3737.0,cluster_12013799529_12013799530_473195061,5,2,21
3738.0,2496228891,5,0,21
3738.0,cluster_12013799525_12013799526_2496228894,0,0,15
3738.0,cluster_12013799527_12013799528_2190601967,2,2,15
3738.0,cluster_12013799529_12013799530_473195061,5,2,21
3739.0,2496228891,5,0,21
3739.0,cluster_12013799525_12013799526_2496228894,0,0,15
3739.0,cluster_12013799527_12013799528_2190601967,3,2,15
3740.0,2496228891,5,0,21
3740.0,cluster_12013799525_12013799526_2496228894,0,0,15
3740.0,cluster_12013799527_12013799528_2190601967,3,2,15
3741.0,2496228891,5,0,21
3741.0,cluster_12013799525_12013799526_2496228894,0,0,15
3741.0,cluster_12013799527_12013799528_2190601967,4,2,23
3742.0,2496228891,5,0,21
3742.0,cluster_12013799525_12013799526_2496228894,0,0,15
3742.0,cluster_12013799527_12013799528_2190601967,4,2,23
3742.0,cluster_12013799529_12013799530_473195061,5,0,21
3743.0,2496228891,4,0,21
3743.0,cluster_12013799525_12013799526_2496228894,0,0,15
3743.0,cluster_12013799527_12013799528_2190601967,4,2,21
3743.0,cluster_12013799529_12013799530_473195061,4,0,21
3744.0,2496228891,4,0,21
3744.0,cluster_12013799525_12013799526_2496228894,0,0,15
3744.0,cluster_12013799527_12013799528_2190601967,4,2,21
3744.0,cluster_12013799529_12013799530_473195061,4,0,21
3745.0,2496228891,4,0,21
3745.0,cluster_12013799527_12013799528_2190601967,2,2,15
3745.0,cluster_12013799529_12013799530_473195061,4,0,21
3746.0,2496228891,4,0,21
3746.0,cluster_12013799527_12013799528_2190601967,2,2,15
3746.0,cluster_12013799529_12013799530_473195061,4,0,21
3747.0,2496228891,3,0,15
3747.0,cluster_12013799527_12013799528_2190601967,1,2,15
3747.0,cluster_12013799529_12013799530_473195061,3,0,15
3748.0,2496228891,5,0,23
3748.0,cluster_12013799525_12013799526_2496228894,3,2,15
3748.0,cluster_12013799527_12013799528_2190601967,2,2,15
3748.0,cluster_12013799529_12013799530_473195061,3,0,15
3749.0,2496228891,5,0,21
3749.0,cluster_12013799525_12013799526_2496228894,1,2,15
3749.0,cluster_12013799527_12013799528_2190601967,2,2,15
3749.0,cluster_12013799529_12013799530_473195061,3,0,15
3750.0,2496228891,6,0,23
3750.0,cluster_12013799525_12013799526_2496228894,1,2,15
3750.0,cluster_12013799529_12013799530_473195061,2,0,15
3751.0,2496228891,6,0,21
3751.0,cluster_12013799525_12013799526_2496228894,1,2,15
3751.0,cluster_12013799529_12013799530_473195061,2,0,15
3752.0,2496228891,5,0,21
3752.0,cluster_12013799525_12013799526_2496228894,0,2,15
3752.0,cluster_12013799529_12013799530_473195061,1,0,15
3753.0,2496228891,3,0,15
3753.0,cluster_12013799525_12013799526_2496228894,0,2,15
3753.0,cluster_12013799527_12013799528_2190601967,5,0,21
3753.0,cluster_12013799529_12013799530_473195061,1,0,15
3754.0,2496228891,4,0,23
3754.0,cluster_12013799525_12013799526_2496228894,0,2,15
3754.0,cluster_12013799527_12013799528_2190601967,4,0,21
3754.0,cluster_12013799529_12013799530_473195061,1,0,15
3755.0,2496228891,1,0,15
3755.0,cluster_12013799525_12013799526_2496228894,0,2,15
3755.0,cluster_12013799527_12013799528_2190601967,4,0,21
3755.0,cluster_12013799529_12013799530_473195061,0,0,15
3756.0,2496228891,2,0,15
3756.0,cluster_12013799525_12013799526_2496228894,0,2,15
3756.0,cluster_12013799527_12013799528_2190601967,4,0,21
3756.0,cluster_12013799529_12013799530_473195061,0,0,15
3757.0,2496228891,3,0,15
3757.0,cluster_12013799525_12013799526_2496228894,0,2,15
3757.0,cluster_12013799527_12013799528_2190601967,4,0,21
3757.0,cluster_12013799529_12013799530_473195061,0,0,15
3758.0,2496228891,2,0,15
3758.0,cluster_12013799525_12013799526_2496228894,0,2,15
3758.0,cluster_12013799527_12013799528_2190601967,3,0,15
3758.0,cluster_12013799529_12013799530_473195061,0,0,15
3759.0,2496228891,2,0,15
3759.0,cluster_12013799525_12013799526_2496228894,0,2,15
3759.0,cluster_12013799527_12013799528_2190601967,3,0,15
3759.0,cluster_12013799529_12013799530_473195061,0,0,15
3760.0,cluster_12013799525_12013799526_2496228894,0,2,15
3760.0,cluster_12013799527_12013799528_2190601967,3,0,15
3760.0,cluster_12013799529_12013799530_473195061,0,0,15
3761.0,cluster_12013799525_12013799526_2496228894,0,2,15
3761.0,cluster_12013799527_12013799528_2190601967,2,0,15
3761.0,cluster_12013799529_12013799530_473195061,0,0,15
3762.0,cluster_12013799525_12013799526_2496228894,0,2,15
3762.0,cluster_12013799527_12013799528_2190601967,2,0,15
3762.0,cluster_12013799529_12013799530_473195061,0,0,15
3763.0,2496228891,0,2,15
3763.0,cluster_12013799525_12013799526_2496228894,0,2,15
3763.0,cluster_12013799527_12013799528_2190601967,1,0,15
3763.0,cluster_12013799529_12013799530_473195061,0,0,15
3764.0,2496228891,0,2,15
3764.0,cluster_12013799527_12013799528_2190601967,1,0,15
3765.0,2496228891,0,2,15
3765.0,cluster_12013799527_12013799528_2190601967,1,0,15
3766.0,2496228891,0,2,15
3766.0,cluster_12013799527_12013799528_2190601967,0,0,15
3767.0,2496228891,0,2,15
3767.0,cluster_12013799525_12013799526_2496228894,0,0,15
3767.0,cluster_12013799527_12013799528_2190601967,0,0,15
3767.0,cluster_12013799529_12013799530_473195061,5,2,21
3768.0,2496228891,0,2,15
3768.0,cluster_12013799525_12013799526_2496228894,0,0,15
3768.0,cluster_12013799527_12013799528_2190601967,0,0,15
3768.0,cluster_12013799529_12013799530_473195061,4,2,21
3769.0,2496228891,0,2,15
3769.0,cluster_12013799525_12013799526_2496228894,0,0,15
3769.0,cluster_12013799527_12013799528_2190601967,0,0,15
3769.0,cluster_12013799529_12013799530_473195061,4,2,21
3770.0,2496228891,0,2,15
3770.0,cluster_12013799525_12013799526_2496228894,0,0,15
3770.0,cluster_12013799527_12013799528_2190601967,0,0,15
3770.0,cluster_12013799529_12013799530_473195061,4,2,21
3771.0,2496228891,0,2,15
3771.0,cluster_12013799525_12013799526_2496228894,0,0,15
3771.0,cluster_12013799527_12013799528_2190601967,0,0,15
3771.0,cluster_12013799529_12013799530_473195061,3,2,15
3772.0,2496228891,0,2,15
3772.0,cluster_12013799525_12013799526_2496228894,0,0,15
3772.0,cluster_12013799527_12013799528_2190601967,0,0,15
3772.0,cluster_12013799529_12013799530_473195061,3,2,15
3773.0,2496228891,0,2,15
3773.0,cluster_12013799525_12013799526_2496228894,0,0,15
3773.0,cluster_12013799527_12013799528_2190601967,0,0,15
3773.0,cluster_12013799529_12013799530_473195061,3,2,15
3774.0,2496228891,0,2,15
3774.0,cluster_12013799525_12013799526_2496228894,0,0,15
3774.0,cluster_12013799527_12013799528_2190601967,0,0,15
3774.0,cluster_12013799529_12013799530_473195061,3,2,15
3775.0,2496228891,0,2,15
3775.0,cluster_12013799525_12013799526_2496228894,0,0,15
3775.0,cluster_12013799529_12013799530_473195061,2,2,15
3776.0,2496228891,0,2,15
3776.0,cluster_12013799525_12013799526_2496228894,0,0,15
3776.0,cluster_12013799529_12013799530_473195061,1,2,15
3777.0,2496228891,0,2,15
3777.0,cluster_12013799525_12013799526_2496228894,0,0,15
3777.0,cluster_12013799529_12013799530_473195061,1,2,15
3778.0,2496228891,0,2,15
3778.0,cluster_12013799525_12013799526_2496228894,0,0,15
3778.0,cluster_12013799527_12013799528_2190601967,4,2,21
3778.0,cluster_12013799529_12013799530_473195061,0,2,15
3779.0,cluster_12013799525_12013799526_2496228894,0,0,15
3779.0,cluster_12013799527_12013799528_2190601967,2,2,15
3779.0,cluster_12013799529_12013799530_473195061,0,2,15
3780.0,cluster_12013799525_12013799526_2496228894,0,0,15
3780.0,cluster_12013799527_12013799528_2190601967,2,2,15
3780.0,cluster_12013799529_12013799530_473195061,0,2,15
3781.0,cluster_12013799525_12013799526_2496228894,0,0,15
3781.0,cluster_12013799527_12013799528_2190601967,2,2,15
3781.0,cluster_12013799529_12013799530_473195061,0,2,15
3782.0,2496228891,6,0,21
3782.0,cluster_12013799525_12013799526_2496228894,0,0,15
3782.0,cluster_12013799527_12013799528_2190601967,2,2,15
3782.0,cluster_12013799529_12013799530_473195061,1,2,15
3783.0,2496228891,4,0,21
3783.0,cluster_12013799527_12013799528_2190601967,1,2,15
3783.0,cluster_12013799529_12013799530_473195061,1,2,15
3784.0,2496228891,4,0,23
3784.0,cluster_12013799527_12013799528_2190601967,1,2,15
3784.0,cluster_12013799529_12013799530_473195061,1,2,15
3785.0,2496228891,5,0,23
3785.0,cluster_12013799527_12013799528_2190601967,1,2,15
3785.0,cluster_12013799529_12013799530_473195061,2,2,15
3786.0,2496228891,5,0,21
3786.0,cluster_12013799525_12013799526_2496228894,1,2,15
3786.0,cluster_12013799527_12013799528_2190601967,0,2,15
3786.0,cluster_12013799529_12013799530_473195061,2,2,15
3787.0,2496228891,3,0,15
3787.0,cluster_12013799525_12013799526_2496228894,1,2,15
3787.0,cluster_12013799527_12013799528_2190601967,0,2,15
3787.0,cluster_12013799529_12013799530_473195061,2,2,15
3788.0,2496228891,3,0,15
3788.0,cluster_12013799525_12013799526_2496228894,2,2,15
3788.0,cluster_12013799527_12013799528_2190601967,0,2,15
3788.0,cluster_12013799529_12013799530_473195061,3,2,15
3789.0,2496228891,3,0,15
3789.0,cluster_12013799525_12013799526_2496228894,2,2,15
3789.0,cluster_12013799527_12013799528_2190601967,0,2,15
3790.0,2496228891,2,0,15
3790.0,cluster_12013799525_12013799526_2496228894,2,2,15
3790.0,cluster_12013799527_12013799528_2190601967,0,2,15
3791.0,2496228891,2,0,15
3791.0,cluster_12013799525_12013799526_2496228894,3,2,15
3791.0,cluster_12013799527_12013799528_2190601967,0,2,15
3792.0,2496228891,1,0,15
3792.0,cluster_12013799525_12013799526_2496228894,3,2,15
3792.0,cluster_12013799527_12013799528_2190601967,0,2,15
3792.0,cluster_12013799529_12013799530_473195061,0,0,15
3793.0,2496228891,1,0,15
3793.0,cluster_12013799525_12013799526_2496228894,3,2,15
3793.0,cluster_12013799527_12013799528_2190601967,0,2,15
3793.0,cluster_12013799529_12013799530_473195061,0,0,15
3794.0,2496228891,1,0,15
3794.0,cluster_12013799525_12013799526_2496228894,4,2,23
3794.0,cluster_12013799527_12013799528_2190601967,0,2,15
3794.0,cluster_12013799529_12013799530_473195061,0,0,15
3795.0,2496228891,0,0,15
3795.0,cluster_12013799525_12013799526_2496228894,4,2,21
3795.0,cluster_12013799527_12013799528_2190601967,0,2,15
3795.0,cluster_12013799529_12013799530_473195061,0,0,15
3796.0,2496228891,0,0,15
3796.0,cluster_12013799525_12013799526_2496228894,4,2,23
3796.0,cluster_12013799527_12013799528_2190601967,0,2,15
3796.0,cluster_12013799529_12013799530_473195061,0,0,15
3797.0,2496228891,0,0,15
3797.0,cluster_12013799525_12013799526_2496228894,4,2,23
3797.0,cluster_12013799527_12013799528_2190601967,0,2,15
3797.0,cluster_12013799529_12013799530_473195061,0,0,15
3798.0,2496228891,0,0,15
3798.0,cluster_12013799525_12013799526_2496228894,4,2,21
3798.0,cluster_12013799527_12013799528_2190601967,0,2,15
3798.0,cluster_12013799529_12013799530_473195061,0,0,15
3799.0,2496228891,0,0,15
3799.0,cluster_12013799525_12013799526_2496228894,4,2,21
3799.0,cluster_12013799527_12013799528_2190601967,0,2,15
3799.0,cluster_12013799529_12013799530_473195061,0,0,15
3800.0,2496228891,0,0,15
3800.0,cluster_12013799525_12013799526_2496228894,4,2,21
3800.0,cluster_12013799529_12013799530_473195061,0,0,15
3801.0,2496228891,1,0,15
3801.0,cluster_12013799525_12013799526_2496228894,3,2,15
3801.0,cluster_12013799529_12013799530_473195061,1,0,15
3802.0,2496228891,1,0,15
3802.0,cluster_12013799529_12013799530_473195061,1,0,15
3803.0,2496228891,1,0,15
3803.0,cluster_12013799527_12013799528_2190601967,1,0,15
3803.0,cluster_12013799529_12013799530_473195061,1,0,15
3804.0,cluster_12013799527_12013799528_2190601967,1,0,15
3804.0,cluster_12013799529_12013799530_473195061,1,0,15
3805.0,cluster_12013799525_12013799526_2496228894,2,0,15
3805.0,cluster_12013799527_12013799528_2190601967,2,0,15
3805.0,cluster_12013799529_12013799530_473195061,2,0,15
3806.0,cluster_12013799525_12013799526_2496228894,2,0,15
3806.0,cluster_12013799527_12013799528_2190601967,2,0,15
3806.0,cluster_12013799529_12013799530_473195061,2,0,15
3807.0,2496228891,2,2,15
3807.0,cluster_12013799525_12013799526_2496228894,2,0,15
3807.0,cluster_12013799527_12013799528_2190601967,2,0,15
3807.0,cluster_12013799529_12013799530_473195061,2,0,15
3808.0,2496228891,2,2,15
3808.0,cluster_12013799525_12013799526_2496228894,2,0,15
3808.0,cluster_12013799527_12013799528_2190601967,2,0,15
3809.0,2496228891,2,2,15
3809.0,cluster_12013799525_12013799526_2496228894,3,0,15
3809.0,cluster_12013799527_12013799528_2190601967,3,0,15
3810.0,2496228891,3,2,15
3810.0,cluster_12013799525_12013799526_2496228894,3,0,15
3810.0,cluster_12013799527_12013799528_2190601967,3,0,15
3811.0,2496228891,3,2,15
3811.0,cluster_12013799525_12013799526_2496228894,2,0,15
3811.0,cluster_12013799527_12013799528_2190601967,3,0,15
3811.0,cluster_12013799529_12013799530_473195061,5,2,21
3812.0,2496228891,3,2,15
3812.0,cluster_12013799525_12013799526_2496228894,2,0,15
3812.0,cluster_12013799527_12013799528_2190601967,3,0,15
3812.0,cluster_12013799529_12013799530_473195061,4,2,21
3813.0,2496228891,3,2,15
3813.0,cluster_12013799525_12013799526_2496228894,3,0,15
3813.0,cluster_12013799527_12013799528_2190601967,4,0,23
3813.0,cluster_12013799529_12013799530_473195061,5,2,21
3814.0,2496228891,3,2,15
3814.0,cluster_12013799525_12013799526_2496228894,2,0,15
3814.0,cluster_12013799527_12013799528_2190601967,4,0,21
3814.0,cluster_12013799529_12013799530_473195061,5,2,21
3815.0,2496228891,3,2,15
3815.0,cluster_12013799525_12013799526_2496228894,2,0,15
3815.0,cluster_12013799527_12013799528_2190601967,4,0,21
3815.0,cluster_12013799529_12013799530_473195061,4,2,21
3816.0,2496228891,3,2,15
3816.0,cluster_12013799525_12013799526_2496228894,2,0,15
3816.0,cluster_12013799527_12013799528_2190601967,4,0,21
3816.0,cluster_12013799529_12013799530_473195061,4,2,21
3817.0,2496228891,3,2,15
3817.0,cluster_12013799525_12013799526_2496228894,2,0,15
3817.0,cluster_12013799527_12013799528_2190601967,5,0,23
3817.0,cluster_12013799529_12013799530_473195061,5,2,21
3818.0,2496228891,3,2,15
3818.0,cluster_12013799525_12013799526_2496228894,2,0,15
3818.0,cluster_12013799527_12013799528_2190601967,5,0,21
3818.0,cluster_12013799529_12013799530_473195061,5,2,21
3819.0,2496228891,3,2,15
3819.0,cluster_12013799525_12013799526_2496228894,1,0,15
3819.0,cluster_12013799529_12013799530_473195061,4,2,21
3820.0,2496228891,2,2,15
3820.0,cluster_12013799525_12013799526_2496228894,1,0,15
3820.0,cluster_12013799529_12013799530_473195061,4,2,21
3821.0,2496228891,2,2,15
3821.0,cluster_12013799529_12013799530_473195061,5,2,23
3822.0,2496228891,1,2,15
3822.0,cluster_12013799527_12013799528_2190601967,3,2,15
3822.0,cluster_12013799529_12013799530_473195061,5,2,21
3823.0,cluster_12013799527_12013799528_2190601967,4,2,23
3823.0,cluster_12013799529_12013799530_473195061,5,2,21
3824.0,cluster_12013799525_12013799526_2496228894,4,2,21
3824.0,cluster_12013799527_12013799528_2190601967,4,2,21
3824.0,cluster_12013799529_12013799530_473195061,5,2,21
3825.0,cluster_12013799525_12013799526_2496228894,3,2,15
3825.0,cluster_12013799527_12013799528_2190601967,4,2,21
3825.0,cluster_12013799529_12013799530_473195061,6,2,23
3826.0,2496228891,7,0,21
3826.0,cluster_12013799525_12013799526_2496228894,3,2,15
3826.0,cluster_12013799527_12013799528_2190601967,3,2,15
3826.0,cluster_12013799529_12013799530_473195061,6,2,21
3827.0,2496228891,7,0,23
3827.0,cluster_12013799525_12013799526_2496228894,3,2,15
3827.0,cluster_12013799527_12013799528_2190601967,2,2,15
3827.0,cluster_12013799529_12013799530_473195061,6,2,21
3828.0,2496228891,5,0,21
3828.0,cluster_12013799525_12013799526_2496228894,3,2,15
3828.0,cluster_12013799527_12013799528_2190601967,1,2,15
3828.0,cluster_12013799529_12013799530_473195061,6,2,21
3829.0,2496228891,6,0,23
3829.0,cluster_12013799525_12013799526_2496228894,3,2,15
3829.0,cluster_12013799527_12013799528_2190601967,2,2,15
3829.0,cluster_12013799529_12013799530_473195061,7,2,23
3830.0,2496228891,5,0,21
3830.0,cluster_12013799525_12013799526_2496228894,3,2,15
3830.0,cluster_12013799527_12013799528_2190601967,2,2,15
3830.0,cluster_12013799529_12013799530_473195061,7,2,21
3831.0,2496228891,5,0,21
3831.0,cluster_12013799525_12013799526_2496228894,3,2,15
3831.0,cluster_12013799527_12013799528_2190601967,2,2,15
3831.0,cluster_12013799529_12013799530_473195061,7,2,21
3832.0,2496228891,5,0,21
3832.0,cluster_12013799525_12013799526_2496228894,4,2,23
3832.0,cluster_12013799527_12013799528_2190601967,2,2,15
3832.0,cluster_12013799529_12013799530_473195061,7,2,21
3833.0,2496228891,5,0,21
3833.0,cluster_12013799525_12013799526_2496228894,3,2,15
3833.0,cluster_12013799527_12013799528_2190601967,2,2,15
3834.0,2496228891,5,0,21
3834.0,cluster_12013799525_12013799526_2496228894,2,2,15
3834.0,cluster_12013799527_12013799528_2190601967,1,2,15
3835.0,2496228891,5,0,21
3835.0,cluster_12013799525_12013799526_2496228894,2,2,15
3835.0,cluster_12013799527_12013799528_2190601967,2,2,15
3836.0,2496228891,5,0,21
3836.0,cluster_12013799525_12013799526_2496228894,2,2,15
3836.0,cluster_12013799527_12013799528_2190601967,2,2,15
3836.0,cluster_12013799529_12013799530_473195061,5,0,21
3837.0,2496228891,4,0,21
3837.0,cluster_12013799525_12013799526_2496228894,2,2,15
3837.0,cluster_12013799527_12013799528_2190601967,2,2,15
3837.0,cluster_12013799529_12013799530_473195061,4,0,21
3838.0,2496228891,4,0,21
3838.0,cluster_12013799525_12013799526_2496228894,2,2,15
3838.0,cluster_12013799529_12013799530_473195061,4,0,21
3839.0,2496228891,4,0,21
3839.0,cluster_12013799525_12013799526_2496228894,2,2,15
3839.0,cluster_12013799529_12013799530_473195061,4,0,21
3840.0,2496228891,4,0,21
3840.0,cluster_12013799525_12013799526_2496228894,2,2,15
3840.0,cluster_12013799529_12013799530_473195061,4,0,21
3841.0,2496228891,5,0,23
3841.0,cluster_12013799525_12013799526_2496228894,1,2,15
3841.0,cluster_12013799527_12013799528_2190601967,6,0,21
3841.0,cluster_12013799529_12013799530_473195061,3,0,15
3842.0,2496228891,5,0,21
3842.0,cluster_12013799525_12013799526_2496228894,1,2,15
3842.0,cluster_12013799527_12013799528_2190601967,5,0,21
3842.0,cluster_12013799529_12013799530_473195061,3,0,15
3843.0,2496228891,5,0,21
3843.0,cluster_12013799525_12013799526_2496228894,1,2,15
3843.0,cluster_12013799527_12013799528_2190601967,5,0,21
3843.0,cluster_12013799529_12013799530_473195061,3,0,15
3844.0,2496228891,6,0,23
3844.0,cluster_12013799525_12013799526_2496228894,1,2,15
3844.0,cluster_12013799527_12013799528_2190601967,5,0,21
3844.0,cluster_12013799529_12013799530_473195061,2,0,15
3845.0,2496228891,6,0,21
3845.0,cluster_12013799525_12013799526_2496228894,1,2,15
3845.0,cluster_12013799527_12013799528_2190601967,4,0,21
3845.0,cluster_12013799529_12013799530_473195061,2,0,15
3846.0,2496228891,4,0,21
3846.0,cluster_12013799527_12013799528_2190601967,4,0,21
3846.0,cluster_12013799529_12013799530_473195061,2,0,15
3847.0,2496228891,3,0,15
3847.0,cluster_12013799527_12013799528_2190601967,4,0,21
3847.0,cluster_12013799529_12013799530_473195061,1,0,15
3848.0,cluster_12013799527_12013799528_2190601967,3,0,15
3848.0,cluster_12013799529_12013799530_473195061,1,0,15
3849.0,cluster_12013799525_12013799526_2496228894,1,0,15
3849.0,cluster_12013799527_12013799528_2190601967,3,0,15
3849.0,cluster_12013799529_12013799530_473195061,0,0,15
3850.0,cluster_12013799525_12013799526_2496228894,0,0,15
3850.0,cluster_12013799527_12013799528_2190601967,3,0,15
3850.0,cluster_12013799529_12013799530_473195061,0,0,15
3851.0,2496228891,1,2,15
3851.0,cluster_12013799525_12013799526_2496228894,0,0,15
3851.0,cluster_12013799527_12013799528_2190601967,2,0,15
3851.0,cluster_12013799529_12013799530_473195061,0,0,15
3852.0,2496228891,0,2,15
3852.0,cluster_12013799525_12013799526_2496228894,0,0,15
3852.0,cluster_12013799527_12013799528_2190601967,2,0,15
3852.0,cluster_12013799529_12013799530_473195061,0,0,15
3853.0,2496228891,0,2,15
3853.0,cluster_12013799525_12013799526_2496228894,0,0,15
3853.0,cluster_12013799527_12013799528_2190601967,1,0,15
3853.0,cluster_12013799529_12013799530_473195061,0,0,15
3854.0,2496228891,0,2,15
3854.0,cluster_12013799525_12013799526_2496228894,0,0,15
3854.0,cluster_12013799527_12013799528_2190601967,1,0,15
3854.0,cluster_12013799529_12013799530_473195061,0,0,15
3855.0,2496228891,0,2,15
3855.0,cluster_12013799525_12013799526_2496228894,0,0,15
3855.0,cluster_12013799527_12013799528_2190601967,1,0,15
3855.0,cluster_12013799529_12013799530_473195061,0,0,15
3856.0,2496228891,0,2,15
3856.0,cluster_12013799525_12013799526_2496228894,0,0,15
3856.0,cluster_12013799527_12013799528_2190601967,0,0,15
3856.0,cluster_12013799529_12013799530_473195061,0,0,15
3857.0,2496228891,0,2,15
3857.0,cluster_12013799525_12013799526_2496228894,0,0,15
3857.0,cluster_12013799527_12013799528_2190601967,0,0,15
3857.0,cluster_12013799529_12013799530_473195061,0,0,15
3858.0,2496228891,0,2,15
3858.0,cluster_12013799525_12013799526_2496228894,0,0,15
3858.0,cluster_12013799527_12013799528_2190601967,0,0,15
3859.0,2496228891,0,2,15
3859.0,cluster_12013799525_12013799526_2496228894,0,0,15
3859.0,cluster_12013799527_12013799528_2190601967,0,0,15
3860.0,2496228891,0,2,15
3860.0,cluster_12013799525_12013799526_2496228894,0,0,15
3860.0,cluster_12013799527_12013799528_2190601967,0,0,15
3861.0,2496228891,0,2,15
3861.0,cluster_12013799525_12013799526_2496228894,0,0,15
3861.0,cluster_12013799527_12013799528_2190601967,0,0,15
3861.0,cluster_12013799529_12013799530_473195061,8,2,21
3862.0,2496228891,0,2,15
3862.0,cluster_12013799525_12013799526_2496228894,0,0,15
3862.0,cluster_12013799527_12013799528_2190601967,0,0,15
3862.0,cluster_12013799529_12013799530_473195061,6,2,21
3863.0,2496228891,0,2,15
3863.0,cluster_12013799525_12013799526_2496228894,0,0,15
3863.0,cluster_12013799529_12013799530_473195061,6,2,21
3864.0,2496228891,0,2,15
3864.0,cluster_12013799525_12013799526_2496228894,0,0,15
3864.0,cluster_12013799529_12013799530_473195061,6,2,21
3865.0,2496228891,0,2,15
3865.0,cluster_12013799529_12013799530_473195061,6,2,21
3866.0,2496228891,0,2,15
3866.0,cluster_12013799527_12013799528_2190601967,1,2,15
3866.0,cluster_12013799529_12013799530_473195061,4,2,21
3867.0,cluster_12013799527_12013799528_2190601967,0,2,15
3867.0,cluster_12013799529_12013799530_473195061,4,2,21
3868.0,cluster_12013799525_12013799526_2496228894,0,2,15
3868.0,cluster_12013799527_12013799528_2190601967,0,2,15
3868.0,cluster_12013799529_12013799530_473195061,3,2,15
3869.0,cluster_12013799525_12013799526_2496228894,0,2,15
3869.0,cluster_12013799527_12013799528_2190601967,0,2,15
3869.0,cluster_12013799529_12013799530_473195061,3,2,15
3870.0,2496228891,6,0,21
3870.0,cluster_12013799525_12013799526_2496228894,0,2,15
3870.0,cluster_12013799527_12013799528_2190601967,0,2,15
3870.0,cluster_12013799529_12013799530_473195061,3,2,15
3871.0,2496228891,5,0,23
3871.0,cluster_12013799525_12013799526_2496228894,0,2,15
3871.0,cluster_12013799527_12013799528_2190601967,1,2,15
3871.0,cluster_12013799529_12013799530_473195061,2,2,15
3872.0,2496228891,5,0,23
3872.0,cluster_12013799525_12013799526_2496228894,0,2,15
3872.0,cluster_12013799527_12013799528_2190601967,1,2,15
3872.0,cluster_12013799529_12013799530_473195061,2,2,15
3873.0,2496228891,4,0,23
3873.0,cluster_12013799525_12013799526_2496228894,1,2,15
3873.0,cluster_12013799527_12013799528_2190601967,1,2,15
3873.0,cluster_12013799529_12013799530_473195061,1,2,15
3874.0,2496228891,3,0,15
3874.0,cluster_12013799525_12013799526_2496228894,1,2,15
3874.0,cluster_12013799527_12013799528_2190601967,1,2,15
3874.0,cluster_12013799529_12013799530_473195061,1,2,15
3875.0,2496228891,3,0,15
3875.0,cluster_12013799525_12013799526_2496228894,1,2,15
3875.0,cluster_12013799527_12013799528_2190601967,1,2,15
3875.0,cluster_12013799529_12013799530_473195061,1,2,15
3876.0,2496228891,4,0,23
3876.0,cluster_12013799525_12013799526_2496228894,2,2,15
3876.0,cluster_12013799527_12013799528_2190601967,1,2,15
3876.0,cluster_12013799529_12013799530_473195061,1,2,15
3877.0,2496228891,3,0,15
3877.0,cluster_12013799525_12013799526_2496228894,2,2,15
3877.0,cluster_12013799527_12013799528_2190601967,1,2,15
3877.0,cluster_12013799529_12013799530_473195061,1,2,15
3878.0,2496228891,2,0,15
3878.0,cluster_12013799525_12013799526_2496228894,2,2,15
3878.0,cluster_12013799527_12013799528_2190601967,1,2,15
3878.0,cluster_12013799529_12013799530_473195061,0,2,15
3879.0,2496228891,3,0,15
3879.0,cluster_12013799525_12013799526_2496228894,3,2,15
3879.0,cluster_12013799527_12013799528_2190601967,1,2,15
3879.0,cluster_12013799529_12013799530_473195061,0,2,15
3880.0,2496228891,2,0,15
3880.0,cluster_12013799525_12013799526_2496228894,3,2,15
3880.0,cluster_12013799527_12013799528_2190601967,1,2,15
3880.0,cluster_12013799529_12013799530_473195061,0,2,15
3881.0,2496228891,2,0,15
3881.0,cluster_12013799525_12013799526_2496228894,3,2,15
3881.0,cluster_12013799527_12013799528_2190601967,1,2,15
3881.0,cluster_12013799529_12013799530_473195061,0,2,15
3882.0,2496228891,1,0,15
3882.0,cluster_12013799525_12013799526_2496228894,3,2,15
3882.0,cluster_12013799529_12013799530_473195061,0,2,15
3883.0,2496228891,1,0,15
3883.0,cluster_12013799525_12013799526_2496228894,4,2,23
3884.0,2496228891,1,0,15
3885.0,2496228891,0,0,15
3885.0,cluster_12013799527_12013799528_2190601967,0,0,15
3886.0,2496228891,1,0,15
3886.0,cluster_12013799527_12013799528_2190601967,0,0,15
3886.0,cluster_12013799529_12013799530_473195061,0,0,15
3887.0,2496228891,1,0,15
3887.0,cluster_12013799525_12013799526_2496228894,0,0,15
3887.0,cluster_12013799527_12013799528_2190601967,0,0,15
3887.0,cluster_12013799529_12013799530_473195061,0,0,15
3888.0,2496228891,1,0,15
3888.0,cluster_12013799525_12013799526_2496228894,0,0,15
3888.0,cluster_12013799527_12013799528_2190601967,0,0,15
3888.0,cluster_12013799529_12013799530_473195061,0,0,15
3889.0,2496228891,1,0,15
3889.0,cluster_12013799525_12013799526_2496228894,0,0,15
3889.0,cluster_12013799527_12013799528_2190601967,0,0,15
3889.0,cluster_12013799529_12013799530_473195061,0,0,15
3890.0,2496228891,1,0,15
3890.0,cluster_12013799525_12013799526_2496228894,0,0,15
3890.0,cluster_12013799527_12013799528_2190601967,0,0,15
3890.0,cluster_12013799529_12013799530_473195061,0,0,15
3891.0,2496228891,1,0,15
3891.0,cluster_12013799525_12013799526_2496228894,0,0,15
3891.0,cluster_12013799527_12013799528_2190601967,0,0,15
3891.0,cluster_12013799529_12013799530_473195061,0,0,15
3892.0,cluster_12013799525_12013799526_2496228894,0,0,15
3892.0,cluster_12013799527_12013799528_2190601967,0,0,15
3892.0,cluster_12013799529_12013799530_473195061,0,0,15
3893.0,cluster_12013799525_12013799526_2496228894,0,0,15
3893.0,cluster_12013799527_12013799528_2190601967,0,0,15
3893.0,cluster_12013799529_12013799530_473195061,0,0,15
3894.0,cluster_12013799525_12013799526_2496228894,0,0,15
3894.0,cluster_12013799527_12013799528_2190601967,0,0,15
3894.0,cluster_12013799529_12013799530_473195061,0,0,15
3895.0,2496228891,0,2,15
3895.0,cluster_12013799525_12013799526_2496228894,0,0,15
3895.0,cluster_12013799527_12013799528_2190601967,0,0,15
3895.0,cluster_12013799529_12013799530_473195061,0,0,15
3896.0,2496228891,0,2,15
3896.0,cluster_12013799525_12013799526_2496228894,0,0,15
3896.0,cluster_12013799527_12013799528_2190601967,0,0,15
3896.0,cluster_12013799529_12013799530_473195061,0,0,15
3897.0,2496228891,0,2,15
3897.0,cluster_12013799525_12013799526_2496228894,0,0,15
3897.0,cluster_12013799527_12013799528_2190601967,0,0,15
3897.0,cluster_12013799529_12013799530_473195061,0,0,15
3898.0,2496228891,0,2,15
3898.0,cluster_12013799525_12013799526_2496228894,0,0,15
3898.0,cluster_12013799527_12013799528_2190601967,0,0,15
3898.0,cluster_12013799529_12013799530_473195061,0,0,15
3899.0,2496228891,0,2,15
3899.0,cluster_12013799525_12013799526_2496228894,0,0,15
3899.0,cluster_12013799527_12013799528_2190601967,0,0,15
3899.0,cluster_12013799529_12013799530_473195061,0,0,15
3900.0,2496228891,0,2,15
3900.0,cluster_12013799525_12013799526_2496228894,0,0,15
3900.0,cluster_12013799527_12013799528_2190601967,0,0,15
3900.0,cluster_12013799529_12013799530_473195061,0,0,15
3901.0,2496228891,1,2,15
3901.0,cluster_12013799525_12013799526_2496228894,1,0,15
3901.0,cluster_12013799529_12013799530_473195061,1,0,15
3902.0,2496228891,1,2,15
3902.0,cluster_12013799525_12013799526_2496228894,1,0,15
3903.0,2496228891,1,2,15
3904.0,2496228891,1,2,15
3904.0,cluster_12013799527_12013799528_2190601967,1,2,15
3905.0,2496228891,2,2,15
3905.0,cluster_12013799527_12013799528_2190601967,2,2,15
3905.0,cluster_12013799529_12013799530_473195061,2,2,15
3906.0,2496228891,2,2,15
3906.0,cluster_12013799525_12013799526_2496228894,6,2,21
3906.0,cluster_12013799527_12013799528_2190601967,2,2,15
3906.0,cluster_12013799529_12013799530_473195061,2,2,15
3907.0,2496228891,2,2,15
3907.0,cluster_12013799525_12013799526_2496228894,5,2,21
3907.0,cluster_12013799527_12013799528_2190601967,2,2,15
3907.0,cluster_12013799529_12013799530_473195061,2,2,15
3908.0,2496228891,2,2,15
3908.0,cluster_12013799525_12013799526_2496228894,5,2,21
3908.0,cluster_12013799527_12013799528_2190601967,2,2,15
3908.0,cluster_12013799529_12013799530_473195061,2,2,15
3909.0,2496228891,2,2,15
3909.0,cluster_12013799525_12013799526_2496228894,5,2,21
3909.0,cluster_12013799527_12013799528_2190601967,3,2,15
3909.0,cluster_12013799529_12013799530_473195061,2,2,15
3910.0,2496228891,3,2,15
3910.0,cluster_12013799525_12013799526_2496228894,5,2,21
3910.0,cluster_12013799527_12013799528_2190601967,3,2,15
3910.0,cluster_12013799529_12013799530_473195061,3,2,15
3911.0,cluster_12013799525_12013799526_2496228894,4,2,21
3911.0,cluster_12013799527_12013799528_2190601967,4,2,23
3911.0,cluster_12013799529_12013799530_473195061,3,2,15
3912.0,cluster_12013799525_12013799526_2496228894,4,2,21
3912.0,cluster_12013799527_12013799528_2190601967,4,2,23
3912.0,cluster_12013799529_12013799530_473195061,3,2,15
3913.0,cluster_12013799525_12013799526_2496228894,2,2,15
3913.0,cluster_12013799527_12013799528_2190601967,5,2,23
3913.0,cluster_12013799529_12013799530_473195061,3,2,15
3914.0,2496228891,4,0,21
3914.0,cluster_12013799525_12013799526_2496228894,3,2,15
3914.0,cluster_12013799527_12013799528_2190601967,5,2,21
3914.0,cluster_12013799529_12013799530_473195061,4,2,23
3915.0,2496228891,4,0,21
3915.0,cluster_12013799525_12013799526_2496228894,3,2,15
3915.0,cluster_12013799527_12013799528_2190601967,5,2,21
3915.0,cluster_12013799529_12013799530_473195061,4,2,21
3916.0,2496228891,4,0,21
3916.0,cluster_12013799525_12013799526_2496228894,3,2,15
3916.0,cluster_12013799527_12013799528_2190601967,5,2,21
3916.0,cluster_12013799529_12013799530_473195061,4,2,21
3917.0,2496228891,5,0,23
3917.0,cluster_12013799525_12013799526_2496228894,3,2,15
3917.0,cluster_12013799527_12013799528_2190601967,5,2,21
3917.0,cluster_12013799529_12013799530_473195061,4,2,21
3918.0,2496228891,5,0,21
3918.0,cluster_12013799525_12013799526_2496228894,3,2,15
3918.0,cluster_12013799527_12013799528_2190601967,5,2,23
3918.0,cluster_12013799529_12013799530_473195061,5,2,23
3919.0,2496228891,5,0,21
3919.0,cluster_12013799525_12013799526_2496228894,3,2,15
3919.0,cluster_12013799527_12013799528_2190601967,5,2,21
3919.0,cluster_12013799529_12013799530_473195061,5,2,21
3920.0,2496228891,5,0,21
3920.0,cluster_12013799525_12013799526_2496228894,3,2,15
3920.0,cluster_12013799529_12013799530_473195061,5,2,21
3921.0,2496228891,5,0,21
3921.0,cluster_12013799525_12013799526_2496228894,3,2,15
3922.0,2496228891,5,0,21
3922.0,cluster_12013799525_12013799526_2496228894,3,2,15
3923.0,2496228891,5,0,21
3923.0,cluster_12013799525_12013799526_2496228894,3,2,15
3923.0,cluster_12013799527_12013799528_2190601967,5,0,21
3924.0,2496228891,5,0,21
3924.0,cluster_12013799525_12013799526_2496228894,3,2,15
3924.0,cluster_12013799527_12013799528_2190601967,5,0,21
3924.0,cluster_12013799529_12013799530_473195061,5,0,21
3925.0,2496228891,4,0,21
3925.0,cluster_12013799525_12013799526_2496228894,3,2,15
3925.0,cluster_12013799527_12013799528_2190601967,5,0,21
3925.0,cluster_12013799529_12013799530_473195061,4,0,21
3926.0,2496228891,4,0,21
3926.0,cluster_12013799525_12013799526_2496228894,3,2,15
3926.0,cluster_12013799527_12013799528_2190601967,6,0,23
3926.0,cluster_12013799529_12013799530_473195061,4,0,21
3927.0,2496228891,4,0,21
3927.0,cluster_12013799525_12013799526_2496228894,3,2,15
3927.0,cluster_12013799527_12013799528_2190601967,5,0,21
3927.0,cluster_12013799529_12013799530_473195061,4,0,21
3928.0,2496228891,4,0,21
3928.0,cluster_12013799527_12013799528_2190601967,5,0,21
3928.0,cluster_12013799529_12013799530_473195061,4,0,21
3929.0,2496228891,3,0,15
3929.0,cluster_12013799527_12013799528_2190601967,4,0,21
3929.0,cluster_12013799529_12013799530_473195061,3,0,15
3930.0,2496228891,5,0,23
3930.0,cluster_12013799527_12013799528_2190601967,4,0,21
3930.0,cluster_12013799529_12013799530_473195061,3,0,15
3931.0,2496228891,5,0,21
3931.0,cluster_12013799525_12013799526_2496228894,4,0,21
3931.0,cluster_12013799527_12013799528_2190601967,4,0,21
3931.0,cluster_12013799529_12013799530_473195061,3,0,15
3932.0,2496228891,6,0,23
3932.0,cluster_12013799525_12013799526_2496228894,3,0,15
3932.0,cluster_12013799527_12013799528_2190601967,3,0,15
3932.0,cluster_12013799529_12013799530_473195061,2,0,15
3933.0,2496228891,6,0,21
3933.0,cluster_12013799525_12013799526_2496228894,3,0,15
3933.0,cluster_12013799527_12013799528_2190601967,3,0,15
3933.0,cluster_12013799529_12013799530_473195061,2,0,15
3934.0,2496228891,3,0,15
3934.0,cluster_12013799525_12013799526_2496228894,3,0,15
3934.0,cluster_12013799527_12013799528_2190601967,3,0,15
3934.0,cluster_12013799529_12013799530_473195061,1,0,15
3935.0,2496228891,3,0,15
3935.0,cluster_12013799525_12013799526_2496228894,3,0,15
3935.0,cluster_12013799527_12013799528_2190601967,2,0,15
3935.0,cluster_12013799529_12013799530_473195061,1,0,15
3936.0,cluster_12013799525_12013799526_2496228894,2,0,15
3936.0,cluster_12013799527_12013799528_2190601967,2,0,15
3936.0,cluster_12013799529_12013799530_473195061,1,0,15
3937.0,cluster_12013799525_12013799526_2496228894,2,0,15
3937.0,cluster_12013799527_12013799528_2190601967,2,0,15
3937.0,cluster_12013799529_12013799530_473195061,0,0,15
3938.0,cluster_12013799525_12013799526_2496228894,1,0,15
3938.0,cluster_12013799527_12013799528_2190601967,2,0,15
3938.0,cluster_12013799529_12013799530_473195061,0,0,15
3939.0,2496228891,3,2,15
3939.0,cluster_12013799525_12013799526_2496228894,1,0,15
3939.0,cluster_12013799527_12013799528_2190601967,1,0,15
3939.0,cluster_12013799529_12013799530_473195061,0,0,15
3940.0,2496228891,2,2,15
3940.0,cluster_12013799525_12013799526_2496228894,1,0,15
3940.0,cluster_12013799527_12013799528_2190601967,1,0,15
3940.0,cluster_12013799529_12013799530_473195061,0,0,15
3941.0,2496228891,2,2,15
3941.0,cluster_12013799525_12013799526_2496228894,0,0,15
3941.0,cluster_12013799527_12013799528_2190601967,1,0,15
3941.0,cluster_12013799529_12013799530_473195061,0,0,15
3942.0,2496228891,2,2,15
3942.0,cluster_12013799525_12013799526_2496228894,0,0,15
3942.0,cluster_12013799527_12013799528_2190601967,1,0,15
3942.0,cluster_12013799529_12013799530_473195061,0,0,15
3943.0,2496228891,2,2,15
3943.0,cluster_12013799525_12013799526_2496228894,0,0,15
3943.0,cluster_12013799527_12013799528_2190601967,1,0,15
3943.0,cluster_12013799529_12013799530_473195061,0,0,15
3944.0,2496228891,1,2,15
3944.0,cluster_12013799525_12013799526_2496228894,0,0,15
3944.0,cluster_12013799527_12013799528_2190601967,0,0,15
3944.0,cluster_12013799529_12013799530_473195061,0,0,15
3945.0,2496228891,1,2,15
3945.0,cluster_12013799525_12013799526_2496228894,0,0,15
3945.0,cluster_12013799529_12013799530_473195061,0,0,15
3946.0,2496228891,0,2,15
3946.0,cluster_12013799525_12013799526_2496228894,0,0,15
3947.0,2496228891,0,2,15
3947.0,cluster_12013799525_12013799526_2496228894,0,0,15
3948.0,2496228891,0,2,15
3948.0,cluster_12013799525_12013799526_2496228894,0,0,15
3948.0,cluster_12013799527_12013799528_2190601967,5,2,21
3949.0,2496228891,0,2,15
3949.0,cluster_12013799525_12013799526_2496228894,0,0,15
3949.0,cluster_12013799527_12013799528_2190601967,2,2,15
3949.0,cluster_12013799529_12013799530_473195061,6,2,21
3950.0,2496228891,0,2,15
3950.0,cluster_12013799525_12013799526_2496228894,0,0,15
3950.0,cluster_12013799527_12013799528_2190601967,3,2,15
3950.0,cluster_12013799529_12013799530_473195061,5,2,21
3951.0,2496228891,0,2,15
3951.0,cluster_12013799525_12013799526_2496228894,0,0,15
3951.0,cluster_12013799527_12013799528_2190601967,2,2,15
3951.0,cluster_12013799529_12013799530_473195061,5,2,21
3952.0,2496228891,0,2,15
3952.0,cluster_12013799525_12013799526_2496228894,0,0,15
3952.0,cluster_12013799527_12013799528_2190601967,2,2,15
3952.0,cluster_12013799529_12013799530_473195061,5,2,21
3953.0,2496228891,0,2,15
3953.0,cluster_12013799527_12013799528_2190601967,1,2,15
3953.0,cluster_12013799529_12013799530_473195061,4,2,21
3954.0,2496228891,0,2,15
3954.0,cluster_12013799527_12013799528_2190601967,1,2,15
3954.0,cluster_12013799529_12013799530_473195061,4,2,21
3955.0,cluster_12013799527_12013799528_2190601967,0,2,15
3955.0,cluster_12013799529_12013799530_473195061,4,2,21
3956.0,cluster_12013799525_12013799526_2496228894,2,2,15
3956.0,cluster_12013799527_12013799528_2190601967,0,2,15
3956.0,cluster_12013799529_12013799530_473195061,4,2,21
3957.0,cluster_12013799525_12013799526_2496228894,1,2,15
3957.0,cluster_12013799527_12013799528_2190601967,0,2,15
3957.0,cluster_12013799529_12013799530_473195061,4,2,21
3958.0,2496228891,5,0,21
3958.0,cluster_12013799525_12013799526_2496228894,1,2,15
3958.0,cluster_12013799527_12013799528_2190601967,0,2,15
3958.0,cluster_12013799529_12013799530_473195061,4,2,21
3959.0,2496228891,2,0,15
3959.0,cluster_12013799525_12013799526_2496228894,0,2,15
3959.0,cluster_12013799527_12013799528_2190601967,1,2,15
3959.0,cluster_12013799529_12013799530_473195061,3,2,15
3960.0,2496228891,3,0,15
3960.0,cluster_12013799525_12013799526_2496228894,0,2,15
3960.0,cluster_12013799527_12013799528_2190601967,1,2,15
3960.0,cluster_12013799529_12013799530_473195061,3,2,15
3961.0,2496228891,3,0,15
3961.0,cluster_12013799525_12013799526_2496228894,1,2,15
3961.0,cluster_12013799527_12013799528_2190601967,2,2,15
3961.0,cluster_12013799529_12013799530_473195061,2,2,15
3962.0,2496228891,3,0,15
3962.0,cluster_12013799525_12013799526_2496228894,1,2,15
3962.0,cluster_12013799527_12013799528_2190601967,2,2,15
3962.0,cluster_12013799529_12013799530_473195061,2,2,15
3963.0,2496228891,4,0,23
3963.0,cluster_12013799525_12013799526_2496228894,1,2,15
3963.0,cluster_12013799527_12013799528_2190601967,2,2,15
3963.0,cluster_12013799529_12013799530_473195061,1,2,15
3964.0,2496228891,6,0,23
3964.0,cluster_12013799525_12013799526_2496228894,2,2,15
3964.0,cluster_12013799527_12013799528_2190601967,1,2,15
3964.0,cluster_12013799529_12013799530_473195061,1,2,15
3965.0,2496228891,5,0,23
3965.0,cluster_12013799525_12013799526_2496228894,2,2,15
3965.0,cluster_12013799527_12013799528_2190601967,2,2,15
3965.0,cluster_12013799529_12013799530_473195061,1,2,15
3966.0,2496228891,4,0,21
3966.0,cluster_12013799525_12013799526_2496228894,2,2,15
3966.0,cluster_12013799527_12013799528_2190601967,1,2,15
3966.0,cluster_12013799529_12013799530_473195061,0,2,15
3967.0,2496228891,4,0,23
3967.0,cluster_12013799525_12013799526_2496228894,3,2,15
3967.0,cluster_12013799527_12013799528_2190601967,2,2,15
3967.0,cluster_12013799529_12013799530_473195061,0,2,15
3968.0,2496228891,1,0,15
3968.0,cluster_12013799525_12013799526_2496228894,3,2,15
3968.0,cluster_12013799527_12013799528_2190601967,2,2,15
3968.0,cluster_12013799529_12013799530_473195061,0,2,15
3969.0,2496228891,2,0,15
3969.0,cluster_12013799525_12013799526_2496228894,4,2,23
3969.0,cluster_12013799527_12013799528_2190601967,1,2,15
3969.0,cluster_12013799529_12013799530_473195061,0,2,15
3970.0,2496228891,1,0,15
3970.0,cluster_12013799525_12013799526_2496228894,4,2,23
3970.0,cluster_12013799529_12013799530_473195061,0,2,15
3971.0,2496228891,1,0,15
3971.0,cluster_12013799525_12013799526_2496228894,4,2,21
3972.0,2496228891,1,0,15
3973.0,2496228891,1,0,15
3973.0,cluster_12013799527_12013799528_2190601967,0,0,15
3974.0,2496228891,1,0,15
3974.0,cluster_12013799527_12013799528_2190601967,0,0,15
3974.0,cluster_12013799529_12013799530_473195061,0,0,15
3975.0,2496228891,1,0,15
3975.0,cluster_12013799525_12013799526_2496228894,0,0,15
3975.0,cluster_12013799527_12013799528_2190601967,0,0,15
3975.0,cluster_12013799529_12013799530_473195061,0,0,15
3976.0,2496228891,1,0,15
3976.0,cluster_12013799525_12013799526_2496228894,0,0,15
3976.0,cluster_12013799527_12013799528_2190601967,0,0,15
3976.0,cluster_12013799529_12013799530_473195061,0,0,15
3977.0,2496228891,1,0,15
3977.0,cluster_12013799525_12013799526_2496228894,0,0,15
3977.0,cluster_12013799527_12013799528_2190601967,0,0,15
3977.0,cluster_12013799529_12013799530_473195061,0,0,15
3978.0,2496228891,1,0,15
3978.0,cluster_12013799525_12013799526_2496228894,0,0,15
3978.0,cluster_12013799527_12013799528_2190601967,0,0,15
3978.0,cluster_12013799529_12013799530_473195061,0,0,15
3979.0,2496228891,1,0,15
3979.0,cluster_12013799525_12013799526_2496228894,0,0,15
3979.0,cluster_12013799527_12013799528_2190601967,0,0,15
3979.0,cluster_12013799529_12013799530_473195061,0,0,15
3980.0,cluster_12013799525_12013799526_2496228894,0,0,15
3980.0,cluster_12013799527_12013799528_2190601967,0,0,15
3980.0,cluster_12013799529_12013799530_473195061,0,0,15
3981.0,cluster_12013799525_12013799526_2496228894,0,0,15
3981.0,cluster_12013799527_12013799528_2190601967,0,0,15
3981.0,cluster_12013799529_12013799530_473195061,0,0,15
3982.0,cluster_12013799525_12013799526_2496228894,0,0,15
3982.0,cluster_12013799527_12013799528_2190601967,0,0,15
3982.0,cluster_12013799529_12013799530_473195061,0,0,15
3983.0,2496228891,0,2,15
3983.0,cluster_12013799525_12013799526_2496228894,0,0,15
3983.0,cluster_12013799527_12013799528_2190601967,0,0,15
3983.0,cluster_12013799529_12013799530_473195061,0,0,15
3984.0,2496228891,0,2,15
3984.0,cluster_12013799525_12013799526_2496228894,0,0,15
3984.0,cluster_12013799527_12013799528_2190601967,0,0,15
3984.0,cluster_12013799529_12013799530_473195061,0,0,15
3985.0,2496228891,0,2,15
3985.0,cluster_12013799525_12013799526_2496228894,0,0,15
3985.0,cluster_12013799527_12013799528_2190601967,0,0,15
3985.0,cluster_12013799529_12013799530_473195061,0,0,15
3986.0,2496228891,0,2,15
3986.0,cluster_12013799525_12013799526_2496228894,0,0,15
3986.0,cluster_12013799527_12013799528_2190601967,0,0,15
3986.0,cluster_12013799529_12013799530_473195061,0,0,15
3987.0,2496228891,0,2,15
3987.0,cluster_12013799525_12013799526_2496228894,0,0,15
3987.0,cluster_12013799527_12013799528_2190601967,0,0,15
3987.0,cluster_12013799529_12013799530_473195061,0,0,15
3988.0,2496228891,0,2,15
3988.0,cluster_12013799525_12013799526_2496228894,0,0,15
3988.0,cluster_12013799527_12013799528_2190601967,0,0,15
3988.0,cluster_12013799529_12013799530_473195061,0,0,15
3989.0,2496228891,0,2,15
3989.0,cluster_12013799525_12013799526_2496228894,0,0,15
3989.0,cluster_12013799529_12013799530_473195061,0,0,15
3990.0,2496228891,0,2,15
3990.0,cluster_12013799525_12013799526_2496228894,0,0,15
3991.0,2496228891,0,2,15
3992.0,2496228891,0,2,15
3992.0,cluster_12013799527_12013799528_2190601967,1,2,15
3993.0,2496228891,0,2,15
3993.0,cluster_12013799527_12013799528_2190601967,0,2,15
3993.0,cluster_12013799529_12013799530_473195061,0,2,15
3994.0,2496228891,0,2,15
3994.0,cluster_12013799525_12013799526_2496228894,4,2,21
3994.0,cluster_12013799527_12013799528_2190601967,0,2,15
3994.0,cluster_12013799529_12013799530_473195061,0,2,15
3995.0,2496228891,0,2,15
3995.0,cluster_12013799525_12013799526_2496228894,3,2,15
3995.0,cluster_12013799527_12013799528_2190601967,0,2,15
3995.0,cluster_12013799529_12013799530_473195061,0,2,15
3996.0,2496228891,0,2,15
3996.0,cluster_12013799525_12013799526_2496228894,3,2,15
3996.0,cluster_12013799527_12013799528_2190601967,0,2,15
3996.0,cluster_12013799529_12013799530_473195061,0,2,15
3997.0,2496228891,0,2,15
3997.0,cluster_12013799525_12013799526_2496228894,3,2,15
3997.0,cluster_12013799527_12013799528_2190601967,0,2,15
3997.0,cluster_12013799529_12013799530_473195061,1,2,15
3998.0,2496228891,0,2,15
3998.0,cluster_12013799525_12013799526_2496228894,2,2,15
3998.0,cluster_12013799527_12013799528_2190601967,0,2,15
3998.0,cluster_12013799529_12013799530_473195061,1,2,15
3999.0,cluster_12013799525_12013799526_2496228894,1,2,15
3999.0,cluster_12013799527_12013799528_2190601967,1,2,15
3999.0,cluster_12013799529_12013799530_473195061,1,2,15
4000.0,cluster_12013799525_12013799526_2496228894,1,2,15
4000.0,cluster_12013799527_12013799528_2190601967,1,2,15
4000.0,cluster_12013799529_12013799530_473195061,1,2,15
4001.0,cluster_12013799525_12013799526_2496228894,1,2,15
4001.0,cluster_12013799527_12013799528_2190601967,2,2,15
4001.0,cluster_12013799529_12013799530_473195061,2,2,15
4002.0,2496228891,1,0,15
4002.0,cluster_12013799525_12013799526_2496228894,1,2,15
4002.0,cluster_12013799527_12013799528_2190601967,2,2,15
4002.0,cluster_12013799529_12013799530_473195061,2,2,15
4003.0,2496228891,1,0,15
4003.0,cluster_12013799525_12013799526_2496228894,1,2,15
4003.0,cluster_12013799527_12013799528_2190601967,2,2,15
4003.0,cluster_12013799529_12013799530_473195061,2,2,15
4004.0,2496228891,1,0,15
4004.0,cluster_12013799525_12013799526_2496228894,1,2,15
4004.0,cluster_12013799527_12013799528_2190601967,2,2,15
4004.0,cluster_12013799529_12013799530_473195061,2,2,15
4005.0,2496228891,2,0,15
4005.0,cluster_12013799525_12013799526_2496228894,2,2,15
4005.0,cluster_12013799527_12013799528_2190601967,3,2,15
4005.0,cluster_12013799529_12013799530_473195061,3,2,15
4006.0,2496228891,2,0,15
4006.0,cluster_12013799525_12013799526_2496228894,2,2,15
4006.0,cluster_12013799527_12013799528_2190601967,3,2,15
4006.0,cluster_12013799529_12013799530_473195061,3,2,15
4007.0,2496228891,2,0,15
4007.0,cluster_12013799525_12013799526_2496228894,2,2,15
4007.0,cluster_12013799527_12013799528_2190601967,3,2,15
4007.0,cluster_12013799529_12013799530_473195061,2,2,15
4008.0,2496228891,2,0,15
4008.0,cluster_12013799525_12013799526_2496228894,2,2,15
4008.0,cluster_12013799529_12013799530_473195061,2,2,15
4009.0,2496228891,3,0,15
4009.0,cluster_12013799525_12013799526_2496228894,3,2,15
4010.0,2496228891,3,0,15
4010.0,cluster_12013799525_12013799526_2496228894,3,2,15
4011.0,2496228891,3,0,15
4011.0,cluster_12013799525_12013799526_2496228894,3,2,15
4011.0,cluster_12013799527_12013799528_2190601967,3,0,15
4012.0,2496228891,3,0,15
4012.0,cluster_12013799525_12013799526_2496228894,3,2,15
4012.0,cluster_12013799527_12013799528_2190601967,3,0,15
4012.0,cluster_12013799529_12013799530_473195061,3,0,15
4013.0,2496228891,4,0,23
4013.0,cluster_12013799525_12013799526_2496228894,3,2,15
4013.0,cluster_12013799527_12013799528_2190601967,4,0,23
4013.0,cluster_12013799529_12013799530_473195061,4,0,21
4014.0,2496228891,4,0,21
4014.0,cluster_12013799525_12013799526_2496228894,2,2,15
4014.0,cluster_12013799527_12013799528_2190601967,4,0,21
4014.0,cluster_12013799529_12013799530_473195061,4,0,21
4015.0,2496228891,4,0,21
4015.0,cluster_12013799525_12013799526_2496228894,3,2,15
4015.0,cluster_12013799527_12013799528_2190601967,4,0,21
4015.0,cluster_12013799529_12013799530_473195061,4,0,21
4016.0,2496228891,4,0,21
4016.0,cluster_12013799527_12013799528_2190601967,4,0,21
4016.0,cluster_12013799529_12013799530_473195061,4,0,21
4017.0,2496228891,5,0,23
4017.0,cluster_12013799527_12013799528_2190601967,5,0,23
4017.0,cluster_12013799529_12013799530_473195061,5,0,21
4018.0,cluster_12013799527_12013799528_2190601967,5,0,21
4018.0,cluster_12013799529_12013799530_473195061,4,0,21
4019.0,cluster_12013799525_12013799526_2496228894,3,0,15
4019.0,cluster_12013799527_12013799528_2190601967,5,0,21
4019.0,cluster_12013799529_12013799530_473195061,4,0,21
4020.0,cluster_12013799525_12013799526_2496228894,3,0,15
4020.0,cluster_12013799527_12013799528_2190601967,4,0,21
4020.0,cluster_12013799529_12013799530_473195061,4,0,21
4021.0,2496228891,2,2,15
4021.0,cluster_12013799525_12013799526_2496228894,3,0,15
4021.0,cluster_12013799527_12013799528_2190601967,5,0,23
4021.0,cluster_12013799529_12013799530_473195061,3,0,15
4022.0,2496228891,2,2,15
4022.0,cluster_12013799525_12013799526_2496228894,3,0,15
4022.0,cluster_12013799527_12013799528_2190601967,4,0,21
4022.0,cluster_12013799529_12013799530_473195061,3,0,15
4023.0,2496228891,2,2,15
4023.0,cluster_12013799525_12013799526_2496228894,2,0,15
4023.0,cluster_12013799527_12013799528_2190601967,4,0,21
4023.0,cluster_12013799529_12013799530_473195061,3,0,15
4024.0,2496228891,2,2,15
4024.0,cluster_12013799525_12013799526_2496228894,2,0,15
4024.0,cluster_12013799527_12013799528_2190601967,4,0,21
4024.0,cluster_12013799529_12013799530_473195061,3,0,15
4025.0,2496228891,1,2,15
4025.0,cluster_12013799525_12013799526_2496228894,2,0,15
4025.0,cluster_12013799527_12013799528_2190601967,5,0,23
4025.0,cluster_12013799529_12013799530_473195061,3,0,15
4026.0,2496228891,1,2,15
4026.0,cluster_12013799525_12013799526_2496228894,1,0,15
4026.0,cluster_12013799527_12013799528_2190601967,5,0,21
4026.0,cluster_12013799529_12013799530_473195061,2,0,15
4027.0,2496228891,1,2,15
4027.0,cluster_12013799525_12013799526_2496228894,1,0,15
4027.0,cluster_12013799529_12013799530_473195061,2,0,15
4028.0,2496228891,0,2,15
4028.0,cluster_12013799525_12013799526_2496228894,1,0,15
4029.0,2496228891,0,2,15
4029.0,cluster_12013799525_12013799526_2496228894,0,0,15
4030.0,2496228891,0,2,15
4030.0,cluster_12013799525_12013799526_2496228894,0,0,15
4030.0,cluster_12013799527_12013799528_2190601967,3,2,15
4031.0,2496228891,0,2,15
4031.0,cluster_12013799525_12013799526_2496228894,0,0,15
4031.0,cluster_12013799527_12013799528_2190601967,4,2,23
4031.0,cluster_12013799529_12013799530_473195061,6,2,21
4032.0,2496228891,0,2,15
4032.0,cluster_12013799525_12013799526_2496228894,0,0,15
4032.0,cluster_12013799527_12013799528_2190601967,4,2,21
4032.0,cluster_12013799529_12013799530_473195061,6,2,21
4033.0,2496228891,0,2,15
4033.0,cluster_12013799525_12013799526_2496228894,0,0,15
4033.0,cluster_12013799527_12013799528_2190601967,3,2,15
4033.0,cluster_12013799529_12013799530_473195061,5,2,21
4034.0,2496228891,0,2,15
4034.0,cluster_12013799525_12013799526_2496228894,0,0,15
4034.0,cluster_12013799527_12013799528_2190601967,3,2,15
4034.0,cluster_12013799529_12013799530_473195061,5,2,21
4035.0,2496228891,0,2,15
4035.0,cluster_12013799527_12013799528_2190601967,4,2,23
4035.0,cluster_12013799529_12013799530_473195061,5,2,21
4036.0,2496228891,0,2,15
4036.0,cluster_12013799527_12013799528_2190601967,3,2,15
4036.0,cluster_12013799529_12013799530_473195061,5,2,21
4037.0,cluster_12013799527_12013799528_2190601967,2,2,15
4037.0,cluster_12013799529_12013799530_473195061,5,2,21
4038.0,cluster_12013799525_12013799526_2496228894,2,2,15
4038.0,cluster_12013799527_12013799528_2190601967,3,2,15
4038.0,cluster_12013799529_12013799530_473195061,6,2,23
4039.0,cluster_12013799525_12013799526_2496228894,1,2,15
4039.0,cluster_12013799527_12013799528_2190601967,2,2,15
4039.0,cluster_12013799529_12013799530_473195061,6,2,21
4040.0,2496228891,2,0,15
4040.0,cluster_12013799525_12013799526_2496228894,1,2,15
4040.0,cluster_12013799527_12013799528_2190601967,2,2,15
4040.0,cluster_12013799529_12013799530_473195061,6,2,21
4041.0,2496228891,2,0,15
4041.0,cluster_12013799525_12013799526_2496228894,1,2,15
4041.0,cluster_12013799527_12013799528_2190601967,2,2,15
4041.0,cluster_12013799529_12013799530_473195061,7,2,23
4042.0,2496228891,2,0,15
4042.0,cluster_12013799525_12013799526_2496228894,1,2,15
4042.0,cluster_12013799527_12013799528_2190601967,2,2,15
4042.0,cluster_12013799529_12013799530_473195061,7,2,21
4043.0,2496228891,2,0,15
4043.0,cluster_12013799525_12013799526_2496228894,1,2,15
4043.0,cluster_12013799527_12013799528_2190601967,2,2,15
4043.0,cluster_12013799529_12013799530_473195061,7,2,21
4044.0,2496228891,2,0,15
4044.0,cluster_12013799525_12013799526_2496228894,1,2,15
4044.0,cluster_12013799527_12013799528_2190601967,2,2,15
4044.0,cluster_12013799529_12013799530_473195061,7,2,21
4045.0,2496228891,2,0,15
4045.0,cluster_12013799525_12013799526_2496228894,1,2,15
4045.0,cluster_12013799527_12013799528_2190601967,2,2,15
4045.0,cluster_12013799529_12013799530_473195061,8,2,24
4046.0,2496228891,2,0,15
4046.0,cluster_12013799525_12013799526_2496228894,1,2,15
4046.0,cluster_12013799529_12013799530_473195061,8,2,21
4047.0,2496228891,2,0,15
4047.0,cluster_12013799525_12013799526_2496228894,1,2,15
4047.0,cluster_12013799529_12013799530_473195061,7,2,21
4048.0,2496228891,2,0,15
4048.0,cluster_12013799525_12013799526_2496228894,1,2,15
4048.0,cluster_12013799529_12013799530_473195061,7,2,21
4049.0,2496228891,2,0,15
4049.0,cluster_12013799525_12013799526_2496228894,1,2,15
4049.0,cluster_12013799527_12013799528_2190601967,4,0,21
4049.0,cluster_12013799529_12013799530_473195061,6,2,21
4050.0,2496228891,2,0,15
4050.0,cluster_12013799525_12013799526_2496228894,1,2,15
4050.0,cluster_12013799527_12013799528_2190601967,4,0,21
4050.0,cluster_12013799529_12013799530_473195061,6,2,21
4051.0,2496228891,2,0,15
4051.0,cluster_12013799525_12013799526_2496228894,1,2,15
4051.0,cluster_12013799527_12013799528_2190601967,4,0,21
4051.0,cluster_12013799529_12013799530_473195061,5,2,21
4052.0,2496228891,4,0,23
4052.0,cluster_12013799525_12013799526_2496228894,0,2,15
4052.0,cluster_12013799527_12013799528_2190601967,4,0,21
4052.0,cluster_12013799529_12013799530_473195061,5,2,21
4053.0,2496228891,4,0,21
4053.0,cluster_12013799525_12013799526_2496228894,0,2,15
4053.0,cluster_12013799527_12013799528_2190601967,3,0,15
4054.0,2496228891,4,0,21
4054.0,cluster_12013799527_12013799528_2190601967,3,0,15
4055.0,2496228891,4,0,21
4055.0,cluster_12013799527_12013799528_2190601967,3,0,15
4056.0,cluster_12013799527_12013799528_2190601967,2,0,15
4056.0,cluster_12013799529_12013799530_473195061,1,0,15
4057.0,cluster_12013799525_12013799526_2496228894,0,0,15
4057.0,cluster_12013799527_12013799528_2190601967,2,0,15
4057.0,cluster_12013799529_12013799530_473195061,1,0,15
4058.0,cluster_12013799525_12013799526_2496228894,0,0,15
4058.0,cluster_12013799527_12013799528_2190601967,2,0,15
4058.0,cluster_12013799529_12013799530_473195061,1,0,15
4059.0,2496228891,0,2,15
4059.0,cluster_12013799525_12013799526_2496228894,0,0,15
4059.0,cluster_12013799527_12013799528_2190601967,1,0,15
4059.0,cluster_12013799529_12013799530_473195061,1,0,15
4060.0,2496228891,0,2,15
4060.0,cluster_12013799525_12013799526_2496228894,0,0,15
4060.0,cluster_12013799527_12013799528_2190601967,1,0,15
4060.0,cluster_12013799529_12013799530_473195061,0,0,15
4061.0,2496228891,0,2,15
4061.0,cluster_12013799525_12013799526_2496228894,0,0,15
4061.0,cluster_12013799527_12013799528_2190601967,0,0,15
4061.0,cluster_12013799529_12013799530_473195061,0,0,15
4062.0,2496228891,0,2,15
4062.0,cluster_12013799525_12013799526_2496228894,0,0,15
4062.0,cluster_12013799527_12013799528_2190601967,0,0,15
4062.0,cluster_12013799529_12013799530_473195061,0,0,15
4063.0,2496228891,0,2,15
4063.0,cluster_12013799525_12013799526_2496228894,0,0,15
4063.0,cluster_12013799527_12013799528_2190601967,0,0,15
4063.0,cluster_12013799529_12013799530_473195061,0,0,15
4064.0,2496228891,0,2,15
4064.0,cluster_12013799525_12013799526_2496228894,0,0,15
4064.0,cluster_12013799527_12013799528_2190601967,0,0,15
4064.0,cluster_12013799529_12013799530_473195061,0,0,15
4065.0,2496228891,0,2,15
4065.0,cluster_12013799525_12013799526_2496228894,0,0,15
4065.0,cluster_12013799527_12013799528_2190601967,0,0,15
4065.0,cluster_12013799529_12013799530_473195061,0,0,15
4066.0,2496228891,0,2,15
4066.0,cluster_12013799525_12013799526_2496228894,0,0,15
4066.0,cluster_12013799527_12013799528_2190601967,0,0,15
4066.0,cluster_12013799529_12013799530_473195061,0,0,15
4067.0,2496228891,0,2,15
4067.0,cluster_12013799525_12013799526_2496228894,0,0,15
4067.0,cluster_12013799527_12013799528_2190601967,0,0,15
4067.0,cluster_12013799529_12013799530_473195061,0,0,15
4068.0,2496228891,0,2,15
4068.0,cluster_12013799525_12013799526_2496228894,0,0,15
4068.0,cluster_12013799527_12013799528_2190601967,0,0,15
4068.0,cluster_12013799529_12013799530_473195061,0,0,15
4069.0,2496228891,0,2,15
4069.0,cluster_12013799525_12013799526_2496228894,0,0,15
4069.0,cluster_12013799527_12013799528_2190601967,0,0,15
4069.0,cluster_12013799529_12013799530_473195061,0,0,15
4070.0,2496228891,0,2,15
4070.0,cluster_12013799525_12013799526_2496228894,0,0,15
4070.0,cluster_12013799527_12013799528_2190601967,0,0,15
4070.0,cluster_12013799529_12013799530_473195061,0,0,15
4071.0,2496228891,0,2,15
4071.0,cluster_12013799525_12013799526_2496228894,0,0,15
4071.0,cluster_12013799529_12013799530_473195061,0,0,15
4072.0,2496228891,0,2,15
4072.0,cluster_12013799525_12013799526_2496228894,0,0,15
4073.0,2496228891,0,2,15
4074.0,2496228891,0,2,15
4074.0,cluster_12013799527_12013799528_2190601967,1,2,15
4075.0,cluster_12013799527_12013799528_2190601967,0,2,15
4075.0,cluster_12013799529_12013799530_473195061,5,2,21
4076.0,cluster_12013799525_12013799526_2496228894,0,2,15
4076.0,cluster_12013799527_12013799528_2190601967,0,2,15
4076.0,cluster_12013799529_12013799530_473195061,4,2,21
4077.0,cluster_12013799525_12013799526_2496228894,0,2,15
4077.0,cluster_12013799527_12013799528_2190601967,0,2,15
4077.0,cluster_12013799529_12013799530_473195061,4,2,21
4078.0,2496228891,2,0,15
4078.0,cluster_12013799525_12013799526_2496228894,0,2,15
4078.0,cluster_12013799527_12013799528_2190601967,0,2,15
4078.0,cluster_12013799529_12013799530_473195061,5,2,23
4079.0,2496228891,1,0,15
4079.0,cluster_12013799525_12013799526_2496228894,0,2,15
4079.0,cluster_12013799527_12013799528_2190601967,0,2,15
4079.0,cluster_12013799529_12013799530_473195061,5,2,21
4080.0,2496228891,1,0,15
4080.0,cluster_12013799525_12013799526_2496228894,0,2,15
4080.0,cluster_12013799527_12013799528_2190601967,0,2,15
4080.0,cluster_12013799529_12013799530_473195061,4,2,21
4081.0,2496228891,1,0,15
4081.0,cluster_12013799525_12013799526_2496228894,0,2,15
4081.0,cluster_12013799527_12013799528_2190601967,0,2,15
4081.0,cluster_12013799529_12013799530_473195061,4,2,21
4082.0,2496228891,1,0,15
4082.0,cluster_12013799525_12013799526_2496228894,1,2,15
4082.0,cluster_12013799527_12013799528_2190601967,0,2,15
4082.0,cluster_12013799529_12013799530_473195061,3,2,15
4083.0,2496228891,2,0,15
4083.0,cluster_12013799525_12013799526_2496228894,1,2,15
4083.0,cluster_12013799527_12013799528_2190601967,0,2,15
4083.0,cluster_12013799529_12013799530_473195061,3,2,15
4084.0,2496228891,2,0,15
4084.0,cluster_12013799525_12013799526_2496228894,1,2,15
4084.0,cluster_12013799527_12013799528_2190601967,0,2,15
4084.0,cluster_12013799529_12013799530_473195061,3,2,15
4085.0,2496228891,2,0,15
4085.0,cluster_12013799525_12013799526_2496228894,2,2,15
4085.0,cluster_12013799527_12013799528_2190601967,0,2,15
4085.0,cluster_12013799529_12013799530_473195061,2,2,15
4086.0,2496228891,3,0,15
4086.0,cluster_12013799525_12013799526_2496228894,2,2,15
4086.0,cluster_12013799527_12013799528_2190601967,0,2,15
4086.0,cluster_12013799529_12013799530_473195061,2,2,15
4087.0,2496228891,1,0,15
4087.0,cluster_12013799525_12013799526_2496228894,2,2,15
4087.0,cluster_12013799527_12013799528_2190601967,0,2,15
4087.0,cluster_12013799529_12013799530_473195061,1,2,15
4088.0,2496228891,1,0,15
4088.0,cluster_12013799525_12013799526_2496228894,2,2,15
4088.0,cluster_12013799527_12013799528_2190601967,0,2,15
4088.0,cluster_12013799529_12013799530_473195061,1,2,15
4089.0,2496228891,2,0,15
4089.0,cluster_12013799525_12013799526_2496228894,2,2,15
4089.0,cluster_12013799527_12013799528_2190601967,0,2,15
4089.0,cluster_12013799529_12013799530_473195061,0,2,15
4090.0,2496228891,3,0,15
4090.0,cluster_12013799525_12013799526_2496228894,2,2,15
4090.0,cluster_12013799529_12013799530_473195061,0,2,15
4091.0,2496228891,3,0,15
4091.0,cluster_12013799525_12013799526_2496228894,2,2,15
4091.0,cluster_12013799529_12013799530_473195061,0,2,15
4092.0,2496228891,4,0,23
4092.0,cluster_12013799529_12013799530_473195061,0,2,15
4093.0,2496228891,3,0,15
4093.0,cluster_12013799527_12013799528_2190601967,0,0,15
4093.0,cluster_12013799529_12013799530_473195061,0,2,15
4094.0,cluster_12013799527_12013799528_2190601967,0,0,15
4094.0,cluster_12013799529_12013799530_473195061,0,2,15
4095.0,cluster_12013799525_12013799526_2496228894,0,0,15
4095.0,cluster_12013799527_12013799528_2190601967,0,0,15
4095.0,cluster_12013799529_12013799530_473195061,0,2,15
4096.0,cluster_12013799525_12013799526_2496228894,0,0,15
4096.0,cluster_12013799527_12013799528_2190601967,0,0,15
4096.0,cluster_12013799529_12013799530_473195061,0,2,15
4097.0,2496228891,0,2,15
4097.0,cluster_12013799525_12013799526_2496228894,0,0,15
4097.0,cluster_12013799527_12013799528_2190601967,0,0,15
4098.0,2496228891,0,2,15
4098.0,cluster_12013799525_12013799526_2496228894,0,0,15
4098.0,cluster_12013799527_12013799528_2190601967,0,0,15
4099.0,2496228891,0,2,15
4099.0,cluster_12013799525_12013799526_2496228894,0,0,15
4099.0,cluster_12013799527_12013799528_2190601967,0,0,15
4100.0,2496228891,0,2,15
4100.0,cluster_12013799525_12013799526_2496228894,0,0,15
4100.0,cluster_12013799527_12013799528_2190601967,0,0,15
4100.0,cluster_12013799529_12013799530_473195061,0,0,15
4101.0,2496228891,1,2,15
4101.0,cluster_12013799525_12013799526_2496228894,1,0,15
4101.0,cluster_12013799527_12013799528_2190601967,1,0,15
4101.0,cluster_12013799529_12013799530_473195061,1,0,15
4102.0,2496228891,1,2,15
4102.0,cluster_12013799525_12013799526_2496228894,1,0,15
4102.0,cluster_12013799527_12013799528_2190601967,1,0,15
4102.0,cluster_12013799529_12013799530_473195061,1,0,15
4103.0,2496228891,1,2,15
4103.0,cluster_12013799525_12013799526_2496228894,1,0,15
4103.0,cluster_12013799527_12013799528_2190601967,1,0,15
4103.0,cluster_12013799529_12013799530_473195061,1,0,15
4104.0,2496228891,1,2,15
4104.0,cluster_12013799525_12013799526_2496228894,1,0,15
4104.0,cluster_12013799527_12013799528_2190601967,1,0,15
4104.0,cluster_12013799529_12013799530_473195061,1,0,15
4105.0,2496228891,2,2,15
4105.0,cluster_12013799525_12013799526_2496228894,2,0,15
4105.0,cluster_12013799527_12013799528_2190601967,2,0,15
4105.0,cluster_12013799529_12013799530_473195061,1,0,15
4106.0,2496228891,2,2,15
4106.0,cluster_12013799525_12013799526_2496228894,2,0,15
4106.0,cluster_12013799527_12013799528_2190601967,2,0,15
4106.0,cluster_12013799529_12013799530_473195061,2,0,15
4107.0,2496228891,2,2,15
4107.0,cluster_12013799525_12013799526_2496228894,2,0,15
4107.0,cluster_12013799527_12013799528_2190601967,2,0,15
4107.0,cluster_12013799529_12013799530_473195061,2,0,15
4108.0,2496228891,2,2,15
4108.0,cluster_12013799525_12013799526_2496228894,2,0,15
4108.0,cluster_12013799527_12013799528_2190601967,2,0,15
4108.0,cluster_12013799529_12013799530_473195061,2,0,15
4109.0,2496228891,2,2,15
4109.0,cluster_12013799525_12013799526_2496228894,3,0,15
4109.0,cluster_12013799529_12013799530_473195061,2,0,15
4110.0,2496228891,3,2,15
4110.0,cluster_12013799525_12013799526_2496228894,2,0,15
4110.0,cluster_12013799529_12013799530_473195061,3,0,15
4111.0,2496228891,3,2,15
4111.0,cluster_12013799529_12013799530_473195061,3,0,15
4112.0,2496228891,3,2,15
4112.0,cluster_12013799527_12013799528_2190601967,3,2,15
4112.0,cluster_12013799529_12013799530_473195061,3,0,15
4113.0,cluster_12013799527_12013799528_2190601967,4,2,23
4113.0,cluster_12013799529_12013799530_473195061,3,0,15
4114.0,cluster_12013799525_12013799526_2496228894,4,2,21
4114.0,cluster_12013799527_12013799528_2190601967,4,2,21
4114.0,cluster_12013799529_12013799530_473195061,4,0,23
4115.0,cluster_12013799525_12013799526_2496228894,3,2,15
4115.0,cluster_12013799527_12013799528_2190601967,4,2,21
4115.0,cluster_12013799529_12013799530_473195061,4,0,21
4116.0,2496228891,7,0,21
4116.0,cluster_12013799525_12013799526_2496228894,3,2,15
4116.0,cluster_12013799527_12013799528_2190601967,4,2,21
4117.0,2496228891,5,0,21
4117.0,cluster_12013799525_12013799526_2496228894,2,2,15
4117.0,cluster_12013799527_12013799528_2190601967,3,2,15
4118.0,2496228891,6,0,23
4118.0,cluster_12013799525_12013799526_2496228894,3,2,15
4118.0,cluster_12013799527_12013799528_2190601967,4,2,23
4119.0,2496228891,6,0,21
4119.0,cluster_12013799525_12013799526_2496228894,3,2,15
4119.0,cluster_12013799527_12013799528_2190601967,5,2,23
4119.0,cluster_12013799529_12013799530_473195061,5,2,21
4120.0,2496228891,6,0,21
4120.0,cluster_12013799525_12013799526_2496228894,4,2,23
4120.0,cluster_12013799527_12013799528_2190601967,5,2,23
4120.0,cluster_12013799529_12013799530_473195061,5,2,21
4121.0,2496228891,5,0,21
4121.0,cluster_12013799525_12013799526_2496228894,4,2,23
4121.0,cluster_12013799527_12013799528_2190601967,5,2,21
4121.0,cluster_12013799529_12013799530_473195061,6,2,23
4122.0,2496228891,5,0,21
4122.0,cluster_12013799525_12013799526_2496228894,5,2,23
4122.0,cluster_12013799527_12013799528_2190601967,4,2,21
4122.0,cluster_12013799529_12013799530_473195061,6,2,21
4123.0,2496228891,5,0,21
4123.0,cluster_12013799525_12013799526_2496228894,5,2,23
4123.0,cluster_12013799527_12013799528_2190601967,4,2,21
4123.0,cluster_12013799529_12013799530_473195061,7,2,23
4124.0,2496228891,5,0,21
4124.0,cluster_12013799525_12013799526_2496228894,5,2,21
4124.0,cluster_12013799527_12013799528_2190601967,4,2,21
4124.0,cluster_12013799529_12013799530_473195061,7,2,21
4125.0,2496228891,5,0,21
4125.0,cluster_12013799525_12013799526_2496228894,5,2,21
4125.0,cluster_12013799527_12013799528_2190601967,4,2,21
4125.0,cluster_12013799529_12013799530_473195061,8,2,24
4126.0,2496228891,5,0,21
4126.0,cluster_12013799525_12013799526_2496228894,5,2,21
4126.0,cluster_12013799527_12013799528_2190601967,4,2,23
4126.0,cluster_12013799529_12013799530_473195061,8,2,21
4127.0,2496228891,5,0,21
4127.0,cluster_12013799525_12013799526_2496228894,5,2,21
4127.0,cluster_12013799527_12013799528_2190601967,4,2,21
4127.0,cluster_12013799529_12013799530_473195061,8,2,21
4128.0,2496228891,5,0,21
4128.0,cluster_12013799525_12013799526_2496228894,5,2,21
4128.0,cluster_12013799529_12013799530_473195061,8,2,21
4129.0,2496228891,5,0,21
4129.0,cluster_12013799525_12013799526_2496228894,5,2,21
4129.0,cluster_12013799529_12013799530_473195061,8,2,21
4130.0,2496228891,5,0,21
4130.0,cluster_12013799525_12013799526_2496228894,5,2,21
4130.0,cluster_12013799529_12013799530_473195061,8,2,21
4131.0,2496228891,5,0,21
4131.0,cluster_12013799525_12013799526_2496228894,4,2,21
4131.0,cluster_12013799527_12013799528_2190601967,7,0,21
4131.0,cluster_12013799529_12013799530_473195061,7,2,21
4132.0,2496228891,5,0,21
4132.0,cluster_12013799525_12013799526_2496228894,4,2,21
4132.0,cluster_12013799527_12013799528_2190601967,6,0,21
4132.0,cluster_12013799529_12013799530_473195061,6,2,21
4133.0,2496228891,5,0,21
4133.0,cluster_12013799525_12013799526_2496228894,3,2,15
4133.0,cluster_12013799527_12013799528_2190601967,6,0,21
4133.0,cluster_12013799529_12013799530_473195061,6,2,21
4134.0,2496228891,5,0,21
4134.0,cluster_12013799525_12013799526_2496228894,3,2,15
4134.0,cluster_12013799527_12013799528_2190601967,6,0,21
4134.0,cluster_12013799529_12013799530_473195061,6,2,21
4135.0,2496228891,5,0,21
4135.0,cluster_12013799525_12013799526_2496228894,3,2,15
4135.0,cluster_12013799527_12013799528_2190601967,6,0,21
4135.0,cluster_12013799529_12013799530_473195061,6,2,21
4136.0,2496228891,5,0,21
4136.0,cluster_12013799527_12013799528_2190601967,5,0,21
4136.0,cluster_12013799529_12013799530_473195061,5,2,21
4137.0,2496228891,5,0,21
4137.0,cluster_12013799527_12013799528_2190601967,5,0,21
4137.0,cluster_12013799529_12013799530_473195061,5,2,21
4138.0,cluster_12013799527_12013799528_2190601967,5,0,21
4138.0,cluster_12013799529_12013799530_473195061,5,2,21
4139.0,cluster_12013799525_12013799526_2496228894,2,0,15
4139.0,cluster_12013799527_12013799528_2190601967,4,0,21
4139.0,cluster_12013799529_12013799530_473195061,5,2,23
4140.0,cluster_12013799525_12013799526_2496228894,2,0,15
4140.0,cluster_12013799527_12013799528_2190601967,4,0,21
4140.0,cluster_12013799529_12013799530_473195061,5,2,21
4141.0,2496228891,2,2,15
4141.0,cluster_12013799525_12013799526_2496228894,2,0,15
4141.0,cluster_12013799527_12013799528_2190601967,3,0,15
4142.0,2496228891,2,2,15
4142.0,cluster_12013799525_12013799526_2496228894,2,0,15
4142.0,cluster_12013799527_12013799528_2190601967,3,0,15
4143.0,2496228891,2,2,15
4143.0,cluster_12013799525_12013799526_2496228894,1,0,15
4143.0,cluster_12013799527_12013799528_2190601967,3,0,15
4144.0,2496228891,2,2,15
4144.0,cluster_12013799525_12013799526_2496228894,1,0,15
4144.0,cluster_12013799527_12013799528_2190601967,2,0,15
4144.0,cluster_12013799529_12013799530_473195061,5,0,21
4145.0,2496228891,2,2,15
4145.0,cluster_12013799525_12013799526_2496228894,1,0,15
4145.0,cluster_12013799527_12013799528_2190601967,2,0,15
4145.0,cluster_12013799529_12013799530_473195061,4,0,21
4146.0,2496228891,1,2,15
4146.0,cluster_12013799525_12013799526_2496228894,0,0,15
4146.0,cluster_12013799527_12013799528_2190601967,1,0,15
4146.0,cluster_12013799529_12013799530_473195061,4,0,21
4147.0,2496228891,1,2,15
4147.0,cluster_12013799525_12013799526_2496228894,0,0,15
4147.0,cluster_12013799527_12013799528_2190601967,1,0,15
4147.0,cluster_12013799529_12013799530_473195061,4,0,21
4148.0,2496228891,1,2,15
4148.0,cluster_12013799525_12013799526_2496228894,0,0,15
4148.0,cluster_12013799527_12013799528_2190601967,0,0,15
4148.0,cluster_12013799529_12013799530_473195061,3,0,15
4149.0,2496228891,0,2,15
4149.0,cluster_12013799525_12013799526_2496228894,0,0,15
4149.0,cluster_12013799527_12013799528_2190601967,0,0,15
4149.0,cluster_12013799529_12013799530_473195061,3,0,15
4150.0,2496228891,0,2,15
4150.0,cluster_12013799525_12013799526_2496228894,0,0,15
4150.0,cluster_12013799527_12013799528_2190601967,0,0,15
4150.0,cluster_12013799529_12013799530_473195061,3,0,15
4151.0,2496228891,0,2,15
4151.0,cluster_12013799525_12013799526_2496228894,0,0,15
4151.0,cluster_12013799527_12013799528_2190601967,0,0,15
4151.0,cluster_12013799529_12013799530_473195061,2,0,15
4152.0,2496228891,0,2,15
4152.0,cluster_12013799525_12013799526_2496228894,0,0,15
4152.0,cluster_12013799527_12013799528_2190601967,0,0,15
4152.0,cluster_12013799529_12013799530_473195061,2,0,15
4153.0,2496228891,0,2,15
4153.0,cluster_12013799525_12013799526_2496228894,0,0,15
4153.0,cluster_12013799529_12013799530_473195061,2,0,15
4154.0,2496228891,0,2,15
4154.0,cluster_12013799525_12013799526_2496228894,0,0,15
4154.0,cluster_12013799529_12013799530_473195061,1,0,15
4155.0,2496228891,0,2,15
4155.0,cluster_12013799529_12013799530_473195061,1,0,15
4156.0,2496228891,0,2,15
4156.0,cluster_12013799527_12013799528_2190601967,4,2,21
4156.0,cluster_12013799529_12013799530_473195061,0,0,15
4157.0,cluster_12013799527_12013799528_2190601967,3,2,15
4157.0,cluster_12013799529_12013799530_473195061,0,0,15
4158.0,cluster_12013799525_12013799526_2496228894,2,2,15
4158.0,cluster_12013799527_12013799528_2190601967,2,2,15
4158.0,cluster_12013799529_12013799530_473195061,0,0,15
4159.0,cluster_12013799525_12013799526_2496228894,1,2,15
4159.0,cluster_12013799527_12013799528_2190601967,2,2,15
4159.0,cluster_12013799529_12013799530_473195061,0,0,15
4160.0,2496228891,1,0,15
4160.0,cluster_12013799525_12013799526_2496228894,1,2,15
4160.0,cluster_12013799527_12013799528_2190601967,2,2,15
4160.0,cluster_12013799529_12013799530_473195061,0,0,15
4161.0,2496228891,1,0,15
4161.0,cluster_12013799525_12013799526_2496228894,0,2,15
4161.0,cluster_12013799527_12013799528_2190601967,1,2,15
4161.0,cluster_12013799529_12013799530_473195061,0,0,15
4162.0,2496228891,2,0,15
4162.0,cluster_12013799525_12013799526_2496228894,0,2,15
4162.0,cluster_12013799527_12013799528_2190601967,1,2,15
4162.0,cluster_12013799529_12013799530_473195061,0,0,15
4163.0,2496228891,3,0,15
4163.0,cluster_12013799525_12013799526_2496228894,0,2,15
4163.0,cluster_12013799527_12013799528_2190601967,2,2,15
4163.0,cluster_12013799529_12013799530_473195061,0,0,15
4164.0,2496228891,2,0,15
4164.0,cluster_12013799525_12013799526_2496228894,0,2,15
4164.0,cluster_12013799527_12013799528_2190601967,2,2,15
4164.0,cluster_12013799529_12013799530_473195061,0,0,15
4165.0,2496228891,2,0,15
4165.0,cluster_12013799525_12013799526_2496228894,0,2,15
4165.0,cluster_12013799527_12013799528_2190601967,1,2,15
4165.0,cluster_12013799529_12013799530_473195061,0,0,15
4166.0,2496228891,2,0,15
4166.0,cluster_12013799525_12013799526_2496228894,0,2,15
4166.0,cluster_12013799527_12013799528_2190601967,2,2,15
4167.0,2496228891,3,0,15
4167.0,cluster_12013799525_12013799526_2496228894,0,2,15
4167.0,cluster_12013799527_12013799528_2190601967,2,2,15
4168.0,2496228891,3,0,15
4168.0,cluster_12013799525_12013799526_2496228894,0,2,15
4168.0,cluster_12013799527_12013799528_2190601967,2,2,15
4169.0,2496228891,3,0,15
4169.0,cluster_12013799525_12013799526_2496228894,0,2,15
4169.0,cluster_12013799527_12013799528_2190601967,2,2,15
4169.0,cluster_12013799529_12013799530_473195061,6,2,21
4170.0,2496228891,2,0,15
4170.0,cluster_12013799525_12013799526_2496228894,0,2,15
4170.0,cluster_12013799527_12013799528_2190601967,2,2,15
4170.0,cluster_12013799529_12013799530_473195061,6,2,21
4171.0,2496228891,2,0,15
4171.0,cluster_12013799525_12013799526_2496228894,1,2,15
4171.0,cluster_12013799527_12013799528_2190601967,1,2,15
4171.0,cluster_12013799529_12013799530_473195061,6,2,21
4172.0,2496228891,1,0,15
4172.0,cluster_12013799525_12013799526_2496228894,1,2,15
4172.0,cluster_12013799527_12013799528_2190601967,1,2,15
4172.0,cluster_12013799529_12013799530_473195061,6,2,21
4173.0,2496228891,1,0,15
4173.0,cluster_12013799525_12013799526_2496228894,1,2,15
4173.0,cluster_12013799527_12013799528_2190601967,1,2,15
4173.0,cluster_12013799529_12013799530_473195061,6,2,21
4174.0,2496228891,3,0,15
4174.0,cluster_12013799527_12013799528_2190601967,0,2,15
4174.0,cluster_12013799529_12013799530_473195061,4,2,21
4175.0,2496228891,2,0,15
4175.0,cluster_12013799527_12013799528_2190601967,0,2,15
4175.0,cluster_12013799529_12013799530_473195061,4,2,21
4176.0,cluster_12013799527_12013799528_2190601967,0,2,15
4176.0,cluster_12013799529_12013799530_473195061,5,2,23
4177.0,cluster_12013799525_12013799526_2496228894,0,0,15
4177.0,cluster_12013799527_12013799528_2190601967,0,2,15
4177.0,cluster_12013799529_12013799530_473195061,4,2,21
4178.0,cluster_12013799525_12013799526_2496228894,0,0,15
4178.0,cluster_12013799529_12013799530_473195061,4,2,21
4179.0,2496228891,0,2,15
4179.0,cluster_12013799525_12013799526_2496228894,0,0,15
4179.0,cluster_12013799529_12013799530_473195061,3,2,15
4180.0,2496228891,0,2,15
4180.0,cluster_12013799525_12013799526_2496228894,0,0,15
4180.0,cluster_12013799529_12013799530_473195061,3,2,15
4181.0,2496228891,0,2,15
4181.0,cluster_12013799525_12013799526_2496228894,0,0,15
4181.0,cluster_12013799527_12013799528_2190601967,0,0,15
4181.0,cluster_12013799529_12013799530_473195061,2,2,15
4182.0,2496228891,0,2,15
4182.0,cluster_12013799525_12013799526_2496228894,0,0,15
4182.0,cluster_12013799527_12013799528_2190601967,0,0,15
4182.0,cluster_12013799529_12013799530_473195061,2,2,15
4183.0,2496228891,0,2,15
4183.0,cluster_12013799525_12013799526_2496228894,0,0,15
4183.0,cluster_12013799527_12013799528_2190601967,0,0,15
4183.0,cluster_12013799529_12013799530_473195061,2,2,15
4184.0,2496228891,0,2,15
4184.0,cluster_12013799525_12013799526_2496228894,0,0,15
4184.0,cluster_12013799527_12013799528_2190601967,0,0,15
4184.0,cluster_12013799529_12013799530_473195061,1,2,15
4185.0,2496228891,0,2,15
4185.0,cluster_12013799525_12013799526_2496228894,0,0,15
4185.0,cluster_12013799527_12013799528_2190601967,0,0,15
4185.0,cluster_12013799529_12013799530_473195061,1,2,15
4186.0,2496228891,0,2,15
4186.0,cluster_12013799525_12013799526_2496228894,0,0,15
4186.0,cluster_12013799527_12013799528_2190601967,0,0,15
4186.0,cluster_12013799529_12013799530_473195061,0,2,15
4187.0,2496228891,0,2,15
4187.0,cluster_12013799525_12013799526_2496228894,0,0,15
4187.0,cluster_12013799527_12013799528_2190601967,0,0,15
4187.0,cluster_12013799529_12013799530_473195061,0,2,15
4188.0,2496228891,0,2,15
4188.0,cluster_12013799525_12013799526_2496228894,0,0,15
4188.0,cluster_12013799527_12013799528_2190601967,0,0,15
4188.0,cluster_12013799529_12013799530_473195061,0,2,15
4189.0,2496228891,0,2,15
4189.0,cluster_12013799525_12013799526_2496228894,0,0,15
4189.0,cluster_12013799527_12013799528_2190601967,0,0,15
4189.0,cluster_12013799529_12013799530_473195061,0,2,15
4190.0,2496228891,0,2,15
4190.0,cluster_12013799525_12013799526_2496228894,0,0,15
4190.0,cluster_12013799527_12013799528_2190601967,0,0,15
4190.0,cluster_12013799529_12013799530_473195061,0,2,15
4191.0,2496228891,0,2,15
4191.0,cluster_12013799525_12013799526_2496228894,0,0,15
4191.0,cluster_12013799527_12013799528_2190601967,0,0,15
4192.0,2496228891,0,2,15
4192.0,cluster_12013799525_12013799526_2496228894,0,0,15
4192.0,cluster_12013799527_12013799528_2190601967,0,0,15
4193.0,2496228891,0,2,15
4193.0,cluster_12013799527_12013799528_2190601967,0,0,15
4194.0,2496228891,0,2,15
4194.0,cluster_12013799527_12013799528_2190601967,0,0,15
4194.0,cluster_12013799529_12013799530_473195061,0,0,15
4195.0,cluster_12013799527_12013799528_2190601967,0,0,15
4195.0,cluster_12013799529_12013799530_473195061,0,0,15
4196.0,cluster_12013799525_12013799526_2496228894,1,2,15
4196.0,cluster_12013799527_12013799528_2190601967,0,0,15
4196.0,cluster_12013799529_12013799530_473195061,0,0,15
4197.0,cluster_12013799525_12013799526_2496228894,0,2,15
4197.0,cluster_12013799529_12013799530_473195061,0,0,15
4198.0,2496228891,4,0,21
4198.0,cluster_12013799525_12013799526_2496228894,0,2,15
4198.0,cluster_12013799529_12013799530_473195061,0,0,15
4199.0,2496228891,3,0,15
4199.0,cluster_12013799525_12013799526_2496228894,0,2,15
4199.0,cluster_12013799529_12013799530_473195061,0,0,15
4200.0,2496228891,3,0,15
4200.0,cluster_12013799525_12013799526_2496228894,0,2,15
4200.0,cluster_12013799527_12013799528_2190601967,0,2,15
4200.0,cluster_12013799529_12013799530_473195061,0,0,15
4201.0,2496228891,4,0,23
4201.0,cluster_12013799525_12013799526_2496228894,1,2,15
4201.0,cluster_12013799527_12013799528_2190601967,2,2,15
4201.0,cluster_12013799529_12013799530_473195061,1,0,15
4202.0,2496228891,2,0,15
4202.0,cluster_12013799525_12013799526_2496228894,2,2,15
4202.0,cluster_12013799527_12013799528_2190601967,2,2,15
4202.0,cluster_12013799529_12013799530_473195061,1,0,15
4203.0,2496228891,2,0,15
4203.0,cluster_12013799525_12013799526_2496228894,2,2,15
4203.0,cluster_12013799527_12013799528_2190601967,2,2,15
4203.0,cluster_12013799529_12013799530_473195061,1,0,15
4204.0,2496228891,2,0,15
4204.0,cluster_12013799525_12013799526_2496228894,3,2,15
4204.0,cluster_12013799527_12013799528_2190601967,2,2,15
4204.0,cluster_12013799529_12013799530_473195061,1,0,15
4205.0,2496228891,2,0,15
4205.0,cluster_12013799525_12013799526_2496228894,4,2,23
4205.0,cluster_12013799527_12013799528_2190601967,3,2,15
4205.0,cluster_12013799529_12013799530_473195061,2,0,15
4206.0,2496228891,2,0,15
4206.0,cluster_12013799525_12013799526_2496228894,5,2,23
4206.0,cluster_12013799527_12013799528_2190601967,3,2,15
4206.0,cluster_12013799529_12013799530_473195061,2,0,15
4207.0,2496228891,2,0,15
4207.0,cluster_12013799525_12013799526_2496228894,5,2,23
4207.0,cluster_12013799527_12013799528_2190601967,2,2,15
4207.0,cluster_12013799529_12013799530_473195061,2,0,15
4208.0,2496228891,2,0,15
4208.0,cluster_12013799525_12013799526_2496228894,5,2,21
4208.0,cluster_12013799527_12013799528_2190601967,3,2,15
4208.0,cluster_12013799529_12013799530_473195061,2,0,15
4209.0,2496228891,3,0,15
4209.0,cluster_12013799525_12013799526_2496228894,5,2,21
4209.0,cluster_12013799527_12013799528_2190601967,4,2,23
4209.0,cluster_12013799529_12013799530_473195061,3,0,15
4210.0,2496228891,3,0,15
4210.0,cluster_12013799525_12013799526_2496228894,6,2,23
4210.0,cluster_12013799527_12013799528_2190601967,4,2,21
4211.0,2496228891,3,0,15
4211.0,cluster_12013799525_12013799526_2496228894,6,2,21
4211.0,cluster_12013799527_12013799528_2190601967,4,2,21
4212.0,2496228891,3,0,15
4212.0,cluster_12013799527_12013799528_2190601967,4,2,21
4213.0,2496228891,4,0,23
4213.0,cluster_12013799527_12013799528_2190601967,4,2,23
4213.0,cluster_12013799529_12013799530_473195061,4,2,21
4214.0,2496228891,4,0,21
4214.0,cluster_12013799527_12013799528_2190601967,4,2,21
4214.0,cluster_12013799529_12013799530_473195061,4,2,21
4215.0,2496228891,4,0,21
4215.0,cluster_12013799525_12013799526_2496228894,4,0,21
4215.0,cluster_12013799527_12013799528_2190601967,4,2,21
4215.0,cluster_12013799529_12013799530_473195061,4,2,21
4216.0,2496228891,4,0,21
4216.0,cluster_12013799525_12013799526_2496228894,3,0,15
4216.0,cluster_12013799529_12013799530_473195061,4,2,21
4217.0,2496228891,5,0,23
4217.0,cluster_12013799525_12013799526_2496228894,3,0,15
4217.0,cluster_12013799529_12013799530_473195061,5,2,23
4218.0,2496228891,5,0,21
4218.0,cluster_12013799525_12013799526_2496228894,3,0,15
4218.0,cluster_12013799529_12013799530_473195061,5,2,21
4219.0,2496228891,5,0,21
4219.0,cluster_12013799525_12013799526_2496228894,2,0,15
4219.0,cluster_12013799527_12013799528_2190601967,5,0,21
4219.0,cluster_12013799529_12013799530_473195061,5,2,21
4220.0,cluster_12013799525_12013799526_2496228894,2,0,15
4220.0,cluster_12013799527_12013799528_2190601967,4,0,21
4220.0,cluster_12013799529_12013799530_473195061,4,2,21
4221.0,cluster_12013799525_12013799526_2496228894,2,0,15
4221.0,cluster_12013799527_12013799528_2190601967,5,0,23
4221.0,cluster_12013799529_12013799530_473195061,5,2,21
4222.0,cluster_12013799525_12013799526_2496228894,1,0,15
4222.0,cluster_12013799527_12013799528_2190601967,5,0,21
4222.0,cluster_12013799529_12013799530_473195061,5,2,21
4223.0,2496228891,3,2,15
4223.0,cluster_12013799525_12013799526_2496228894,1,0,15
4223.0,cluster_12013799527_12013799528_2190601967,4,0,21
4223.0,cluster_12013799529_12013799530_473195061,4,2,21
4224.0,2496228891,2,2,15
4224.0,cluster_12013799525_12013799526_2496228894,0,0,15
4224.0,cluster_12013799527_12013799528_2190601967,4,0,21
4224.0,cluster_12013799529_12013799530_473195061,4,2,21
4225.0,2496228891,2,2,15
4225.0,cluster_12013799525_12013799526_2496228894,0,0,15
4225.0,cluster_12013799527_12013799528_2190601967,4,0,21
4225.0,cluster_12013799529_12013799530_473195061,5,2,23
4226.0,2496228891,2,2,15
4226.0,cluster_12013799525_12013799526_2496228894,0,0,15
4226.0,cluster_12013799527_12013799528_2190601967,4,0,21
4226.0,cluster_12013799529_12013799530_473195061,5,2,21
4227.0,2496228891,2,2,15
4227.0,cluster_12013799525_12013799526_2496228894,0,0,15
4227.0,cluster_12013799527_12013799528_2190601967,4,0,21
4227.0,cluster_12013799529_12013799530_473195061,5,2,21
4228.0,2496228891,1,2,15
4228.0,cluster_12013799525_12013799526_2496228894,0,0,15
4228.0,cluster_12013799527_12013799528_2190601967,4,0,21
4228.0,cluster_12013799529_12013799530_473195061,6,2,23
4229.0,2496228891,1,2,15
4229.0,cluster_12013799525_12013799526_2496228894,0,0,15
4229.0,cluster_12013799527_12013799528_2190601967,4,0,21
4229.0,cluster_12013799529_12013799530_473195061,6,2,21
4230.0,2496228891,0,2,15
4230.0,cluster_12013799525_12013799526_2496228894,0,0,15
4230.0,cluster_12013799527_12013799528_2190601967,4,0,21
4230.0,cluster_12013799529_12013799530_473195061,6,2,21
4231.0,2496228891,0,2,15
4231.0,cluster_12013799525_12013799526_2496228894,0,0,15
4231.0,cluster_12013799527_12013799528_2190601967,3,0,15
4231.0,cluster_12013799529_12013799530_473195061,5,2,21
4232.0,2496228891,0,2,15
4232.0,cluster_12013799525_12013799526_2496228894,0,0,15
4232.0,cluster_12013799527_12013799528_2190601967,3,0,15
4232.0,cluster_12013799529_12013799530_473195061,5,2,21
4233.0,2496228891,0,2,15
4233.0,cluster_12013799525_12013799526_2496228894,0,0,15
4233.0,cluster_12013799527_12013799528_2190601967,3,0,15
4233.0,cluster_12013799529_12013799530_473195061,5,2,21
4234.0,2496228891,0,2,15
4234.0,cluster_12013799525_12013799526_2496228894,0,0,15
4234.0,cluster_12013799527_12013799528_2190601967,2,0,15
4234.0,cluster_12013799529_12013799530_473195061,5,2,23
4235.0,2496228891,0,2,15
4235.0,cluster_12013799525_12013799526_2496228894,0,0,15
4235.0,cluster_12013799527_12013799528_2190601967,2,0,15
4236.0,2496228891,0,2,15
4236.0,cluster_12013799525_12013799526_2496228894,0,0,15
4236.0,cluster_12013799527_12013799528_2190601967,2,0,15
4237.0,2496228891,0,2,15
4237.0,cluster_12013799527_12013799528_2190601967,2,0,15
4238.0,2496228891,0,2,15
4238.0,cluster_12013799527_12013799528_2190601967,1,0,15
4238.0,cluster_12013799529_12013799530_473195061,4,0,21
4239.0,cluster_12013799527_12013799528_2190601967,1,0,15
4239.0,cluster_12013799529_12013799530_473195061,4,0,21
4240.0,cluster_12013799525_12013799526_2496228894,2,2,15
4240.0,cluster_12013799527_12013799528_2190601967,1,0,15
4240.0,cluster_12013799529_12013799530_473195061,4,0,21
4241.0,cluster_12013799525_12013799526_2496228894,2,2,15
4241.0,cluster_12013799529_12013799530_473195061,4,0,21
4242.0,2496228891,3,0,15
4242.0,cluster_12013799525_12013799526_2496228894,2,2,15
4242.0,cluster_12013799529_12013799530_473195061,3,0,15
4243.0,2496228891,5,0,23
4243.0,cluster_12013799525_12013799526_2496228894,2,2,15
4243.0,cluster_12013799529_12013799530_473195061,3,0,15
4244.0,2496228891,5,0,21
4244.0,cluster_12013799525_12013799526_2496228894,1,2,15
4244.0,cluster_12013799527_12013799528_2190601967,2,2,15
4244.0,cluster_12013799529_12013799530_473195061,3,0,15
4245.0,2496228891,4,0,21
4245.0,cluster_12013799525_12013799526_2496228894,1,2,15
4245.0,cluster_12013799527_12013799528_2190601967,2,2,15
4245.0,cluster_12013799529_12013799530_473195061,2,0,15
4246.0,2496228891,6,0,23
4246.0,cluster_12013799525_12013799526_2496228894,1,2,15
4246.0,cluster_12013799527_12013799528_2190601967,2,2,15
4246.0,cluster_12013799529_12013799530_473195061,2,0,15
4247.0,2496228891,6,0,21
4247.0,cluster_12013799525_12013799526_2496228894,0,2,15
4247.0,cluster_12013799527_12013799528_2190601967,3,2,15
4247.0,cluster_12013799529_12013799530_473195061,2,0,15
4248.0,2496228891,5,0,21
4248.0,cluster_12013799525_12013799526_2496228894,0,2,15
4248.0,cluster_12013799527_12013799528_2190601967,2,2,15
4248.0,cluster_12013799529_12013799530_473195061,1,0,15
4249.0,2496228891,3,0,15
4249.0,cluster_12013799525_12013799526_2496228894,0,2,15
4249.0,cluster_12013799527_12013799528_2190601967,3,2,15
4249.0,cluster_12013799529_12013799530_473195061,1,0,15
4250.0,2496228891,1,0,15
4250.0,cluster_12013799525_12013799526_2496228894,0,2,15
4250.0,cluster_12013799527_12013799528_2190601967,3,2,15
4250.0,cluster_12013799529_12013799530_473195061,0,0,15
4251.0,2496228891,1,0,15
4251.0,cluster_12013799525_12013799526_2496228894,0,2,15
4251.0,cluster_12013799527_12013799528_2190601967,2,2,15
4251.0,cluster_12013799529_12013799530_473195061,0,0,15
4252.0,2496228891,2,0,15
4252.0,cluster_12013799525_12013799526_2496228894,0,2,15
4252.0,cluster_12013799527_12013799528_2190601967,2,2,15
4252.0,cluster_12013799529_12013799530_473195061,0,0,15
4253.0,2496228891,2,0,15
4253.0,cluster_12013799525_12013799526_2496228894,0,2,15
4253.0,cluster_12013799527_12013799528_2190601967,2,2,15
4253.0,cluster_12013799529_12013799530_473195061,0,0,15
4254.0,2496228891,3,0,15
4254.0,cluster_12013799525_12013799526_2496228894,0,2,15
4254.0,cluster_12013799527_12013799528_2190601967,1,2,15
4254.0,cluster_12013799529_12013799530_473195061,0,0,15
4255.0,2496228891,2,0,15
4255.0,cluster_12013799525_12013799526_2496228894,0,2,15
4255.0,cluster_12013799527_12013799528_2190601967,2,2,15
4255.0,cluster_12013799529_12013799530_473195061,0,0,15
4256.0,2496228891,3,0,15
4256.0,cluster_12013799527_12013799528_2190601967,2,2,15
4256.0,cluster_12013799529_12013799530_473195061,0,0,15
4257.0,2496228891,2,0,15
4257.0,cluster_12013799527_12013799528_2190601967,2,2,15
4257.0,cluster_12013799529_12013799530_473195061,0,0,15
4258.0,cluster_12013799527_12013799528_2190601967,2,2,15
4258.0,cluster_12013799529_12013799530_473195061,0,0,15
4259.0,cluster_12013799525_12013799526_2496228894,0,0,15
4259.0,cluster_12013799527_12013799528_2190601967,2,2,15
4259.0,cluster_12013799529_12013799530_473195061,0,0,15
4260.0,cluster_12013799525_12013799526_2496228894,0,0,15
4261.0,2496228891,0,2,15
4261.0,cluster_12013799525_12013799526_2496228894,0,0,15
4262.0,2496228891,0,2,15
4262.0,cluster_12013799525_12013799526_2496228894,0,0,15
4263.0,2496228891,0,2,15
4263.0,cluster_12013799525_12013799526_2496228894,0,0,15
4263.0,cluster_12013799527_12013799528_2190601967,0,0,15
4263.0,cluster_12013799529_12013799530_473195061,6,2,21
4264.0,2496228891,0,2,15
4264.0,cluster_12013799525_12013799526_2496228894,0,0,15
4264.0,cluster_12013799527_12013799528_2190601967,0,0,15
4264.0,cluster_12013799529_12013799530_473195061,5,2,21
4265.0,2496228891,0,2,15
4265.0,cluster_12013799525_12013799526_2496228894,0,0,15
4265.0,cluster_12013799527_12013799528_2190601967,0,0,15
4265.0,cluster_12013799529_12013799530_473195061,5,2,21
4266.0,2496228891,0,2,15
4266.0,cluster_12013799525_12013799526_2496228894,0,0,15
4266.0,cluster_12013799527_12013799528_2190601967,0,0,15
4266.0,cluster_12013799529_12013799530_473195061,5,2,21
4267.0,2496228891,0,2,15
4267.0,cluster_12013799525_12013799526_2496228894,0,0,15
4267.0,cluster_12013799527_12013799528_2190601967,0,0,15
4267.0,cluster_12013799529_12013799530_473195061,4,2,21
4268.0,2496228891,0,2,15
4268.0,cluster_12013799525_12013799526_2496228894,0,0,15
4268.0,cluster_12013799527_12013799528_2190601967,0,0,15
4268.0,cluster_12013799529_12013799530_473195061,5,2,23
4269.0,2496228891,0,2,15
4269.0,cluster_12013799525_12013799526_2496228894,0,0,15
4269.0,cluster_12013799527_12013799528_2190601967,0,0,15
4269.0,cluster_12013799529_12013799530_473195061,5,2,21
4270.0,2496228891,0,2,15
4270.0,cluster_12013799525_12013799526_2496228894,0,0,15
4270.0,cluster_12013799527_12013799528_2190601967,0,0,15
4270.0,cluster_12013799529_12013799530_473195061,4,2,21
4271.0,2496228891,0,2,15
4271.0,cluster_12013799525_12013799526_2496228894,0,0,15
4271.0,cluster_12013799527_12013799528_2190601967,0,0,15
4271.0,cluster_12013799529_12013799530_473195061,4,2,23
4272.0,2496228891,0,2,15
4272.0,cluster_12013799525_12013799526_2496228894,0,0,15
4272.0,cluster_12013799527_12013799528_2190601967,0,0,15
4272.0,cluster_12013799529_12013799530_473195061,3,2,15
4273.0,2496228891,0,2,15
4273.0,cluster_12013799525_12013799526_2496228894,0,0,15
4273.0,cluster_12013799527_12013799528_2190601967,0,0,15
4273.0,cluster_12013799529_12013799530_473195061,3,2,15
4274.0,2496228891,0,2,15
4274.0,cluster_12013799525_12013799526_2496228894,0,0,15
4274.0,cluster_12013799527_12013799528_2190601967,0,0,15
4274.0,cluster_12013799529_12013799530_473195061,3,2,15
4275.0,2496228891,0,2,15
4275.0,cluster_12013799527_12013799528_2190601967,0,0,15
4275.0,cluster_12013799529_12013799530_473195061,2,2,15
4276.0,2496228891,0,2,15
4276.0,cluster_12013799527_12013799528_2190601967,0,0,15
4276.0,cluster_12013799529_12013799530_473195061,2,2,15
4277.0,cluster_12013799527_12013799528_2190601967,0,0,15
4277.0,cluster_12013799529_12013799530_473195061,1,2,15
4278.0,cluster_12013799525_12013799526_2496228894,0,2,15
4278.0,cluster_12013799527_12013799528_2190601967,0,0,15
4278.0,cluster_12013799529_12013799530_473195061,0,2,15
4279.0,cluster_12013799525_12013799526_2496228894,0,2,15
4279.0,cluster_12013799529_12013799530_473195061,0,2,15
4280.0,2496228891,5,0,21
4280.0,cluster_12013799525_12013799526_2496228894,0,2,15
4280.0,cluster_12013799529_12013799530_473195061,0,2,15
4281.0,2496228891,4,0,21
4281.0,cluster_12013799525_12013799526_2496228894,0,2,15
4281.0,cluster_12013799529_12013799530_473195061,0,2,15
4282.0,2496228891,5,0,23
4282.0,cluster_12013799525_12013799526_2496228894,0,2,15
4282.0,cluster_12013799527_12013799528_2190601967,0,2,15
4282.0,cluster_12013799529_12013799530_473195061,0,2,15
4283.0,2496228891,6,0,23
4283.0,cluster_12013799525_12013799526_2496228894,1,2,15
4283.0,cluster_12013799527_12013799528_2190601967,0,2,15
4283.0,cluster_12013799529_12013799530_473195061,0,2,15
4284.0,2496228891,6,0,21
4284.0,cluster_12013799525_12013799526_2496228894,1,2,15
4284.0,cluster_12013799527_12013799528_2190601967,0,2,15
4284.0,cluster_12013799529_12013799530_473195061,0,2,15
4285.0,2496228891,5,0,21
4285.0,cluster_12013799525_12013799526_2496228894,1,2,15
4285.0,cluster_12013799527_12013799528_2190601967,0,2,15
4286.0,2496228891,5,0,23
4286.0,cluster_12013799525_12013799526_2496228894,1,2,15
4286.0,cluster_12013799527_12013799528_2190601967,0,2,15
4287.0,2496228891,5,0,21
4287.0,cluster_12013799525_12013799526_2496228894,2,2,15
4287.0,cluster_12013799527_12013799528_2190601967,0,2,15
4288.0,2496228891,4,0,23
4288.0,cluster_12013799525_12013799526_2496228894,2,2,15
4288.0,cluster_12013799527_12013799528_2190601967,0,2,15
4288.0,cluster_12013799529_12013799530_473195061,0,0,15
4289.0,2496228891,3,0,15
4289.0,cluster_12013799525_12013799526_2496228894,3,2,15
4289.0,cluster_12013799527_12013799528_2190601967,0,2,15
4289.0,cluster_12013799529_12013799530_473195061,0,0,15
4290.0,2496228891,2,0,15
4290.0,cluster_12013799525_12013799526_2496228894,3,2,15
4290.0,cluster_12013799527_12013799528_2190601967,0,2,15
4290.0,cluster_12013799529_12013799530_473195061,0,0,15
4291.0,2496228891,2,0,15
4291.0,cluster_12013799525_12013799526_2496228894,4,2,23
4291.0,cluster_12013799527_12013799528_2190601967,0,2,15
4291.0,cluster_12013799529_12013799530_473195061,0,0,15
4292.0,2496228891,1,0,15
4292.0,cluster_12013799525_12013799526_2496228894,4,2,23
4292.0,cluster_12013799527_12013799528_2190601967,0,2,15
4292.0,cluster_12013799529_12013799530_473195061,0,0,15
4293.0,2496228891,1,0,15
4293.0,cluster_12013799525_12013799526_2496228894,4,2,21
4293.0,cluster_12013799527_12013799528_2190601967,0,2,15
4293.0,cluster_12013799529_12013799530_473195061,0,0,15
4294.0,2496228891,1,0,15
4294.0,cluster_12013799527_12013799528_2190601967,0,2,15
4294.0,cluster_12013799529_12013799530_473195061,0,0,15
4295.0,2496228891,0,0,15
4295.0,cluster_12013799527_12013799528_2190601967,0,2,15
4295.0,cluster_12013799529_12013799530_473195061,0,0,15
4296.0,2496228891,0,0,15
4296.0,cluster_12013799527_12013799528_2190601967,0,2,15
4296.0,cluster_12013799529_12013799530_473195061,0,0,15
4297.0,2496228891,0,0,15
4297.0,cluster_12013799525_12013799526_2496228894,0,0,15
4297.0,cluster_12013799527_12013799528_2190601967,0,2,15
4297.0,cluster_12013799529_12013799530_473195061,0,0,15
4298.0,2496228891,0,0,15
4298.0,cluster_12013799525_12013799526_2496228894,0,0,15
4298.0,cluster_12013799529_12013799530_473195061,0,0,15
4299.0,2496228891,0,0,15
4299.0,cluster_12013799525_12013799526_2496228894,0,0,15
4299.0,cluster_12013799529_12013799530_473195061,0,0,15
4300.0,2496228891,0,0,15
4300.0,cluster_12013799525_12013799526_2496228894,0,0,15
4300.0,cluster_12013799529_12013799530_473195061,0,0,15
4301.0,2496228891,1,0,15
4301.0,cluster_12013799525_12013799526_2496228894,1,0,15
4301.0,cluster_12013799527_12013799528_2190601967,1,0,15
4301.0,cluster_12013799529_12013799530_473195061,1,0,15
4302.0,cluster_12013799525_12013799526_2496228894,1,0,15
4302.0,cluster_12013799527_12013799528_2190601967,1,0,15
4302.0,cluster_12013799529_12013799530_473195061,1,0,15
4303.0,cluster_12013799525_12013799526_2496228894,1,0,15
4303.0,cluster_12013799527_12013799528_2190601967,1,0,15
4303.0,cluster_12013799529_12013799530_473195061,1,0,15
4304.0,cluster_12013799525_12013799526_2496228894,1,0,15
4304.0,cluster_12013799527_12013799528_2190601967,1,0,15
4305.0,2496228891,2,2,15
4305.0,cluster_12013799525_12013799526_2496228894,2,0,15
4305.0,cluster_12013799527_12013799528_2190601967,2,0,15
4306.0,2496228891,2,2,15
4306.0,cluster_12013799525_12013799526_2496228894,2,0,15
4306.0,cluster_12013799527_12013799528_2190601967,2,0,15
4307.0,2496228891,2,2,15
4307.0,cluster_12013799525_12013799526_2496228894,2,0,15
4307.0,cluster_12013799527_12013799528_2190601967,2,0,15
4307.0,cluster_12013799529_12013799530_473195061,2,2,15
4308.0,2496228891,2,2,15
4308.0,cluster_12013799525_12013799526_2496228894,2,0,15
4308.0,cluster_12013799527_12013799528_2190601967,2,0,15
4308.0,cluster_12013799529_12013799530_473195061,2,2,15
4309.0,2496228891,2,2,15
4309.0,cluster_12013799525_12013799526_2496228894,3,0,15
4309.0,cluster_12013799527_12013799528_2190601967,3,0,15
4309.0,cluster_12013799529_12013799530_473195061,3,2,15
4310.0,2496228891,3,2,15
4310.0,cluster_12013799525_12013799526_2496228894,3,0,15
4310.0,cluster_12013799527_12013799528_2190601967,3,0,15
4310.0,cluster_12013799529_12013799530_473195061,3,2,15
4311.0,2496228891,3,2,15
4311.0,cluster_12013799525_12013799526_2496228894,2,0,15
4311.0,cluster_12013799527_12013799528_2190601967,3,0,15
4311.0,cluster_12013799529_12013799530_473195061,3,2,15
4312.0,2496228891,3,2,15
4312.0,cluster_12013799525_12013799526_2496228894,2,0,15
4312.0,cluster_12013799527_12013799528_2190601967,3,0,15
4312.0,cluster_12013799529_12013799530_473195061,3,2,15
4313.0,2496228891,2,2,15
4313.0,cluster_12013799527_12013799528_2190601967,4,0,23
4313.0,cluster_12013799529_12013799530_473195061,4,2,21
4314.0,2496228891,3,2,15
4314.0,cluster_12013799527_12013799528_2190601967,4,0,21
4314.0,cluster_12013799529_12013799530_473195061,4,2,21
4315.0,2496228891,3,2,15
4315.0,cluster_12013799527_12013799528_2190601967,4,0,21
4315.0,cluster_12013799529_12013799530_473195061,4,2,21
4316.0,2496228891,3,2,15
4316.0,cluster_12013799525_12013799526_2496228894,8,2,21
4316.0,cluster_12013799527_12013799528_2190601967,4,0,21
4316.0,cluster_12013799529_12013799530_473195061,4,2,21
4317.0,2496228891,2,2,15
4317.0,cluster_12013799525_12013799526_2496228894,5,2,21
4317.0,cluster_12013799529_12013799530_473195061,5,2,23
4318.0,2496228891,3,2,15
4318.0,cluster_12013799525_12013799526_2496228894,6,2,21
4318.0,cluster_12013799529_12013799530_473195061,5,2,21
4319.0,2496228891,2,2,15
4319.0,cluster_12013799525_12013799526_2496228894,5,2,21
4319.0,cluster_12013799529_12013799530_473195061,5,2,21
4320.0,2496228891,2,2,15
4320.0,cluster_12013799525_12013799526_2496228894,4,2,21
4320.0,cluster_12013799527_12013799528_2190601967,4,2,21
4320.0,cluster_12013799529_12013799530_473195061,5,2,21
4321.0,cluster_12013799525_12013799526_2496228894,4,2,23
4321.0,cluster_12013799527_12013799528_2190601967,5,2,23
4321.0,cluster_12013799529_12013799530_473195061,6,2,23
4322.0,cluster_12013799525_12013799526_2496228894,4,2,23
4322.0,cluster_12013799527_12013799528_2190601967,5,2,23
4322.0,cluster_12013799529_12013799530_473195061,6,2,21
4323.0,cluster_12013799525_12013799526_2496228894,3,2,15
4323.0,cluster_12013799527_12013799528_2190601967,5,2,21
4324.0,2496228891,5,0,21
4324.0,cluster_12013799525_12013799526_2496228894,3,2,15
4324.0,cluster_12013799527_12013799528_2190601967,4,2,21
4325.0,2496228891,5,0,21
4325.0,cluster_12013799525_12013799526_2496228894,3,2,15
4325.0,cluster_12013799527_12013799528_2190601967,4,2,21
4326.0,2496228891,4,0,21
4326.0,cluster_12013799525_12013799526_2496228894,3,2,15
4326.0,cluster_12013799527_12013799528_2190601967,4,2,21
4326.0,cluster_12013799529_12013799530_473195061,4,0,21
4327.0,2496228891,4,0,21
4327.0,cluster_12013799525_12013799526_2496228894,3,2,15
4327.0,cluster_12013799527_12013799528_2190601967,4,2,23
4327.0,cluster_12013799529_12013799530_473195061,4,0,21
4328.0,2496228891,4,0,21
4328.0,cluster_12013799525_12013799526_2496228894,3,2,15
4328.0,cluster_12013799527_12013799528_2190601967,4,2,21
4328.0,cluster_12013799529_12013799530_473195061,4,0,21
4329.0,2496228891,4,0,21
4329.0,cluster_12013799525_12013799526_2496228894,3,2,15
4329.0,cluster_12013799527_12013799528_2190601967,4,2,21
4329.0,cluster_12013799529_12013799530_473195061,4,0,21
4330.0,2496228891,4,0,21
4330.0,cluster_12013799525_12013799526_2496228894,3,2,15
4330.0,cluster_12013799527_12013799528_2190601967,4,2,21
4330.0,cluster_12013799529_12013799530_473195061,4,0,21
4331.0,2496228891,5,0,23
4331.0,cluster_12013799525_12013799526_2496228894,3,2,15
4331.0,cluster_12013799527_12013799528_2190601967,4,2,21
4331.0,cluster_12013799529_12013799530_473195061,3,0,15
4332.0,2496228891,5,0,21
4332.0,cluster_12013799525_12013799526_2496228894,3,2,15
4332.0,cluster_12013799527_12013799528_2190601967,3,2,15
4332.0,cluster_12013799529_12013799530_473195061,3,0,15
4333.0,2496228891,4,0,21
4333.0,cluster_12013799525_12013799526_2496228894,2,2,15
4333.0,cluster_12013799527_12013799528_2190601967,3,2,15
4333.0,cluster_12013799529_12013799530_473195061,2,0,15
4334.0,2496228891,6,0,23
4334.0,cluster_12013799525_12013799526_2496228894,2,2,15
4334.0,cluster_12013799527_12013799528_2190601967,3,2,15
4334.0,cluster_12013799529_12013799530_473195061,2,0,15
4335.0,2496228891,6,0,21
4335.0,cluster_12013799525_12013799526_2496228894,2,2,15
4335.0,cluster_12013799527_12013799528_2190601967,3,2,15
4335.0,cluster_12013799529_12013799530_473195061,2,0,15
4336.0,2496228891,3,0,15
4336.0,cluster_12013799525_12013799526_2496228894,2,2,15
4336.0,cluster_12013799527_12013799528_2190601967,3,2,15
4336.0,cluster_12013799529_12013799530_473195061,1,0,15
4337.0,2496228891,4,0,23
4337.0,cluster_12013799525_12013799526_2496228894,2,2,15
4337.0,cluster_12013799527_12013799528_2190601967,3,2,15
4337.0,cluster_12013799529_12013799530_473195061,1,0,15
4338.0,2496228891,3,0,15
4338.0,cluster_12013799527_12013799528_2190601967,3,2,15
4338.0,cluster_12013799529_12013799530_473195061,0,0,15
4339.0,2496228891,1,0,15
4339.0,cluster_12013799527_12013799528_2190601967,3,2,15
4339.0,cluster_12013799529_12013799530_473195061,0,0,15
4340.0,2496228891,1,0,15
4340.0,cluster_12013799527_12013799528_2190601967,3,2,15
4340.0,cluster_12013799529_12013799530_473195061,0,0,15
4341.0,2496228891,1,0,15
4341.0,cluster_12013799525_12013799526_2496228894,3,0,15
4341.0,cluster_12013799527_12013799528_2190601967,3,2,15
4341.0,cluster_12013799529_12013799530_473195061,0,0,15
4342.0,2496228891,1,0,15
4342.0,cluster_12013799525_12013799526_2496228894,2,0,15
4342.0,cluster_12013799529_12013799530_473195061,0,0,15
4343.0,2496228891,1,0,15
4343.0,cluster_12013799525_12013799526_2496228894,2,0,15
4343.0,cluster_12013799529_12013799530_473195061,0,0,15
4344.0,2496228891,2,0,15
4344.0,cluster_12013799525_12013799526_2496228894,2,0,15
4344.0,cluster_12013799529_12013799530_473195061,0,0,15
4345.0,2496228891,2,0,15
4345.0,cluster_12013799525_12013799526_2496228894,2,0,15
4345.0,cluster_12013799527_12013799528_2190601967,6,0,21
4345.0,cluster_12013799529_12013799530_473195061,0,0,15
4346.0,cluster_12013799525_12013799526_2496228894,1,0,15
4346.0,cluster_12013799527_12013799528_2190601967,6,0,21
4346.0,cluster_12013799529_12013799530_473195061,0,0,15
4347.0,cluster_12013799525_12013799526_2496228894,1,0,15
4347.0,cluster_12013799527_12013799528_2190601967,6,0,21
4347.0,cluster_12013799529_12013799530_473195061,0,0,15
4348.0,cluster_12013799525_12013799526_2496228894,0,0,15
4348.0,cluster_12013799527_12013799528_2190601967,6,0,21
4349.0,2496228891,2,2,15
4349.0,cluster_12013799525_12013799526_2496228894,0,0,15
4349.0,cluster_12013799527_12013799528_2190601967,6,0,21
4350.0,2496228891,1,2,15
4350.0,cluster_12013799525_12013799526_2496228894,0,0,15
4350.0,cluster_12013799527_12013799528_2190601967,5,0,21
4351.0,2496228891,1,2,15
4351.0,cluster_12013799525_12013799526_2496228894,0,0,15
4351.0,cluster_12013799527_12013799528_2190601967,5,0,21
4351.0,cluster_12013799529_12013799530_473195061,6,2,21
4352.0,2496228891,1,2,15
4352.0,cluster_12013799525_12013799526_2496228894,0,0,15
4352.0,cluster_12013799527_12013799528_2190601967,5,0,21
4352.0,cluster_12013799529_12013799530_473195061,5,2,21
4353.0,2496228891,1,2,15
4353.0,cluster_12013799525_12013799526_2496228894,0,0,15
4353.0,cluster_12013799527_12013799528_2190601967,4,0,21
4353.0,cluster_12013799529_12013799530_473195061,5,2,23
4354.0,2496228891,0,2,15
4354.0,cluster_12013799525_12013799526_2496228894,0,0,15
4354.0,cluster_12013799527_12013799528_2190601967,4,0,21
4354.0,cluster_12013799529_12013799530_473195061,5,2,21
4355.0,2496228891,0,2,15
4355.0,cluster_12013799525_12013799526_2496228894,0,0,15
4355.0,cluster_12013799527_12013799528_2190601967,3,0,15
4355.0,cluster_12013799529_12013799530_473195061,4,2,21
4356.0,2496228891,0,2,15
4356.0,cluster_12013799525_12013799526_2496228894,0,0,15
4356.0,cluster_12013799527_12013799528_2190601967,3,0,15
4356.0,cluster_12013799529_12013799530_473195061,5,2,23
4357.0,2496228891,0,2,15
4357.0,cluster_12013799527_12013799528_2190601967,2,0,15
4357.0,cluster_12013799529_12013799530_473195061,4,2,21
4358.0,2496228891,0,2,15
4358.0,cluster_12013799527_12013799528_2190601967,2,0,15
4358.0,cluster_12013799529_12013799530_473195061,5,2,23
4359.0,2496228891,0,2,15
4359.0,cluster_12013799527_12013799528_2190601967,2,0,15
4359.0,cluster_12013799529_12013799530_473195061,5,2,21
4360.0,2496228891,0,2,15
4360.0,cluster_12013799525_12013799526_2496228894,2,2,15
4360.0,cluster_12013799527_12013799528_2190601967,1,0,15
4360.0,cluster_12013799529_12013799530_473195061,5,2,23
4361.0,2496228891,0,2,15
4361.0,cluster_12013799525_12013799526_2496228894,2,2,15
4361.0,cluster_12013799527_12013799528_2190601967,1,0,15
4361.0,cluster_12013799529_12013799530_473195061,5,2,21
4362.0,2496228891,0,2,15
4362.0,cluster_12013799525_12013799526_2496228894,2,2,15
4362.0,cluster_12013799527_12013799528_2190601967,0,0,15
4362.0,cluster_12013799529_12013799530_473195061,5,2,23
4363.0,2496228891,0,2,15
4363.0,cluster_12013799525_12013799526_2496228894,2,2,15
4363.0,cluster_12013799527_12013799528_2190601967,0,0,15
4363.0,cluster_12013799529_12013799530_473195061,4,2,21
4364.0,2496228891,0,2,15
4364.0,cluster_12013799525_12013799526_2496228894,2,2,15
4364.0,cluster_12013799527_12013799528_2190601967,0,0,15
4364.0,cluster_12013799529_12013799530_473195061,5,2,23
4365.0,cluster_12013799525_12013799526_2496228894,1,2,15
4365.0,cluster_12013799527_12013799528_2190601967,0,0,15
4365.0,cluster_12013799529_12013799530_473195061,5,2,21
4366.0,cluster_12013799525_12013799526_2496228894,1,2,15
4366.0,cluster_12013799527_12013799528_2190601967,0,0,15
4366.0,cluster_12013799529_12013799530_473195061,5,2,21
4367.0,cluster_12013799525_12013799526_2496228894,0,2,15
4367.0,cluster_12013799529_12013799530_473195061,4,2,21
4368.0,2496228891,6,0,21
4368.0,cluster_12013799525_12013799526_2496228894,0,2,15
4368.0,cluster_12013799529_12013799530_473195061,4,2,21
4369.0,2496228891,4,0,21
4369.0,cluster_12013799525_12013799526_2496228894,0,2,15
4369.0,cluster_12013799529_12013799530_473195061,3,2,15
4370.0,2496228891,4,0,23
4370.0,cluster_12013799525_12013799526_2496228894,0,2,15
4370.0,cluster_12013799527_12013799528_2190601967,5,2,21
4370.0,cluster_12013799529_12013799530_473195061,2,2,15
4371.0,2496228891,4,0,21
4371.0,cluster_12013799525_12013799526_2496228894,0,2,15
4371.0,cluster_12013799527_12013799528_2190601967,3,2,15
4371.0,cluster_12013799529_12013799530_473195061,1,2,15
4372.0,2496228891,3,0,15
4372.0,cluster_12013799525_12013799526_2496228894,1,2,15
4372.0,cluster_12013799527_12013799528_2190601967,3,2,15
4372.0,cluster_12013799529_12013799530_473195061,1,2,15
4373.0,2496228891,1,0,15
4373.0,cluster_12013799525_12013799526_2496228894,1,2,15
4373.0,cluster_12013799527_12013799528_2190601967,3,2,15
4374.0,2496228891,1,0,15
4374.0,cluster_12013799525_12013799526_2496228894,2,2,15
4374.0,cluster_12013799527_12013799528_2190601967,3,2,15
4375.0,2496228891,1,0,15
4375.0,cluster_12013799525_12013799526_2496228894,2,2,15
4375.0,cluster_12013799527_12013799528_2190601967,1,2,15
4376.0,2496228891,1,0,15
4376.0,cluster_12013799527_12013799528_2190601967,2,2,15
4376.0,cluster_12013799529_12013799530_473195061,0,0,15
4377.0,2496228891,1,0,15
4377.0,cluster_12013799527_12013799528_2190601967,2,2,15
4377.0,cluster_12013799529_12013799530_473195061,0,0,15
4378.0,2496228891,2,0,15
4378.0,cluster_12013799527_12013799528_2190601967,1,2,15
4378.0,cluster_12013799529_12013799530_473195061,0,0,15
4379.0,2496228891,2,0,15
4379.0,cluster_12013799525_12013799526_2496228894,0,0,15
4379.0,cluster_12013799527_12013799528_2190601967,1,2,15
4379.0,cluster_12013799529_12013799530_473195061,0,0,15
4380.0,2496228891,3,0,15
4380.0,cluster_12013799525_12013799526_2496228894,0,0,15
4380.0,cluster_12013799527_12013799528_2190601967,0,2,15
4380.0,cluster_12013799529_12013799530_473195061,0,0,15
4381.0,2496228891,2,0,15
4381.0,cluster_12013799525_12013799526_2496228894,0,0,15
4381.0,cluster_12013799527_12013799528_2190601967,0,2,15
4381.0,cluster_12013799529_12013799530_473195061,0,0,15
4382.0,2496228891,2,0,15
4382.0,cluster_12013799525_12013799526_2496228894,0,0,15
4382.0,cluster_12013799527_12013799528_2190601967,0,2,15
4382.0,cluster_12013799529_12013799530_473195061,0,0,15
4383.0,2496228891,2,0,15
4383.0,cluster_12013799525_12013799526_2496228894,0,0,15
4383.0,cluster_12013799527_12013799528_2190601967,0,2,15
4383.0,cluster_12013799529_12013799530_473195061,0,0,15
4384.0,2496228891,1,0,15
4384.0,cluster_12013799525_12013799526_2496228894,0,0,15
4384.0,cluster_12013799527_12013799528_2190601967,0,2,15
4384.0,cluster_12013799529_12013799530_473195061,0,0,15
4385.0,2496228891,1,0,15
4385.0,cluster_12013799525_12013799526_2496228894,0,0,15
4385.0,cluster_12013799527_12013799528_2190601967,0,2,15
4385.0,cluster_12013799529_12013799530_473195061,0,0,15
4386.0,2496228891,1,0,15
4386.0,cluster_12013799525_12013799526_2496228894,0,0,15
4386.0,cluster_12013799527_12013799528_2190601967,0,2,15
4386.0,cluster_12013799529_12013799530_473195061,0,0,15
4387.0,2496228891,0,0,15
4387.0,cluster_12013799525_12013799526_2496228894,0,0,15
4387.0,cluster_12013799527_12013799528_2190601967,0,2,15
4387.0,cluster_12013799529_12013799530_473195061,0,0,15
4388.0,2496228891,0,0,15
4388.0,cluster_12013799525_12013799526_2496228894,0,0,15
4388.0,cluster_12013799527_12013799528_2190601967,0,2,15
4388.0,cluster_12013799529_12013799530_473195061,0,0,15
4389.0,2496228891,0,0,15
4389.0,cluster_12013799525_12013799526_2496228894,0,0,15
4389.0,cluster_12013799527_12013799528_2190601967,0,2,15
4389.0,cluster_12013799529_12013799530_473195061,0,0,15
4390.0,cluster_12013799525_12013799526_2496228894,0,0,15
4390.0,cluster_12013799527_12013799528_2190601967,0,2,15
4390.0,cluster_12013799529_12013799530_473195061,0,0,15
4391.0,cluster_12013799525_12013799526_2496228894,0,0,15
4391.0,cluster_12013799527_12013799528_2190601967,0,2,15
4391.0,cluster_12013799529_12013799530_473195061,0,0,15
4392.0,cluster_12013799525_12013799526_2496228894,0,0,15
4393.0,2496228891,0,2,15
4393.0,cluster_12013799525_12013799526_2496228894,0,0,15
4394.0,2496228891,0,2,15
4394.0,cluster_12013799525_12013799526_2496228894,0,0,15
4395.0,2496228891,0,2,15
4395.0,cluster_12013799527_12013799528_2190601967,0,0,15
4395.0,cluster_12013799529_12013799530_473195061,3,2,15
4396.0,2496228891,0,2,15
4396.0,cluster_12013799527_12013799528_2190601967,0,0,15
4396.0,cluster_12013799529_12013799530_473195061,3,2,15
4397.0,2496228891,0,2,15
4397.0,cluster_12013799527_12013799528_2190601967,0,0,15
4397.0,cluster_12013799529_12013799530_473195061,3,2,15
4398.0,2496228891,0,2,15
4398.0,cluster_12013799525_12013799526_2496228894,4,2,21
4398.0,cluster_12013799527_12013799528_2190601967,0,0,15
4398.0,cluster_12013799529_12013799530_473195061,2,2,15
4399.0,2496228891,0,2,15
4399.0,cluster_12013799525_12013799526_2496228894,2,2,15
4399.0,cluster_12013799527_12013799528_2190601967,0,0,15
4399.0,cluster_12013799529_12013799530_473195061,1,2,15
4400.0,2496228891,0,2,15
4400.0,cluster_12013799525_12013799526_2496228894,2,2,15
4400.0,cluster_12013799527_12013799528_2190601967,0,0,15
4400.0,cluster_12013799529_12013799530_473195061,1,2,15
4401.0,2496228891,1,2,15
4401.0,cluster_12013799525_12013799526_2496228894,3,2,15
4401.0,cluster_12013799527_12013799528_2190601967,1,0,15
4401.0,cluster_12013799529_12013799530_473195061,2,2,15
4402.0,2496228891,1,2,15
4402.0,cluster_12013799525_12013799526_2496228894,2,2,15
4402.0,cluster_12013799527_12013799528_2190601967,1,0,15
4402.0,cluster_12013799529_12013799530_473195061,1,2,15
4403.0,2496228891,1,2,15
4403.0,cluster_12013799525_12013799526_2496228894,2,2,15
4403.0,cluster_12013799527_12013799528_2190601967,1,0,15
4403.0,cluster_12013799529_12013799530_473195061,1,2,15
4404.0,2496228891,1,2,15
4404.0,cluster_12013799525_12013799526_2496228894,2,2,15
4404.0,cluster_12013799527_12013799528_2190601967,1,0,15
4404.0,cluster_12013799529_12013799530_473195061,1,2,15
4405.0,2496228891,2,2,15
4405.0,cluster_12013799525_12013799526_2496228894,2,2,15
4405.0,cluster_12013799527_12013799528_2190601967,2,0,15
4405.0,cluster_12013799529_12013799530_473195061,2,2,15
4406.0,2496228891,2,2,15
4406.0,cluster_12013799525_12013799526_2496228894,2,2,15
4406.0,cluster_12013799527_12013799528_2190601967,2,0,15
4406.0,cluster_12013799529_12013799530_473195061,2,2,15
4407.0,2496228891,2,2,15
4407.0,cluster_12013799525_12013799526_2496228894,2,2,15
4407.0,cluster_12013799527_12013799528_2190601967,2,0,15
4407.0,cluster_12013799529_12013799530_473195061,2,2,15
4408.0,2496228891,2,2,15
4408.0,cluster_12013799525_12013799526_2496228894,2,2,15
4408.0,cluster_12013799527_12013799528_2190601967,2,0,15
4408.0,cluster_12013799529_12013799530_473195061,2,2,15
4409.0,cluster_12013799525_12013799526_2496228894,2,2,15
4409.0,cluster_12013799527_12013799528_2190601967,3,0,15
4409.0,cluster_12013799529_12013799530_473195061,3,2,15
4410.0,cluster_12013799525_12013799526_2496228894,3,2,15
4410.0,cluster_12013799527_12013799528_2190601967,3,0,15
4410.0,cluster_12013799529_12013799530_473195061,3,2,15
4411.0,cluster_12013799525_12013799526_2496228894,3,2,15
4412.0,2496228891,4,0,21
4412.0,cluster_12013799525_12013799526_2496228894,3,2,15
4413.0,2496228891,5,0,23
4413.0,cluster_12013799525_12013799526_2496228894,2,2,15
4414.0,2496228891,4,0,21
4414.0,cluster_12013799525_12013799526_2496228894,3,2,15
4414.0,cluster_12013799527_12013799528_2190601967,5,2,21
4414.0,cluster_12013799529_12013799530_473195061,4,0,21
4415.0,2496228891,4,0,21
4415.0,cluster_12013799525_12013799526_2496228894,3,2,15
4415.0,cluster_12013799527_12013799528_2190601967,5,2,21
4415.0,cluster_12013799529_12013799530_473195061,4,0,21
4416.0,2496228891,4,0,21
4416.0,cluster_12013799525_12013799526_2496228894,3,2,15
4416.0,cluster_12013799527_12013799528_2190601967,4,2,21
4416.0,cluster_12013799529_12013799530_473195061,4,0,21
4417.0,2496228891,4,0,21
4417.0,cluster_12013799525_12013799526_2496228894,3,2,15
4417.0,cluster_12013799527_12013799528_2190601967,4,2,21
4417.0,cluster_12013799529_12013799530_473195061,4,0,21
4418.0,2496228891,4,0,21
4418.0,cluster_12013799525_12013799526_2496228894,4,2,23
4418.0,cluster_12013799527_12013799528_2190601967,4,2,21
4418.0,cluster_12013799529_12013799530_473195061,4,0,21
4419.0,2496228891,6,0,23
4419.0,cluster_12013799525_12013799526_2496228894,4,2,21
4419.0,cluster_12013799527_12013799528_2190601967,4,2,21
4419.0,cluster_12013799529_12013799530_473195061,4,0,21
4420.0,2496228891,6,0,21
4420.0,cluster_12013799527_12013799528_2190601967,4,2,21
4420.0,cluster_12013799529_12013799530_473195061,4,0,21
4421.0,2496228891,5,0,21
4421.0,cluster_12013799527_12013799528_2190601967,4,2,21
4421.0,cluster_12013799529_12013799530_473195061,3,0,15
4422.0,2496228891,5,0,21
4422.0,cluster_12013799527_12013799528_2190601967,4,2,21
4422.0,cluster_12013799529_12013799530_473195061,3,0,15
4423.0,2496228891,5,0,21
4423.0,cluster_12013799525_12013799526_2496228894,4,0,21
4423.0,cluster_12013799527_12013799528_2190601967,4,2,21
4423.0,cluster_12013799529_12013799530_473195061,3,0,15
4424.0,2496228891,6,0,23
4424.0,cluster_12013799525_12013799526_2496228894,3,0,15
4424.0,cluster_12013799527_12013799528_2190601967,3,2,15
4424.0,cluster_12013799529_12013799530_473195061,3,0,15
4425.0,2496228891,6,0,21
4425.0,cluster_12013799525_12013799526_2496228894,3,0,15
4425.0,cluster_12013799527_12013799528_2190601967,3,2,15
4425.0,cluster_12013799529_12013799530_473195061,3,0,15
4426.0,2496228891,6,0,21
4426.0,cluster_12013799525_12013799526_2496228894,3,0,15
4426.0,cluster_12013799527_12013799528_2190601967,3,2,15
4426.0,cluster_12013799529_12013799530_473195061,3,0,15
4427.0,2496228891,4,0,21
4427.0,cluster_12013799525_12013799526_2496228894,3,0,15
4427.0,cluster_12013799527_12013799528_2190601967,3,2,15
4427.0,cluster_12013799529_12013799530_473195061,3,0,15
4428.0,2496228891,4,0,21
4428.0,cluster_12013799525_12013799526_2496228894,2,0,15
4428.0,cluster_12013799527_12013799528_2190601967,2,2,15
4428.0,cluster_12013799529_12013799530_473195061,3,0,15
4429.0,2496228891,4,0,21
4429.0,cluster_12013799525_12013799526_2496228894,2,0,15
4429.0,cluster_12013799527_12013799528_2190601967,3,2,15
4429.0,cluster_12013799529_12013799530_473195061,3,0,15
4430.0,2496228891,3,0,15
4430.0,cluster_12013799525_12013799526_2496228894,2,0,15
4430.0,cluster_12013799527_12013799528_2190601967,3,2,15
4430.0,cluster_12013799529_12013799530_473195061,2,0,15
4431.0,2496228891,3,0,15
4431.0,cluster_12013799525_12013799526_2496228894,1,0,15
4431.0,cluster_12013799527_12013799528_2190601967,3,2,15
4431.0,cluster_12013799529_12013799530_473195061,2,0,15
4432.0,2496228891,2,0,15
4432.0,cluster_12013799525_12013799526_2496228894,1,0,15
4432.0,cluster_12013799527_12013799528_2190601967,3,2,15
4432.0,cluster_12013799529_12013799530_473195061,1,0,15
4433.0,2496228891,2,0,15
4433.0,cluster_12013799525_12013799526_2496228894,0,0,15
4433.0,cluster_12013799527_12013799528_2190601967,2,2,15
4433.0,cluster_12013799529_12013799530_473195061,1,0,15
4434.0,cluster_12013799525_12013799526_2496228894,0,0,15
4434.0,cluster_12013799527_12013799528_2190601967,3,2,15
4434.0,cluster_12013799529_12013799530_473195061,0,0,15
4435.0,cluster_12013799525_12013799526_2496228894,0,0,15
4435.0,cluster_12013799527_12013799528_2190601967,2,2,15
4435.0,cluster_12013799529_12013799530_473195061,0,0,15
4436.0,cluster_12013799525_12013799526_2496228894,0,0,15
4437.0,2496228891,3,2,15
4437.0,cluster_12013799525_12013799526_2496228894,0,0,15
4438.0,2496228891,2,2,15
4438.0,cluster_12013799525_12013799526_2496228894,0,0,15
4439.0,2496228891,2,2,15
4439.0,cluster_12013799525_12013799526_2496228894,0,0,15
4439.0,cluster_12013799527_12013799528_2190601967,7,0,21
4439.0,cluster_12013799529_12013799530_473195061,7,2,21
4440.0,2496228891,2,2,15
4440.0,cluster_12013799525_12013799526_2496228894,0,0,15
4440.0,cluster_12013799527_12013799528_2190601967,6,0,21
4440.0,cluster_12013799529_12013799530_473195061,6,2,21
4441.0,2496228891,1,2,15
4441.0,cluster_12013799525_12013799526_2496228894,0,0,15
4441.0,cluster_12013799527_12013799528_2190601967,6,0,21
4441.0,cluster_12013799529_12013799530_473195061,6,2,21
4442.0,2496228891,1,2,15
4442.0,cluster_12013799525_12013799526_2496228894,0,0,15
4442.0,cluster_12013799527_12013799528_2190601967,6,0,21
4442.0,cluster_12013799529_12013799530_473195061,6,2,21
4443.0,2496228891,1,2,15
4443.0,cluster_12013799525_12013799526_2496228894,0,0,15
4443.0,cluster_12013799527_12013799528_2190601967,6,0,21
4443.0,cluster_12013799529_12013799530_473195061,6,2,21
4444.0,2496228891,0,2,15
4444.0,cluster_12013799525_12013799526_2496228894,0,0,15
4444.0,cluster_12013799527_12013799528_2190601967,5,0,21
4444.0,cluster_12013799529_12013799530_473195061,5,2,21
4445.0,2496228891,0,2,15
4445.0,cluster_12013799527_12013799528_2190601967,5,0,21
4445.0,cluster_12013799529_12013799530_473195061,5,2,21
4446.0,2496228891,0,2,15
4446.0,cluster_12013799527_12013799528_2190601967,5,0,21
4446.0,cluster_12013799529_12013799530_473195061,5,2,21
4447.0,2496228891,0,2,15
4447.0,cluster_12013799527_12013799528_2190601967,4,0,21
4447.0,cluster_12013799529_12013799530_473195061,5,2,23
4448.0,2496228891,0,2,15
4448.0,cluster_12013799525_12013799526_2496228894,3,2,15
4448.0,cluster_12013799527_12013799528_2190601967,4,0,21
4448.0,cluster_12013799529_12013799530_473195061,5,2,21
4449.0,2496228891,0,2,15
4449.0,cluster_12013799525_12013799526_2496228894,3,2,15
4449.0,cluster_12013799527_12013799528_2190601967,3,0,15
4449.0,cluster_12013799529_12013799530_473195061,5,2,23
4450.0,2496228891,0,2,15
4450.0,cluster_12013799525_12013799526_2496228894,3,2,15
4450.0,cluster_12013799527_12013799528_2190601967,3,0,15
4450.0,cluster_12013799529_12013799530_473195061,5,2,21
4451.0,2496228891,0,2,15
4451.0,cluster_12013799525_12013799526_2496228894,3,2,15
4451.0,cluster_12013799527_12013799528_2190601967,2,0,15
4451.0,cluster_12013799529_12013799530_473195061,5,2,23
4452.0,2496228891,0,2,15
4452.0,cluster_12013799525_12013799526_2496228894,2,2,15
4452.0,cluster_12013799527_12013799528_2190601967,2,0,15
4452.0,cluster_12013799529_12013799530_473195061,5,2,21
4453.0,cluster_12013799525_12013799526_2496228894,2,2,15
4453.0,cluster_12013799527_12013799528_2190601967,1,0,15
4453.0,cluster_12013799529_12013799530_473195061,4,2,21
4454.0,cluster_12013799525_12013799526_2496228894,2,2,15
4454.0,cluster_12013799527_12013799528_2190601967,1,0,15
4454.0,cluster_12013799529_12013799530_473195061,5,2,23
4455.0,cluster_12013799525_12013799526_2496228894,2,2,15
4455.0,cluster_12013799527_12013799528_2190601967,0,0,15
4455.0,cluster_12013799529_12013799530_473195061,4,2,21
4456.0,2496228891,3,0,15
4456.0,cluster_12013799525_12013799526_2496228894,1,2,15
4456.0,cluster_12013799527_12013799528_2190601967,0,0,15
4456.0,cluster_12013799529_12013799530_473195061,5,2,23
4457.0,2496228891,2,0,15
4457.0,cluster_12013799525_12013799526_2496228894,1,2,15
4457.0,cluster_12013799527_12013799528_2190601967,0,0,15
4457.0,cluster_12013799529_12013799530_473195061,4,2,21
4458.0,2496228891,2,0,15
4458.0,cluster_12013799525_12013799526_2496228894,0,2,15
4458.0,cluster_12013799527_12013799528_2190601967,0,0,15
4458.0,cluster_12013799529_12013799530_473195061,5,2,23
4459.0,2496228891,2,0,15
4459.0,cluster_12013799525_12013799526_2496228894,0,2,15
4459.0,cluster_12013799527_12013799528_2190601967,0,0,15
4459.0,cluster_12013799529_12013799530_473195061,5,2,21
4460.0,2496228891,2,0,15
4460.0,cluster_12013799525_12013799526_2496228894,1,2,15
4460.0,cluster_12013799527_12013799528_2190601967,0,0,15
4460.0,cluster_12013799529_12013799530_473195061,4,2,21
4461.0,2496228891,1,0,15
4461.0,cluster_12013799525_12013799526_2496228894,1,2,15
4462.0,2496228891,1,0,15
4462.0,cluster_12013799525_12013799526_2496228894,1,2,15
4463.0,2496228891,3,0,15
4463.0,cluster_12013799525_12013799526_2496228894,2,2,15
4464.0,2496228891,2,0,15
4464.0,cluster_12013799527_12013799528_2190601967,4,2,21
4464.0,cluster_12013799529_12013799530_473195061,0,0,15
4465.0,2496228891,2,0,15
4465.0,cluster_12013799527_12013799528_2190601967,4,2,21
4465.0,cluster_12013799529_12013799530_473195061,0,0,15
4466.0,2496228891,2,0,15
4466.0,cluster_12013799527_12013799528_2190601967,4,2,21
4466.0,cluster_12013799529_12013799530_473195061,0,0,15
4467.0,2496228891,0,0,15
4467.0,cluster_12013799525_12013799526_2496228894,0,0,15
4467.0,cluster_12013799527_12013799528_2190601967,4,2,21
4467.0,cluster_12013799529_12013799530_473195061,0,0,15
4468.0,2496228891,0,0,15
4468.0,cluster_12013799525_12013799526_2496228894,0,0,15
4468.0,cluster_12013799527_12013799528_2190601967,4,2,21
4468.0,cluster_12013799529_12013799530_473195061,0,0,15
4469.0,2496228891,1,0,15
4469.0,cluster_12013799525_12013799526_2496228894,0,0,15
4469.0,cluster_12013799527_12013799528_2190601967,3,2,15
4469.0,cluster_12013799529_12013799530_473195061,0,0,15
4470.0,2496228891,1,0,15
4470.0,cluster_12013799525_12013799526_2496228894,0,0,15
4470.0,cluster_12013799527_12013799528_2190601967,3,2,15
4470.0,cluster_12013799529_12013799530_473195061,0,0,15
4471.0,2496228891,1,0,15
4471.0,cluster_12013799525_12013799526_2496228894,0,0,15
4471.0,cluster_12013799527_12013799528_2190601967,2,2,15
4471.0,cluster_12013799529_12013799530_473195061,0,0,15
4472.0,cluster_12013799525_12013799526_2496228894,0,0,15
4472.0,cluster_12013799527_12013799528_2190601967,1,2,15
4472.0,cluster_12013799529_12013799530_473195061,0,0,15
4473.0,cluster_12013799525_12013799526_2496228894,0,0,15
4473.0,cluster_12013799527_12013799528_2190601967,1,2,15
4473.0,cluster_12013799529_12013799530_473195061,0,0,15
4474.0,cluster_12013799525_12013799526_2496228894,0,0,15
4474.0,cluster_12013799527_12013799528_2190601967,0,2,15
4474.0,cluster_12013799529_12013799530_473195061,0,0,15
4475.0,2496228891,0,2,15
4475.0,cluster_12013799525_12013799526_2496228894,0,0,15
4475.0,cluster_12013799527_12013799528_2190601967,0,2,15
4475.0,cluster_12013799529_12013799530_473195061,0,0,15
4476.0,2496228891,0,2,15
4476.0,cluster_12013799525_12013799526_2496228894,0,0,15
4476.0,cluster_12013799527_12013799528_2190601967,0,2,15
4476.0,cluster_12013799529_12013799530_473195061,0,0,15
4477.0,2496228891,0,2,15
4477.0,cluster_12013799525_12013799526_2496228894,0,0,15
4477.0,cluster_12013799527_12013799528_2190601967,0,2,15
4477.0,cluster_12013799529_12013799530_473195061,0,0,15
4478.0,2496228891,0,2,15
4478.0,cluster_12013799525_12013799526_2496228894,0,0,15
4478.0,cluster_12013799527_12013799528_2190601967,0,2,15
4478.0,cluster_12013799529_12013799530_473195061,0,0,15
4479.0,2496228891,0,2,15
4479.0,cluster_12013799525_12013799526_2496228894,0,0,15
4479.0,cluster_12013799527_12013799528_2190601967,0,2,15
4479.0,cluster_12013799529_12013799530_473195061,0,0,15
4480.0,2496228891,0,2,15
4480.0,cluster_12013799525_12013799526_2496228894,0,0,15
4480.0,cluster_12013799527_12013799528_2190601967,0,2,15
4481.0,2496228891,0,2,15
4481.0,cluster_12013799525_12013799526_2496228894,0,0,15
4481.0,cluster_12013799527_12013799528_2190601967,0,2,15
4482.0,2496228891,0,2,15
4482.0,cluster_12013799525_12013799526_2496228894,0,0,15
4482.0,cluster_12013799527_12013799528_2190601967,0,2,15
4483.0,2496228891,0,2,15
4483.0,cluster_12013799527_12013799528_2190601967,0,2,15
4483.0,cluster_12013799529_12013799530_473195061,5,2,21
4484.0,2496228891,0,2,15
4484.0,cluster_12013799527_12013799528_2190601967,0,2,15
4484.0,cluster_12013799529_12013799530_473195061,5,2,23
4485.0,2496228891,0,2,15
4485.0,cluster_12013799527_12013799528_2190601967,0,2,15
4485.0,cluster_12013799529_12013799530_473195061,5,2,21
4486.0,2496228891,0,2,15
4486.0,cluster_12013799525_12013799526_2496228894,2,2,15
4486.0,cluster_12013799529_12013799530_473195061,5,2,21
4487.0,2496228891,0,2,15
4487.0,cluster_12013799525_12013799526_2496228894,0,2,15
4487.0,cluster_12013799529_12013799530_473195061,4,2,21
4488.0,2496228891,0,2,15
4488.0,cluster_12013799525_12013799526_2496228894,0,2,15
4488.0,cluster_12013799529_12013799530_473195061,4,2,21
4489.0,2496228891,0,2,15
4489.0,cluster_12013799525_12013799526_2496228894,0,2,15
4489.0,cluster_12013799527_12013799528_2190601967,0,0,15
4489.0,cluster_12013799529_12013799530_473195061,4,2,21
4490.0,2496228891,0,2,15
4490.0,cluster_12013799525_12013799526_2496228894,0,2,15
4490.0,cluster_12013799527_12013799528_2190601967,0,0,15
4490.0,cluster_12013799529_12013799530_473195061,3,2,15
4491.0,cluster_12013799525_12013799526_2496228894,0,2,15
4491.0,cluster_12013799527_12013799528_2190601967,0,0,15
4491.0,cluster_12013799529_12013799530_473195061,3,2,15
4492.0,cluster_12013799525_12013799526_2496228894,0,2,15
4492.0,cluster_12013799527_12013799528_2190601967,0,0,15
4492.0,cluster_12013799529_12013799530_473195061,3,2,15
4493.0,cluster_12013799525_12013799526_2496228894,0,2,15
4493.0,cluster_12013799527_12013799528_2190601967,0,0,15
4493.0,cluster_12013799529_12013799530_473195061,1,2,15
4494.0,2496228891,2,0,15
4494.0,cluster_12013799525_12013799526_2496228894,0,2,15
4494.0,cluster_12013799527_12013799528_2190601967,0,0,15
4494.0,cluster_12013799529_12013799530_473195061,1,2,15
4495.0,2496228891,3,0,15
4495.0,cluster_12013799525_12013799526_2496228894,0,2,15
4495.0,cluster_12013799527_12013799528_2190601967,0,0,15
4495.0,cluster_12013799529_12013799530_473195061,0,2,15
4496.0,2496228891,3,0,15
4496.0,cluster_12013799525_12013799526_2496228894,0,2,15
4496.0,cluster_12013799527_12013799528_2190601967,0,0,15
4496.0,cluster_12013799529_12013799530_473195061,0,2,15
4497.0,2496228891,4,0,23
4497.0,cluster_12013799525_12013799526_2496228894,0,2,15
4497.0,cluster_12013799527_12013799528_2190601967,0,0,15
4497.0,cluster_12013799529_12013799530_473195061,0,2,15
4498.0,2496228891,4,0,21
4498.0,cluster_12013799525_12013799526_2496228894,0,2,15
4498.0,cluster_12013799527_12013799528_2190601967,0,0,15
4498.0,cluster_12013799529_12013799530_473195061,0,2,15
4499.0,2496228891,2,0,15
4499.0,cluster_12013799525_12013799526_2496228894,0,2,15
4499.0,cluster_12013799527_12013799528_2190601967,0,0,15
4499.0,cluster_12013799529_12013799530_473195061,0,2,15
4500.0,2496228891,2,0,15
4500.0,cluster_12013799525_12013799526_2496228894,0,2,15
4500.0,cluster_12013799527_12013799528_2190601967,0,0,15
4500.0,cluster_12013799529_12013799530_473195061,0,2,15
4501.0,2496228891,3,0,15
4501.0,cluster_12013799525_12013799526_2496228894,2,2,15
4501.0,cluster_12013799527_12013799528_2190601967,1,0,15
4501.0,cluster_12013799529_12013799530_473195061,1,2,15
4502.0,2496228891,3,0,15
4502.0,cluster_12013799527_12013799528_2190601967,1,0,15
4502.0,cluster_12013799529_12013799530_473195061,1,2,15
4503.0,2496228891,3,0,15
4503.0,cluster_12013799527_12013799528_2190601967,1,0,15
4503.0,cluster_12013799529_12013799530_473195061,1,2,15
4504.0,2496228891,3,0,15
4504.0,cluster_12013799527_12013799528_2190601967,1,0,15
4504.0,cluster_12013799529_12013799530_473195061,1,2,15
4505.0,2496228891,3,0,15
4505.0,cluster_12013799525_12013799526_2496228894,2,0,15
4506.0,2496228891,3,0,15
4506.0,cluster_12013799525_12013799526_2496228894,2,0,15
4507.0,2496228891,3,0,15
4507.0,cluster_12013799525_12013799526_2496228894,2,0,15
4508.0,2496228891,3,0,15
4508.0,cluster_12013799525_12013799526_2496228894,2,0,15
4508.0,cluster_12013799527_12013799528_2190601967,3,2,15
4508.0,cluster_12013799529_12013799530_473195061,2,0,15
4509.0,2496228891,3,0,15
4509.0,cluster_12013799525_12013799526_2496228894,3,0,15
4509.0,cluster_12013799527_12013799528_2190601967,3,2,15
4509.0,cluster_12013799529_12013799530_473195061,3,0,15
4510.0,cluster_12013799525_12013799526_2496228894,2,0,15
4510.0,cluster_12013799527_12013799528_2190601967,2,2,15
4510.0,cluster_12013799529_12013799530_473195061,3,0,15
4511.0,cluster_12013799525_12013799526_2496228894,2,0,15
4511.0,cluster_12013799527_12013799528_2190601967,2,2,15
4511.0,cluster_12013799529_12013799530_473195061,3,0,15
4512.0,cluster_12013799525_12013799526_2496228894,2,0,15
4512.0,cluster_12013799527_12013799528_2190601967,2,2,15
4512.0,cluster_12013799529_12013799530_473195061,3,0,15
4513.0,2496228891,2,2,15
4513.0,cluster_12013799525_12013799526_2496228894,3,0,15
4513.0,cluster_12013799527_12013799528_2190601967,4,2,23
4513.0,cluster_12013799529_12013799530_473195061,4,0,23
4514.0,2496228891,3,2,15
4514.0,cluster_12013799525_12013799526_2496228894,2,0,15
4514.0,cluster_12013799527_12013799528_2190601967,3,2,15
4514.0,cluster_12013799529_12013799530_473195061,4,0,21
4515.0,2496228891,3,2,15
4515.0,cluster_12013799525_12013799526_2496228894,2,0,15
4515.0,cluster_12013799527_12013799528_2190601967,3,2,15
4515.0,cluster_12013799529_12013799530_473195061,4,0,21
4516.0,2496228891,3,2,15
4516.0,cluster_12013799525_12013799526_2496228894,2,0,15
4516.0,cluster_12013799527_12013799528_2190601967,4,2,23
4516.0,cluster_12013799529_12013799530_473195061,4,0,21
4517.0,2496228891,3,2,15
4517.0,cluster_12013799525_12013799526_2496228894,2,0,15
4517.0,cluster_12013799527_12013799528_2190601967,4,2,21
4517.0,cluster_12013799529_12013799530_473195061,5,0,23
4518.0,2496228891,2,2,15
4518.0,cluster_12013799525_12013799526_2496228894,2,0,15
4518.0,cluster_12013799527_12013799528_2190601967,4,2,21
4518.0,cluster_12013799529_12013799530_473195061,4,0,21
4519.0,2496228891,2,2,15
4519.0,cluster_12013799525_12013799526_2496228894,1,0,15
4519.0,cluster_12013799527_12013799528_2190601967,2,2,15
4519.0,cluster_12013799529_12013799530_473195061,4,0,21
4520.0,2496228891,2,2,15
4520.0,cluster_12013799525_12013799526_2496228894,1,0,15
4520.0,cluster_12013799527_12013799528_2190601967,3,2,15
4520.0,cluster_12013799529_12013799530_473195061,4,0,21
4521.0,2496228891,1,2,15
4521.0,cluster_12013799527_12013799528_2190601967,4,2,23
4521.0,cluster_12013799529_12013799530_473195061,4,0,21
4522.0,2496228891,1,2,15
4522.0,cluster_12013799527_12013799528_2190601967,4,2,23
4522.0,cluster_12013799529_12013799530_473195061,4,0,21
4523.0,2496228891,1,2,15
4523.0,cluster_12013799527_12013799528_2190601967,4,2,21
4523.0,cluster_12013799529_12013799530_473195061,3,0,15
4524.0,2496228891,1,2,15
4524.0,cluster_12013799525_12013799526_2496228894,4,2,21
4525.0,2496228891,1,2,15
4525.0,cluster_12013799525_12013799526_2496228894,3,2,15
4526.0,2496228891,1,2,15
4526.0,cluster_12013799525_12013799526_2496228894,3,2,15
4527.0,2496228891,1,2,15
4527.0,cluster_12013799525_12013799526_2496228894,3,2,15
4527.0,cluster_12013799527_12013799528_2190601967,7,0,21
4527.0,cluster_12013799529_12013799530_473195061,7,2,21
4528.0,2496228891,0,2,15
4528.0,cluster_12013799525_12013799526_2496228894,2,2,15
4528.0,cluster_12013799527_12013799528_2190601967,6,0,21
4528.0,cluster_12013799529_12013799530_473195061,6,2,21
4529.0,cluster_12013799525_12013799526_2496228894,3,2,15
4529.0,cluster_12013799527_12013799528_2190601967,6,0,21
4529.0,cluster_12013799529_12013799530_473195061,6,2,21
4530.0,cluster_12013799525_12013799526_2496228894,3,2,15
4530.0,cluster_12013799527_12013799528_2190601967,6,0,21
4530.0,cluster_12013799529_12013799530_473195061,6,2,21
4531.0,cluster_12013799525_12013799526_2496228894,2,2,15
4531.0,cluster_12013799527_12013799528_2190601967,6,0,21
4531.0,cluster_12013799529_12013799530_473195061,6,2,21
4532.0,2496228891,4,0,21
4532.0,cluster_12013799525_12013799526_2496228894,1,2,15
4532.0,cluster_12013799527_12013799528_2190601967,5,0,21
4532.0,cluster_12013799529_12013799530_473195061,5,2,21
4533.0,2496228891,4,0,21
4533.0,cluster_12013799525_12013799526_2496228894,1,2,15
4533.0,cluster_12013799527_12013799528_2190601967,5,0,21
4533.0,cluster_12013799529_12013799530_473195061,5,2,21
4534.0,2496228891,4,0,21
4534.0,cluster_12013799525_12013799526_2496228894,1,2,15
4534.0,cluster_12013799527_12013799528_2190601967,4,0,21
4534.0,cluster_12013799529_12013799530_473195061,4,2,21
4535.0,2496228891,4,0,21
4535.0,cluster_12013799525_12013799526_2496228894,1,2,15
4535.0,cluster_12013799527_12013799528_2190601967,4,0,21
4535.0,cluster_12013799529_12013799530_473195061,5,2,23
4536.0,2496228891,4,0,21
4536.0,cluster_12013799525_12013799526_2496228894,1,2,15
4536.0,cluster_12013799527_12013799528_2190601967,4,0,21
4536.0,cluster_12013799529_12013799530_473195061,5,2,21
4537.0,2496228891,4,0,23
4537.0,cluster_12013799525_12013799526_2496228894,1,2,15
4537.0,cluster_12013799527_12013799528_2190601967,3,0,15
4537.0,cluster_12013799529_12013799530_473195061,5,2,23
4538.0,2496228891,3,0,15
4538.0,cluster_12013799525_12013799526_2496228894,1,2,15
4538.0,cluster_12013799527_12013799528_2190601967,3,0,15
4538.0,cluster_12013799529_12013799530_473195061,5,2,21
4539.0,2496228891,3,0,15
4539.0,cluster_12013799525_12013799526_2496228894,1,2,15
4539.0,cluster_12013799527_12013799528_2190601967,2,0,15
4539.0,cluster_12013799529_12013799530_473195061,5,2,23
4540.0,2496228891,3,0,15
4540.0,cluster_12013799525_12013799526_2496228894,0,2,15
4540.0,cluster_12013799527_12013799528_2190601967,2,0,15
4540.0,cluster_12013799529_12013799530_473195061,5,2,21
4541.0,2496228891,3,0,15
4541.0,cluster_12013799525_12013799526_2496228894,0,2,15
4541.0,cluster_12013799527_12013799528_2190601967,2,0,15
4541.0,cluster_12013799529_12013799530_473195061,5,2,21
4542.0,2496228891,3,0,15
4542.0,cluster_12013799525_12013799526_2496228894,0,2,15
4542.0,cluster_12013799527_12013799528_2190601967,1,0,15
4542.0,cluster_12013799529_12013799530_473195061,5,2,23
4543.0,2496228891,3,0,15
4543.0,cluster_12013799525_12013799526_2496228894,0,2,15
4543.0,cluster_12013799527_12013799528_2190601967,1,0,15
4543.0,cluster_12013799529_12013799530_473195061,5,2,21
4544.0,2496228891,3,0,15
4544.0,cluster_12013799525_12013799526_2496228894,0,2,15
4544.0,cluster_12013799527_12013799528_2190601967,0,0,15
4544.0,cluster_12013799529_12013799530_473195061,5,2,23
4545.0,2496228891,3,0,15
4545.0,cluster_12013799525_12013799526_2496228894,0,2,15
4545.0,cluster_12013799527_12013799528_2190601967,0,0,15
4545.0,cluster_12013799529_12013799530_473195061,5,2,23
4546.0,2496228891,3,0,15
4546.0,cluster_12013799527_12013799528_2190601967,0,0,15
4546.0,cluster_12013799529_12013799530_473195061,5,2,21
4547.0,2496228891,3,0,15
4547.0,cluster_12013799527_12013799528_2190601967,0,0,15
4547.0,cluster_12013799529_12013799530_473195061,5,2,21
4548.0,2496228891,3,0,15
4548.0,cluster_12013799527_12013799528_2190601967,0,0,15
4548.0,cluster_12013799529_12013799530_473195061,4,2,21
4549.0,2496228891,3,0,15
4549.0,cluster_12013799525_12013799526_2496228894,1,0,15
4550.0,2496228891,5,0,23
4550.0,cluster_12013799525_12013799526_2496228894,0,0,15
4551.0,2496228891,5,0,21
4551.0,cluster_12013799525_12013799526_2496228894,0,0,15
4552.0,2496228891,5,0,21
4552.0,cluster_12013799525_12013799526_2496228894,0,0,15
4552.0,cluster_12013799527_12013799528_2190601967,5,2,21
4552.0,cluster_12013799529_12013799530_473195061,3,0,15
4553.0,2496228891,4,0,21
4553.0,cluster_12013799525_12013799526_2496228894,0,0,15
4553.0,cluster_12013799527_12013799528_2190601967,3,2,15
4553.0,cluster_12013799529_12013799530_473195061,2,0,15
4554.0,cluster_12013799525_12013799526_2496228894,0,0,15
4554.0,cluster_12013799527_12013799528_2190601967,3,2,15
4554.0,cluster_12013799529_12013799530_473195061,2,0,15
4555.0,cluster_12013799525_12013799526_2496228894,0,0,15
4555.0,cluster_12013799527_12013799528_2190601967,4,2,23
4555.0,cluster_12013799529_12013799530_473195061,2,0,15
4556.0,cluster_12013799525_12013799526_2496228894,0,0,15
4556.0,cluster_12013799527_12013799528_2190601967,2,2,15
4556.0,cluster_12013799529_12013799530_473195061,2,0,15
4557.0,2496228891,0,2,15
4557.0,cluster_12013799525_12013799526_2496228894,0,0,15
4557.0,cluster_12013799527_12013799528_2190601967,2,2,15
4557.0,cluster_12013799529_12013799530_473195061,1,0,15
4558.0,2496228891,0,2,15
4558.0,cluster_12013799525_12013799526_2496228894,0,0,15
4558.0,cluster_12013799527_12013799528_2190601967,2,2,15
4558.0,cluster_12013799529_12013799530_473195061,1,0,15
4559.0,2496228891,0,2,15
4559.0,cluster_12013799525_12013799526_2496228894,0,0,15
4559.0,cluster_12013799527_12013799528_2190601967,1,2,15
4559.0,cluster_12013799529_12013799530_473195061,0,0,15
4560.0,2496228891,0,2,15
4560.0,cluster_12013799525_12013799526_2496228894,0,0,15
4560.0,cluster_12013799527_12013799528_2190601967,1,2,15
4560.0,cluster_12013799529_12013799530_473195061,0,0,15
4561.0,2496228891,0,2,15
4561.0,cluster_12013799525_12013799526_2496228894,0,0,15
4561.0,cluster_12013799527_12013799528_2190601967,0,2,15
4561.0,cluster_12013799529_12013799530_473195061,0,0,15
4562.0,2496228891,0,2,15
4562.0,cluster_12013799525_12013799526_2496228894,0,0,15
4562.0,cluster_12013799527_12013799528_2190601967,1,2,15
4562.0,cluster_12013799529_12013799530_473195061,0,0,15
4563.0,2496228891,0,2,15
4563.0,cluster_12013799525_12013799526_2496228894,0,0,15
4563.0,cluster_12013799527_12013799528_2190601967,1,2,15
4563.0,cluster_12013799529_12013799530_473195061,0,0,15
4564.0,2496228891,0,2,15
4564.0,cluster_12013799525_12013799526_2496228894,0,0,15
4564.0,cluster_12013799527_12013799528_2190601967,1,2,15
4564.0,cluster_12013799529_12013799530_473195061,0,0,15
4565.0,2496228891,0,2,15
4565.0,cluster_12013799527_12013799528_2190601967,1,2,15
4565.0,cluster_12013799529_12013799530_473195061,0,0,15
4566.0,2496228891,0,2,15
4566.0,cluster_12013799527_12013799528_2190601967,1,2,15
4566.0,cluster_12013799529_12013799530_473195061,0,0,15
4567.0,2496228891,0,2,15
4567.0,cluster_12013799527_12013799528_2190601967,0,2,15
4567.0,cluster_12013799529_12013799530_473195061,0,0,15
4568.0,2496228891,0,2,15
4568.0,cluster_12013799525_12013799526_2496228894,0,2,15
4568.0,cluster_12013799527_12013799528_2190601967,0,2,15
4569.0,2496228891,0,2,15
4569.0,cluster_12013799525_12013799526_2496228894,0,2,15
4569.0,cluster_12013799527_12013799528_2190601967,0,2,15
4570.0,2496228891,0,2,15
4570.0,cluster_12013799525_12013799526_2496228894,0,2,15
4570.0,cluster_12013799527_12013799528_2190601967,0,2,15
4571.0,2496228891,0,2,15
4571.0,cluster_12013799525_12013799526_2496228894,0,2,15
4571.0,cluster_12013799527_12013799528_2190601967,0,2,15
4571.0,cluster_12013799529_12013799530_473195061,7,2,21
4572.0,2496228891,0,2,15
4572.0,cluster_12013799525_12013799526_2496228894,0,2,15
4572.0,cluster_12013799527_12013799528_2190601967,0,2,15
4572.0,cluster_12013799529_12013799530_473195061,5,2,21
4573.0,cluster_12013799525_12013799526_2496228894,0,2,15
4573.0,cluster_12013799527_12013799528_2190601967,0,2,15
4573.0,cluster_12013799529_12013799530_473195061,5,2,23
4574.0,cluster_12013799525_12013799526_2496228894,0,2,15
4574.0,cluster_12013799529_12013799530_473195061,5,2,21
4575.0,cluster_12013799525_12013799526_2496228894,0,2,15
4575.0,cluster_12013799529_12013799530_473195061,4,2,21
4576.0,2496228891,3,0,15
4576.0,cluster_12013799525_12013799526_2496228894,0,2,15
4576.0,cluster_12013799529_12013799530_473195061,4,2,21
4577.0,2496228891,2,0,15
4577.0,cluster_12013799525_12013799526_2496228894,0,2,15
4577.0,cluster_12013799527_12013799528_2190601967,0,0,15
4577.0,cluster_12013799529_12013799530_473195061,4,2,21
4578.0,2496228891,2,0,15
4578.0,cluster_12013799525_12013799526_2496228894,0,2,15
4578.0,cluster_12013799527_12013799528_2190601967,0,0,15
4578.0,cluster_12013799529_12013799530_473195061,4,2,21
4579.0,2496228891,2,0,15
4579.0,cluster_12013799525_12013799526_2496228894,1,2,15
4579.0,cluster_12013799527_12013799528_2190601967,0,0,15
4579.0,cluster_12013799529_12013799530_473195061,3,2,15
4580.0,2496228891,2,0,15
4580.0,cluster_12013799525_12013799526_2496228894,1,2,15
4580.0,cluster_12013799527_12013799528_2190601967,0,0,15
4580.0,cluster_12013799529_12013799530_473195061,3,2,15
4581.0,2496228891,1,0,15
4581.0,cluster_12013799525_12013799526_2496228894,1,2,15
4581.0,cluster_12013799527_12013799528_2190601967,0,0,15
4581.0,cluster_12013799529_12013799530_473195061,1,2,15
4582.0,2496228891,2,0,15
4582.0,cluster_12013799525_12013799526_2496228894,1,2,15
4582.0,cluster_12013799527_12013799528_2190601967,0,0,15
4582.0,cluster_12013799529_12013799530_473195061,1,2,15
4583.0,2496228891,4,0,23
4583.0,cluster_12013799525_12013799526_2496228894,2,2,15
4583.0,cluster_12013799527_12013799528_2190601967,0,0,15
4583.0,cluster_12013799529_12013799530_473195061,0,2,15
4584.0,2496228891,4,0,23
4584.0,cluster_12013799527_12013799528_2190601967,0,0,15
4584.0,cluster_12013799529_12013799530_473195061,0,2,15
4585.0,2496228891,4,0,21
4585.0,cluster_12013799527_12013799528_2190601967,0,0,15
4585.0,cluster_12013799529_12013799530_473195061,0,2,15
4586.0,2496228891,4,0,21
4586.0,cluster_12013799527_12013799528_2190601967,0,0,15
4586.0,cluster_12013799529_12013799530_473195061,0,2,15
4587.0,2496228891,2,0,15
4587.0,cluster_12013799525_12013799526_2496228894,0,0,15
4587.0,cluster_12013799527_12013799528_2190601967,0,0,15
4587.0,cluster_12013799529_12013799530_473195061,0,2,15
4588.0,2496228891,1,0,15
4588.0,cluster_12013799525_12013799526_2496228894,0,0,15
4588.0,cluster_12013799527_12013799528_2190601967,0,0,15
4588.0,cluster_12013799529_12013799530_473195061,0,2,15
4589.0,2496228891,2,0,15
4589.0,cluster_12013799525_12013799526_2496228894,0,0,15
4589.0,cluster_12013799527_12013799528_2190601967,0,0,15
4589.0,cluster_12013799529_12013799530_473195061,0,2,15
4590.0,2496228891,1,0,15
4590.0,cluster_12013799525_12013799526_2496228894,0,0,15
4590.0,cluster_12013799527_12013799528_2190601967,0,0,15
4590.0,cluster_12013799529_12013799530_473195061,0,2,15
4591.0,2496228891,2,0,15
4591.0,cluster_12013799525_12013799526_2496228894,0,0,15
4591.0,cluster_12013799527_12013799528_2190601967,0,0,15
4591.0,cluster_12013799529_12013799530_473195061,0,2,15
4592.0,cluster_12013799525_12013799526_2496228894,0,0,15
4592.0,cluster_12013799527_12013799528_2190601967,0,0,15
4592.0,cluster_12013799529_12013799530_473195061,0,2,15
4593.0,cluster_12013799525_12013799526_2496228894,0,0,15
4594.0,cluster_12013799525_12013799526_2496228894,0,0,15
4595.0,2496228891,0,2,15
4595.0,cluster_12013799525_12013799526_2496228894,0,0,15
4596.0,2496228891,0,2,15
4596.0,cluster_12013799525_12013799526_2496228894,0,0,15
4596.0,cluster_12013799527_12013799528_2190601967,0,2,15
4596.0,cluster_12013799529_12013799530_473195061,0,0,15
4597.0,2496228891,0,2,15
4597.0,cluster_12013799525_12013799526_2496228894,0,0,15
4597.0,cluster_12013799527_12013799528_2190601967,0,2,15
4597.0,cluster_12013799529_12013799530_473195061,0,0,15
4598.0,2496228891,0,2,15
4598.0,cluster_12013799525_12013799526_2496228894,0,0,15
4598.0,cluster_12013799527_12013799528_2190601967,0,2,15
4598.0,cluster_12013799529_12013799530_473195061,0,0,15
4599.0,2496228891,0,2,15
4599.0,cluster_12013799525_12013799526_2496228894,0,0,15
4599.0,cluster_12013799527_12013799528_2190601967,0,2,15
4599.0,cluster_12013799529_12013799530_473195061,0,0,15
4600.0,2496228891,0,2,15
4600.0,cluster_12013799525_12013799526_2496228894,0,0,15
4600.0,cluster_12013799527_12013799528_2190601967,0,2,15
4600.0,cluster_12013799529_12013799530_473195061,0,0,15
4601.0,2496228891,1,2,15
4601.0,cluster_12013799525_12013799526_2496228894,1,0,15
4601.0,cluster_12013799527_12013799528_2190601967,1,2,15
4601.0,cluster_12013799529_12013799530_473195061,1,0,15
4602.0,2496228891,1,2,15
4602.0,cluster_12013799525_12013799526_2496228894,1,0,15
4602.0,cluster_12013799527_12013799528_2190601967,1,2,15
4602.0,cluster_12013799529_12013799530_473195061,1,0,15
4603.0,2496228891,1,2,15
4603.0,cluster_12013799527_12013799528_2190601967,1,2,15
4603.0,cluster_12013799529_12013799530_473195061,1,0,15
4604.0,2496228891,1,2,15
4604.0,cluster_12013799527_12013799528_2190601967,1,2,15
4604.0,cluster_12013799529_12013799530_473195061,1,0,15
4605.0,2496228891,2,2,15
4605.0,cluster_12013799527_12013799528_2190601967,2,2,15
4605.0,cluster_12013799529_12013799530_473195061,2,0,15
4606.0,2496228891,2,2,15
4606.0,cluster_12013799525_12013799526_2496228894,4,2,21
4606.0,cluster_12013799527_12013799528_2190601967,2,2,15
4606.0,cluster_12013799529_12013799530_473195061,2,0,15
4607.0,2496228891,2,2,15
4607.0,cluster_12013799525_12013799526_2496228894,4,2,21
4607.0,cluster_12013799527_12013799528_2190601967,2,2,15
4607.0,cluster_12013799529_12013799530_473195061,2,0,15
4608.0,2496228891,2,2,15
4608.0,cluster_12013799525_12013799526_2496228894,4,2,21
4608.0,cluster_12013799527_12013799528_2190601967,2,2,15
4608.0,cluster_12013799529_12013799530_473195061,2,0,15
4609.0,2496228891,2,2,15
4609.0,cluster_12013799525_12013799526_2496228894,4,2,21
4609.0,cluster_12013799527_12013799528_2190601967,3,2,15
4609.0,cluster_12013799529_12013799530_473195061,3,0,15
4610.0,2496228891,3,2,15
4610.0,cluster_12013799525_12013799526_2496228894,3,2,15
4610.0,cluster_12013799527_12013799528_2190601967,3,2,15
4610.0,cluster_12013799529_12013799530_473195061,3,0,15
4611.0,cluster_12013799525_12013799526_2496228894,3,2,15
4611.0,cluster_12013799527_12013799528_2190601967,4,2,23
4611.0,cluster_12013799529_12013799530_473195061,3,0,15
4612.0,cluster_12013799525_12013799526_2496228894,3,2,15
4613.0,cluster_12013799525_12013799526_2496228894,3,2,15
4614.0,2496228891,4,0,22
4614.0,cluster_12013799525_12013799526_2496228894,3,2,15
4615.0,2496228891,4,0,21
4615.0,cluster_12013799525_12013799526_2496228894,3,2,15
4615.0,cluster_12013799527_12013799528_2190601967,4,0,21
4615.0,cluster_12013799529_12013799530_473195061,4,2,21
4616.0,2496228891,4,0,21
4616.0,cluster_12013799525_12013799526_2496228894,2,2,15
4616.0,cluster_12013799527_12013799528_2190601967,3,0,15
4616.0,cluster_12013799529_12013799530_473195061,3,2,15
4617.0,2496228891,5,0,23
4617.0,cluster_12013799525_12013799526_2496228894,4,2,23
4617.0,cluster_12013799527_12013799528_2190601967,4,0,23
4617.0,cluster_12013799529_12013799530_473195061,4,2,21
4618.0,2496228891,5,0,21
4618.0,cluster_12013799525_12013799526_2496228894,4,2,23
4618.0,cluster_12013799527_12013799528_2190601967,4,0,21
4618.0,cluster_12013799529_12013799530_473195061,4,2,21
4619.0,2496228891,5,0,21
4619.0,cluster_12013799525_12013799526_2496228894,4,2,21
4619.0,cluster_12013799527_12013799528_2190601967,4,0,21
4619.0,cluster_12013799529_12013799530_473195061,4,2,21
4620.0,2496228891,5,0,21
4620.0,cluster_12013799525_12013799526_2496228894,4,2,21
4620.0,cluster_12013799527_12013799528_2190601967,4,0,21
4620.0,cluster_12013799529_12013799530_473195061,4,2,21
4621.0,2496228891,5,0,21
4621.0,cluster_12013799525_12013799526_2496228894,4,2,21
4621.0,cluster_12013799527_12013799528_2190601967,5,0,23
4621.0,cluster_12013799529_12013799530_473195061,5,2,21
4622.0,2496228891,5,0,21
4622.0,cluster_12013799525_12013799526_2496228894,4,2,21
4622.0,cluster_12013799527_12013799528_2190601967,4,0,21
4622.0,cluster_12013799529_12013799530_473195061,4,2,21
4623.0,2496228891,5,0,21
4623.0,cluster_12013799525_12013799526_2496228894,4,2,21
4623.0,cluster_12013799527_12013799528_2190601967,4,0,21
4623.0,cluster_12013799529_12013799530_473195061,4,2,21
4624.0,2496228891,5,0,21
4624.0,cluster_12013799525_12013799526_2496228894,4,2,21
4624.0,cluster_12013799527_12013799528_2190601967,4,0,21
4624.0,cluster_12013799529_12013799530_473195061,4,2,21
4625.0,2496228891,5,0,21
4625.0,cluster_12013799525_12013799526_2496228894,4,2,21
4625.0,cluster_12013799527_12013799528_2190601967,5,0,23
4625.0,cluster_12013799529_12013799530_473195061,6,2,23
4626.0,2496228891,5,0,21
4626.0,cluster_12013799525_12013799526_2496228894,4,2,21
4626.0,cluster_12013799527_12013799528_2190601967,4,0,21
4626.0,cluster_12013799529_12013799530_473195061,5,2,21
4627.0,2496228891,5,0,21
4627.0,cluster_12013799525_12013799526_2496228894,4,2,21
4627.0,cluster_12013799527_12013799528_2190601967,4,0,21
4627.0,cluster_12013799529_12013799530_473195061,5,2,21
4628.0,2496228891,5,0,21
4628.0,cluster_12013799527_12013799528_2190601967,4,0,21
4628.0,cluster_12013799529_12013799530_473195061,6,2,23
4629.0,2496228891,5,0,21
4629.0,cluster_12013799527_12013799528_2190601967,4,0,21
4629.0,cluster_12013799529_12013799530_473195061,6,2,21
4630.0,2496228891,5,0,21
4630.0,cluster_12013799527_12013799528_2190601967,3,0,15
4630.0,cluster_12013799529_12013799530_473195061,5,2,21
4631.0,2496228891,5,0,21
4631.0,cluster_12013799525_12013799526_2496228894,4,0,21
4631.0,cluster_12013799527_12013799528_2190601967,3,0,15
4631.0,cluster_12013799529_12013799530_473195061,5,2,21
4632.0,2496228891,5,0,21
4632.0,cluster_12013799525_12013799526_2496228894,3,0,15
4632.0,cluster_12013799527_12013799528_2190601967,3,0,15
4632.0,cluster_12013799529_12013799530_473195061,5,2,21
4633.0,2496228891,5,0,21
4633.0,cluster_12013799525_12013799526_2496228894,3,0,15
4633.0,cluster_12013799527_12013799528_2190601967,3,0,15
4633.0,cluster_12013799529_12013799530_473195061,6,2,23
4634.0,2496228891,5,0,21
4634.0,cluster_12013799525_12013799526_2496228894,3,0,15
4634.0,cluster_12013799527_12013799528_2190601967,3,0,15
4634.0,cluster_12013799529_12013799530_473195061,6,2,21
4635.0,2496228891,5,0,21
4635.0,cluster_12013799525_12013799526_2496228894,3,0,15
4635.0,cluster_12013799527_12013799528_2190601967,2,0,15
4635.0,cluster_12013799529_12013799530_473195061,4,2,21
4636.0,2496228891,5,0,21
4636.0,cluster_12013799525_12013799526_2496228894,2,0,15
4636.0,cluster_12013799527_12013799528_2190601967,2,0,15
4636.0,cluster_12013799529_12013799530_473195061,4,2,21
4637.0,cluster_12013799525_12013799526_2496228894,2,0,15
4638.0,cluster_12013799525_12013799526_2496228894,2,0,15
4639.0,cluster_12013799525_12013799526_2496228894,1,0,15
4640.0,2496228891,2,2,15
4640.0,cluster_12013799525_12013799526_2496228894,1,0,15
4640.0,cluster_12013799527_12013799528_2190601967,3,2,15
4640.0,cluster_12013799529_12013799530_473195061,5,0,21
4641.0,2496228891,2,2,15
4641.0,cluster_12013799525_12013799526_2496228894,0,0,15
4641.0,cluster_12013799527_12013799528_2190601967,2,2,15
4641.0,cluster_12013799529_12013799530_473195061,4,0,21
4642.0,2496228891,2,2,15
4642.0,cluster_12013799525_12013799526_2496228894,0,0,15
4642.0,cluster_12013799527_12013799528_2190601967,3,2,15
4642.0,cluster_12013799529_12013799530_473195061,4,0,21
4643.0,2496228891,2,2,15
4643.0,cluster_12013799525_12013799526_2496228894,0,0,15
4643.0,cluster_12013799527_12013799528_2190601967,2,2,15
4643.0,cluster_12013799529_12013799530_473195061,4,0,21
4644.0,2496228891,1,2,15
4644.0,cluster_12013799525_12013799526_2496228894,0,0,15
4644.0,cluster_12013799527_12013799528_2190601967,4,2,23
4644.0,cluster_12013799529_12013799530_473195061,4,0,21
4645.0,2496228891,1,2,15
4645.0,cluster_12013799525_12013799526_2496228894,0,0,15
4645.0,cluster_12013799527_12013799528_2190601967,4,2,21
4645.0,cluster_12013799529_12013799530_473195061,3,0,15
4646.0,2496228891,1,2,15
4646.0,cluster_12013799525_12013799526_2496228894,0,0,15
4646.0,cluster_12013799527_12013799528_2190601967,4,2,23
4646.0,cluster_12013799529_12013799530_473195061,3,0,15
4647.0,2496228891,0,2,15
4647.0,cluster_12013799525_12013799526_2496228894,0,0,15
4647.0,cluster_12013799527_12013799528_2190601967,4,2,21
4647.0,cluster_12013799529_12013799530_473195061,3,0,15
4648.0,2496228891,0,2,15
4648.0,cluster_12013799525_12013799526_2496228894,0,0,15
4648.0,cluster_12013799527_12013799528_2190601967,2,2,15
4648.0,cluster_12013799529_12013799530_473195061,2,0,15
4649.0,2496228891,0,2,15
4649.0,cluster_12013799525_12013799526_2496228894,0,0,15
4649.0,cluster_12013799527_12013799528_2190601967,3,2,15
4649.0,cluster_12013799529_12013799530_473195061,2,0,15
4650.0,2496228891,0,2,15
4650.0,cluster_12013799525_12013799526_2496228894,0,0,15
4650.0,cluster_12013799527_12013799528_2190601967,3,2,15
4650.0,cluster_12013799529_12013799530_473195061,1,0,15
4651.0,2496228891,0,2,15
4651.0,cluster_12013799525_12013799526_2496228894,0,0,15
4651.0,cluster_12013799527_12013799528_2190601967,2,2,15
4651.0,cluster_12013799529_12013799530_473195061,1,0,15
4652.0,2496228891,0,2,15
4652.0,cluster_12013799525_12013799526_2496228894,0,0,15
4652.0,cluster_12013799527_12013799528_2190601967,2,2,15
4652.0,cluster_12013799529_12013799530_473195061,0,0,15
4653.0,2496228891,0,2,15
4653.0,cluster_12013799527_12013799528_2190601967,2,2,15
4653.0,cluster_12013799529_12013799530_473195061,0,0,15
4654.0,2496228891,0,2,15
4654.0,cluster_12013799527_12013799528_2190601967,1,2,15
4654.0,cluster_12013799529_12013799530_473195061,0,0,15
4655.0,2496228891,0,2,15
4655.0,cluster_12013799527_12013799528_2190601967,1,2,15
4655.0,cluster_12013799529_12013799530_473195061,0,0,15
4656.0,cluster_12013799525_12013799526_2496228894,2,2,15
4656.0,cluster_12013799529_12013799530_473195061,0,0,15
4657.0,cluster_12013799525_12013799526_2496228894,1,2,15
4657.0,cluster_12013799529_12013799530_473195061,0,0,15
4658.0,cluster_12013799525_12013799526_2496228894,1,2,15
4658.0,cluster_12013799529_12013799530_473195061,0,0,15
4659.0,2496228891,2,0,15
4659.0,cluster_12013799525_12013799526_2496228894,0,2,15
4659.0,cluster_12013799527_12013799528_2190601967,1,0,15
4659.0,cluster_12013799529_12013799530_473195061,0,0,15
4660.0,2496228891,2,0,15
4660.0,cluster_12013799525_12013799526_2496228894,0,2,15
4660.0,cluster_12013799527_12013799528_2190601967,1,0,15
4660.0,cluster_12013799529_12013799530_473195061,0,0,15
4661.0,2496228891,2,0,15
4661.0,cluster_12013799525_12013799526_2496228894,0,2,15
4661.0,cluster_12013799527_12013799528_2190601967,1,0,15
4661.0,cluster_12013799529_12013799530_473195061,0,0,15
4662.0,2496228891,2,0,15
4662.0,cluster_12013799525_12013799526_2496228894,0,2,15
4662.0,cluster_12013799527_12013799528_2190601967,1,0,15
4663.0,2496228891,2,0,15
4663.0,cluster_12013799525_12013799526_2496228894,1,2,15
4663.0,cluster_12013799527_12013799528_2190601967,0,0,15
4664.0,2496228891,2,0,15
4664.0,cluster_12013799525_12013799526_2496228894,1,2,15
4664.0,cluster_12013799527_12013799528_2190601967,0,0,15
4665.0,2496228891,1,0,15
4665.0,cluster_12013799525_12013799526_2496228894,1,2,15
4665.0,cluster_12013799527_12013799528_2190601967,0,0,15
4665.0,cluster_12013799529_12013799530_473195061,6,2,21
4666.0,2496228891,1,0,15
4666.0,cluster_12013799525_12013799526_2496228894,1,2,15
4666.0,cluster_12013799527_12013799528_2190601967,0,0,15
4666.0,cluster_12013799529_12013799530_473195061,5,2,21
4667.0,2496228891,1,0,15
4667.0,cluster_12013799525_12013799526_2496228894,2,2,15
4667.0,cluster_12013799527_12013799528_2190601967,0,0,15
4667.0,cluster_12013799529_12013799530_473195061,6,2,23
4668.0,2496228891,1,0,15
4668.0,cluster_12013799525_12013799526_2496228894,2,2,15
4668.0,cluster_12013799527_12013799528_2190601967,0,0,15
4668.0,cluster_12013799529_12013799530_473195061,6,2,21
4669.0,2496228891,0,0,15
4669.0,cluster_12013799525_12013799526_2496228894,2,2,15
4669.0,cluster_12013799527_12013799528_2190601967,0,0,15
4669.0,cluster_12013799529_12013799530_473195061,5,2,21
4670.0,2496228891,0,0,15
4670.0,cluster_12013799525_12013799526_2496228894,2,2,15
4670.0,cluster_12013799527_12013799528_2190601967,0,0,15
4670.0,cluster_12013799529_12013799530_473195061,5,2,21
4671.0,2496228891,2,0,15
4671.0,cluster_12013799525_12013799526_2496228894,3,2,15
4671.0,cluster_12013799527_12013799528_2190601967,0,0,15
4671.0,cluster_12013799529_12013799530_473195061,5,2,21
4672.0,2496228891,2,0,15
4672.0,cluster_12013799527_12013799528_2190601967,0,0,15
4672.0,cluster_12013799529_12013799530_473195061,4,2,21
4673.0,2496228891,2,0,15
4673.0,cluster_12013799527_12013799528_2190601967,0,0,15
4673.0,cluster_12013799529_12013799530_473195061,4,2,21
4674.0,2496228891,2,0,15
4674.0,cluster_12013799527_12013799528_2190601967,0,0,15
4674.0,cluster_12013799529_12013799530_473195061,3,2,15
4675.0,cluster_12013799525_12013799526_2496228894,0,0,15
4675.0,cluster_12013799529_12013799530_473195061,2,2,15
4676.0,cluster_12013799525_12013799526_2496228894,0,0,15
4676.0,cluster_12013799529_12013799530_473195061,2,2,15
4677.0,cluster_12013799525_12013799526_2496228894,0,0,15
4677.0,cluster_12013799529_12013799530_473195061,1,2,15
4678.0,2496228891,0,2,15
4678.0,cluster_12013799525_12013799526_2496228894,0,0,15
4678.0,cluster_12013799527_12013799528_2190601967,0,2,15
4678.0,cluster_12013799529_12013799530_473195061,1,2,15
4679.0,2496228891,0,2,15
4679.0,cluster_12013799525_12013799526_2496228894,0,0,15
4679.0,cluster_12013799527_12013799528_2190601967,0,2,15
4679.0,cluster_12013799529_12013799530_473195061,0,2,15
4680.0,2496228891,0,2,15
4680.0,cluster_12013799525_12013799526_2496228894,0,0,15
4680.0,cluster_12013799527_12013799528_2190601967,0,2,15
4680.0,cluster_12013799529_12013799530_473195061,0,2,15
4681.0,2496228891,0,2,15
4681.0,cluster_12013799525_12013799526_2496228894,0,0,15
4681.0,cluster_12013799527_12013799528_2190601967,0,2,15
4681.0,cluster_12013799529_12013799530_473195061,0,2,15
4682.0,2496228891,0,2,15
4682.0,cluster_12013799525_12013799526_2496228894,0,0,15
4682.0,cluster_12013799527_12013799528_2190601967,0,2,15
4682.0,cluster_12013799529_12013799530_473195061,1,2,15
4683.0,2496228891,0,2,15
4683.0,cluster_12013799525_12013799526_2496228894,0,0,15
4683.0,cluster_12013799527_12013799528_2190601967,0,2,15
4683.0,cluster_12013799529_12013799530_473195061,1,2,15
4684.0,2496228891,0,2,15
4684.0,cluster_12013799525_12013799526_2496228894,0,0,15
4684.0,cluster_12013799527_12013799528_2190601967,0,2,15
4684.0,cluster_12013799529_12013799530_473195061,1,2,15
4685.0,2496228891,0,2,15
4685.0,cluster_12013799525_12013799526_2496228894,0,0,15
4685.0,cluster_12013799527_12013799528_2190601967,0,2,15
4685.0,cluster_12013799529_12013799530_473195061,1,2,15
4686.0,2496228891,0,2,15
4686.0,cluster_12013799525_12013799526_2496228894,0,0,15
4686.0,cluster_12013799527_12013799528_2190601967,0,2,15
4686.0,cluster_12013799529_12013799530_473195061,1,2,15
4687.0,2496228891,0,2,15
4687.0,cluster_12013799525_12013799526_2496228894,0,0,15
4687.0,cluster_12013799527_12013799528_2190601967,0,2,15
4688.0,2496228891,0,2,15
4688.0,cluster_12013799525_12013799526_2496228894,0,0,15
4688.0,cluster_12013799527_12013799528_2190601967,0,2,15
4689.0,2496228891,0,2,15
4689.0,cluster_12013799525_12013799526_2496228894,0,0,15
4689.0,cluster_12013799527_12013799528_2190601967,0,2,15
4690.0,2496228891,0,2,15
4690.0,cluster_12013799525_12013799526_2496228894,0,0,15
4690.0,cluster_12013799527_12013799528_2190601967,0,2,15
4690.0,cluster_12013799529_12013799530_473195061,0,0,15
4691.0,2496228891,0,2,15
4691.0,cluster_12013799527_12013799528_2190601967,0,2,15
4691.0,cluster_12013799529_12013799530_473195061,0,0,15
4692.0,2496228891,0,2,15
4692.0,cluster_12013799527_12013799528_2190601967,0,2,15
4692.0,cluster_12013799529_12013799530_473195061,0,0,15
4693.0,2496228891,0,2,15
4693.0,cluster_12013799527_12013799528_2190601967,0,2,15
4693.0,cluster_12013799529_12013799530_473195061,0,0,15
4694.0,cluster_12013799525_12013799526_2496228894,1,2,15
4694.0,cluster_12013799529_12013799530_473195061,0,0,15
4695.0,cluster_12013799525_12013799526_2496228894,0,2,15
4695.0,cluster_12013799529_12013799530_473195061,0,0,15
4696.0,cluster_12013799525_12013799526_2496228894,0,2,15
4696.0,cluster_12013799529_12013799530_473195061,0,0,15
4697.0,2496228891,3,0,15
4697.0,cluster_12013799525_12013799526_2496228894,0,2,15
4697.0,cluster_12013799527_12013799528_2190601967,0,0,15
4697.0,cluster_12013799529_12013799530_473195061,0,0,15
4698.0,2496228891,3,0,15
4698.0,cluster_12013799525_12013799526_2496228894,0,2,15
4698.0,cluster_12013799527_12013799528_2190601967,0,0,15
4698.0,cluster_12013799529_12013799530_473195061,0,0,15
4699.0,2496228891,3,0,15
4699.0,cluster_12013799525_12013799526_2496228894,0,2,15
4699.0,cluster_12013799527_12013799528_2190601967,0,0,15
4699.0,cluster_12013799529_12013799530_473195061,0,0,15
4700.0,2496228891,3,0,15
4700.0,cluster_12013799525_12013799526_2496228894,1,2,15
4700.0,cluster_12013799527_12013799528_2190601967,0,0,15
4700.0,cluster_12013799529_12013799530_473195061,0,0,15
4701.0,2496228891,3,0,15
4701.0,cluster_12013799525_12013799526_2496228894,2,2,15
4701.0,cluster_12013799527_12013799528_2190601967,1,0,15
4701.0,cluster_12013799529_12013799530_473195061,1,0,15
4702.0,2496228891,2,0,15
4702.0,cluster_12013799525_12013799526_2496228894,2,2,15
4702.0,cluster_12013799527_12013799528_2190601967,1,0,15
4702.0,cluster_12013799529_12013799530_473195061,1,0,15
4703.0,2496228891,2,0,15
4703.0,cluster_12013799525_12013799526_2496228894,3,2,15
4703.0,cluster_12013799527_12013799528_2190601967,1,0,15
4703.0,cluster_12013799529_12013799530_473195061,1,0,15
4704.0,2496228891,1,0,15
4704.0,cluster_12013799525_12013799526_2496228894,3,2,15
4704.0,cluster_12013799527_12013799528_2190601967,2,0,15
4704.0,cluster_12013799529_12013799530_473195061,1,0,15
4705.0,2496228891,2,0,15
4705.0,cluster_12013799525_12013799526_2496228894,4,2,23
4705.0,cluster_12013799527_12013799528_2190601967,2,0,15
4705.0,cluster_12013799529_12013799530_473195061,2,0,15
4706.0,2496228891,2,0,15
4706.0,cluster_12013799525_12013799526_2496228894,5,2,23
4706.0,cluster_12013799527_12013799528_2190601967,2,0,15
4707.0,2496228891,2,0,15
4707.0,cluster_12013799525_12013799526_2496228894,5,2,21
4707.0,cluster_12013799527_12013799528_2190601967,2,0,15
4708.0,2496228891,2,0,15
4708.0,cluster_12013799525_12013799526_2496228894,5,2,21
4708.0,cluster_12013799527_12013799528_2190601967,2,0,15
4709.0,2496228891,3,0,15
4709.0,cluster_12013799525_12013799526_2496228894,5,2,21
4709.0,cluster_12013799527_12013799528_2190601967,3,0,15
4709.0,cluster_12013799529_12013799530_473195061,3,2,15
4710.0,2496228891,3,0,15
4710.0,cluster_12013799527_12013799528_2190601967,3,0,15
4710.0,cluster_12013799529_12013799530_473195061,3,2,15
4711.0,2496228891,3,0,15
4711.0,cluster_12013799527_12013799528_2190601967,3,0,15
4711.0,cluster_12013799529_12013799530_473195061,3,2,15
4712.0,2496228891,3,0,15
4712.0,cluster_12013799527_12013799528_2190601967,3,0,15
4712.0,cluster_12013799529_12013799530_473195061,3,2,15
4713.0,cluster_12013799525_12013799526_2496228894,3,0,15
4713.0,cluster_12013799529_12013799530_473195061,4,2,23
4714.0,cluster_12013799525_12013799526_2496228894,3,0,15
4714.0,cluster_12013799529_12013799530_473195061,4,2,21
4715.0,cluster_12013799525_12013799526_2496228894,3,0,15
4715.0,cluster_12013799529_12013799530_473195061,4,2,21
4716.0,2496228891,3,2,15
4716.0,cluster_12013799525_12013799526_2496228894,3,0,15
4716.0,cluster_12013799527_12013799528_2190601967,4,2,21
4716.0,cluster_12013799529_12013799530_473195061,4,2,21
4717.0,2496228891,3,2,15
4717.0,cluster_12013799525_12013799526_2496228894,2,0,15
4717.0,cluster_12013799527_12013799528_2190601967,2,2,15
4717.0,cluster_12013799529_12013799530_473195061,5,2,23
4718.0,2496228891,2,2,15
4718.0,cluster_12013799525_12013799526_2496228894,2,0,15
4718.0,cluster_12013799527_12013799528_2190601967,2,2,15
4718.0,cluster_12013799529_12013799530_473195061,5,2,21
4719.0,2496228891,3,2,15
4719.0,cluster_12013799525_12013799526_2496228894,2,0,15
4719.0,cluster_12013799527_12013799528_2190601967,3,2,15
4719.0,cluster_12013799529_12013799530_473195061,5,2,21
4720.0,2496228891,2,2,15
4720.0,cluster_12013799525_12013799526_2496228894,1,0,15
4720.0,cluster_12013799527_12013799528_2190601967,2,2,15
4720.0,cluster_12013799529_12013799530_473195061,5,2,21
4721.0,2496228891,2,2,15
4721.0,cluster_12013799525_12013799526_2496228894,1,0,15
4721.0,cluster_12013799527_12013799528_2190601967,2,2,15
4721.0,cluster_12013799529_12013799530_473195061,6,2,23
4722.0,2496228891,1,2,15
4722.0,cluster_12013799525_12013799526_2496228894,1,0,15
4722.0,cluster_12013799527_12013799528_2190601967,3,2,15
4722.0,cluster_12013799529_12013799530_473195061,6,2,21
4723.0,2496228891,1,2,15
4723.0,cluster_12013799525_12013799526_2496228894,0,0,15
4723.0,cluster_12013799527_12013799528_2190601967,2,2,15
4723.0,cluster_12013799529_12013799530_473195061,6,2,21
4724.0,2496228891,1,2,15
4724.0,cluster_12013799525_12013799526_2496228894,0,0,15
4724.0,cluster_12013799527_12013799528_2190601967,3,2,15
4724.0,cluster_12013799529_12013799530_473195061,6,2,21
4725.0,2496228891,1,2,15
4725.0,cluster_12013799525_12013799526_2496228894,0,0,15
4725.0,cluster_12013799527_12013799528_2190601967,3,2,15
4726.0,2496228891,0,2,15
4726.0,cluster_12013799525_12013799526_2496228894,0,0,15
4726.0,cluster_12013799527_12013799528_2190601967,4,2,23
4727.0,2496228891,0,2,15
4727.0,cluster_12013799525_12013799526_2496228894,0,0,15
4727.0,cluster_12013799527_12013799528_2190601967,4,2,21
4728.0,2496228891,0,2,15
4728.0,cluster_12013799525_12013799526_2496228894,0,0,15
4728.0,cluster_12013799527_12013799528_2190601967,3,2,15
4728.0,cluster_12013799529_12013799530_473195061,4,0,21
4729.0,2496228891,0,2,15
4729.0,cluster_12013799527_12013799528_2190601967,3,2,15
4729.0,cluster_12013799529_12013799530_473195061,4,0,21
4730.0,2496228891,0,2,15
4730.0,cluster_12013799527_12013799528_2190601967,3,2,15
4730.0,cluster_12013799529_12013799530_473195061,4,0,21
4731.0,2496228891,0,2,15
4731.0,cluster_12013799527_12013799528_2190601967,2,2,15
4731.0,cluster_12013799529_12013799530_473195061,4,0,21
4732.0,cluster_12013799525_12013799526_2496228894,3,2,15
4732.0,cluster_12013799527_12013799528_2190601967,3,2,15
4732.0,cluster_12013799529_12013799530_473195061,4,0,21
4733.0,cluster_12013799525_12013799526_2496228894,3,2,15
4733.0,cluster_12013799527_12013799528_2190601967,3,2,15
4733.0,cluster_12013799529_12013799530_473195061,3,0,15
4734.0,cluster_12013799525_12013799526_2496228894,2,2,15
4734.0,cluster_12013799527_12013799528_2190601967,2,2,15
4734.0,cluster_12013799529_12013799530_473195061,3,0,15
4735.0,2496228891,4,0,21
4735.0,cluster_12013799525_12013799526_2496228894,1,2,15
4735.0,cluster_12013799527_12013799528_2190601967,2,2,15
4735.0,cluster_12013799529_12013799530_473195061,2,0,15
4736.0,2496228891,6,0,23
4736.0,cluster_12013799525_12013799526_2496228894,1,2,15
4736.0,cluster_12013799527_12013799528_2190601967,2,2,15
4736.0,cluster_12013799529_12013799530_473195061,2,0,15
4737.0,2496228891,6,0,21
4737.0,cluster_12013799525_12013799526_2496228894,1,2,15
4737.0,cluster_12013799527_12013799528_2190601967,1,2,15
4737.0,cluster_12013799529_12013799530_473195061,2,0,15
4738.0,2496228891,5,0,21
4738.0,cluster_12013799525_12013799526_2496228894,0,2,15
4738.0,cluster_12013799529_12013799530_473195061,1,0,15
4739.0,2496228891,3,0,15
4739.0,cluster_12013799525_12013799526_2496228894,0,2,15
4739.0,cluster_12013799529_12013799530_473195061,1,0,15
4740.0,2496228891,3,0,15
4740.0,cluster_12013799525_12013799526_2496228894,0,2,15
4740.0,cluster_12013799529_12013799530_473195061,0,0,15
4741.0,2496228891,1,0,15
4741.0,cluster_12013799525_12013799526_2496228894,0,2,15
4741.0,cluster_12013799527_12013799528_2190601967,7,0,21
4741.0,cluster_12013799529_12013799530_473195061,0,0,15
4742.0,2496228891,2,0,15
4742.0,cluster_12013799525_12013799526_2496228894,0,2,15
4742.0,cluster_12013799527_12013799528_2190601967,6,0,21
4742.0,cluster_12013799529_12013799530_473195061,0,0,15
4743.0,2496228891,2,0,15
4743.0,cluster_12013799525_12013799526_2496228894,0,2,15
4743.0,cluster_12013799527_12013799528_2190601967,6,0,21
4743.0,cluster_12013799529_12013799530_473195061,0,0,15
4744.0,2496228891,3,0,15
4744.0,cluster_12013799525_12013799526_2496228894,0,2,15
4744.0,cluster_12013799527_12013799528_2190601967,6,0,21
4744.0,cluster_12013799529_12013799530_473195061,0,0,15
4745.0,2496228891,3,0,15
4745.0,cluster_12013799525_12013799526_2496228894,0,2,15
4745.0,cluster_12013799527_12013799528_2190601967,6,0,21
4745.0,cluster_12013799529_12013799530_473195061,0,0,15
4746.0,2496228891,2,0,15
4746.0,cluster_12013799525_12013799526_2496228894,0,2,15
4746.0,cluster_12013799527_12013799528_2190601967,5,0,21
4746.0,cluster_12013799529_12013799530_473195061,0,0,15
4747.0,2496228891,3,0,15
4747.0,cluster_12013799525_12013799526_2496228894,0,2,15
4747.0,cluster_12013799527_12013799528_2190601967,5,0,21
4747.0,cluster_12013799529_12013799530_473195061,0,0,15
4748.0,2496228891,3,0,15
4748.0,cluster_12013799527_12013799528_2190601967,5,0,21
4748.0,cluster_12013799529_12013799530_473195061,0,0,15
4749.0,2496228891,3,0,15
4749.0,cluster_12013799527_12013799528_2190601967,4,0,21
4749.0,cluster_12013799529_12013799530_473195061,0,0,15
4750.0,2496228891,2,0,15
4750.0,cluster_12013799527_12013799528_2190601967,4,0,21
4751.0,2496228891,2,0,15
4751.0,cluster_12013799525_12013799526_2496228894,0,0,15
4751.0,cluster_12013799527_12013799528_2190601967,3,0,15
4752.0,2496228891,2,0,15
4752.0,cluster_12013799525_12013799526_2496228894,0,0,15
4752.0,cluster_12013799527_12013799528_2190601967,3,0,15
4753.0,2496228891,1,0,15
4753.0,cluster_12013799525_12013799526_2496228894,0,0,15
4753.0,cluster_12013799527_12013799528_2190601967,2,0,15
4753.0,cluster_12013799529_12013799530_473195061,7,2,21
4754.0,2496228891,1,0,15
4754.0,cluster_12013799525_12013799526_2496228894,0,0,15
4754.0,cluster_12013799527_12013799528_2190601967,2,0,15
4754.0,cluster_12013799529_12013799530_473195061,6,2,21
4755.0,2496228891,0,0,15
4755.0,cluster_12013799525_12013799526_2496228894,0,0,15
4755.0,cluster_12013799527_12013799528_2190601967,1,0,15
4755.0,cluster_12013799529_12013799530_473195061,5,2,21
4756.0,2496228891,0,0,15
4756.0,cluster_12013799525_12013799526_2496228894,0,0,15
4756.0,cluster_12013799527_12013799528_2190601967,1,0,15
4756.0,cluster_12013799529_12013799530_473195061,6,2,23
4757.0,cluster_12013799525_12013799526_2496228894,0,0,15
4757.0,cluster_12013799527_12013799528_2190601967,1,0,15
4757.0,cluster_12013799529_12013799530_473195061,6,2,21
4758.0,cluster_12013799525_12013799526_2496228894,0,0,15
4758.0,cluster_12013799527_12013799528_2190601967,0,0,15
4758.0,cluster_12013799529_12013799530_473195061,5,2,23
4759.0,cluster_12013799525_12013799526_2496228894,0,0,15
4759.0,cluster_12013799527_12013799528_2190601967,0,0,15
4759.0,cluster_12013799529_12013799530_473195061,4,2,21
4760.0,2496228891,0,2,15
4760.0,cluster_12013799525_12013799526_2496228894,0,0,15
4760.0,cluster_12013799527_12013799528_2190601967,0,0,15
4760.0,cluster_12013799529_12013799530_473195061,5,2,23
4761.0,2496228891,0,2,15
4761.0,cluster_12013799525_12013799526_2496228894,0,0,15
4761.0,cluster_12013799527_12013799528_2190601967,0,0,15
4761.0,cluster_12013799529_12013799530_473195061,4,2,21
4762.0,2496228891,0,2,15
4762.0,cluster_12013799525_12013799526_2496228894,0,0,15
4762.0,cluster_12013799527_12013799528_2190601967,0,0,15
4762.0,cluster_12013799529_12013799530_473195061,4,2,21
4763.0,2496228891,0,2,15
4763.0,cluster_12013799525_12013799526_2496228894,0,0,15
4763.0,cluster_12013799529_12013799530_473195061,4,2,21
4764.0,2496228891,0,2,15
4764.0,cluster_12013799525_12013799526_2496228894,0,0,15
4764.0,cluster_12013799529_12013799530_473195061,3,2,15
4765.0,2496228891,0,2,15
4765.0,cluster_12013799525_12013799526_2496228894,0,0,15
4765.0,cluster_12013799529_12013799530_473195061,3,2,15
4766.0,2496228891,0,2,15
4766.0,cluster_12013799525_12013799526_2496228894,0,0,15
4766.0,cluster_12013799527_12013799528_2190601967,1,2,15
4766.0,cluster_12013799529_12013799530_473195061,3,2,15
4767.0,2496228891,0,2,15
4767.0,cluster_12013799527_12013799528_2190601967,0,2,15
4767.0,cluster_12013799529_12013799530_473195061,2,2,15
4768.0,2496228891,0,2,15
4768.0,cluster_12013799527_12013799528_2190601967,0,2,15
4768.0,cluster_12013799529_12013799530_473195061,2,2,15
4769.0,2496228891,0,2,15
4769.0,cluster_12013799527_12013799528_2190601967,0,2,15
4769.0,cluster_12013799529_12013799530_473195061,1,2,15
4770.0,2496228891,0,2,15
4770.0,cluster_12013799525_12013799526_2496228894,1,2,15
4770.0,cluster_12013799527_12013799528_2190601967,0,2,15
4770.0,cluster_12013799529_12013799530_473195061,1,2,15
4771.0,2496228891,0,2,15
4771.0,cluster_12013799525_12013799526_2496228894,0,2,15
4771.0,cluster_12013799527_12013799528_2190601967,0,2,15
4771.0,cluster_12013799529_12013799530_473195061,1,2,15
4772.0,2496228891,0,2,15
4772.0,cluster_12013799525_12013799526_2496228894,0,2,15
4772.0,cluster_12013799527_12013799528_2190601967,0,2,15
4772.0,cluster_12013799529_12013799530_473195061,1,2,15
4773.0,2496228891,0,2,15
4773.0,cluster_12013799525_12013799526_2496228894,0,2,15
4773.0,cluster_12013799527_12013799528_2190601967,0,2,15
4773.0,cluster_12013799529_12013799530_473195061,1,2,15
4774.0,2496228891,0,2,15
4774.0,cluster_12013799525_12013799526_2496228894,0,2,15
4774.0,cluster_12013799527_12013799528_2190601967,0,2,15
4774.0,cluster_12013799529_12013799530_473195061,1,2,15
4775.0,2496228891,0,2,15
4775.0,cluster_12013799525_12013799526_2496228894,0,2,15
4775.0,cluster_12013799527_12013799528_2190601967,1,2,15
4776.0,cluster_12013799525_12013799526_2496228894,0,2,15
4776.0,cluster_12013799527_12013799528_2190601967,1,2,15
4777.0,cluster_12013799525_12013799526_2496228894,0,2,15
4777.0,cluster_12013799527_12013799528_2190601967,1,2,15
4778.0,cluster_12013799525_12013799526_2496228894,0,2,15
4778.0,cluster_12013799527_12013799528_2190601967,1,2,15
4778.0,cluster_12013799529_12013799530_473195061,0,0,15
4779.0,2496228891,5,0,21
4779.0,cluster_12013799525_12013799526_2496228894,0,2,15
4779.0,cluster_12013799527_12013799528_2190601967,1,2,15
4779.0,cluster_12013799529_12013799530_473195061,0,0,15
4780.0,2496228891,3,0,15
4780.0,cluster_12013799525_12013799526_2496228894,0,2,15
4780.0,cluster_12013799527_12013799528_2190601967,1,2,15
4780.0,cluster_12013799529_12013799530_473195061,0,0,15
4781.0,2496228891,3,0,15
4781.0,cluster_12013799525_12013799526_2496228894,0,2,15
4781.0,cluster_12013799527_12013799528_2190601967,1,2,15
4781.0,cluster_12013799529_12013799530_473195061,0,0,15
4782.0,2496228891,3,0,15
4782.0,cluster_12013799525_12013799526_2496228894,0,2,15
4782.0,cluster_12013799529_12013799530_473195061,0,0,15
4783.0,2496228891,1,0,15
4783.0,cluster_12013799525_12013799526_2496228894,1,2,15
4783.0,cluster_12013799529_12013799530_473195061,0,0,15
4784.0,2496228891,1,0,15
4784.0,cluster_12013799525_12013799526_2496228894,1,2,15
4784.0,cluster_12013799529_12013799530_473195061,0,0,15
4785.0,2496228891,1,0,15
4785.0,cluster_12013799525_12013799526_2496228894,2,2,15
4785.0,cluster_12013799527_12013799528_2190601967,0,0,15
4785.0,cluster_12013799529_12013799530_473195061,0,0,15
4786.0,2496228891,1,0,15
4786.0,cluster_12013799527_12013799528_2190601967,0,0,15
4786.0,cluster_12013799529_12013799530_473195061,0,0,15
4787.0,2496228891,0,0,15
4787.0,cluster_12013799527_12013799528_2190601967,0,0,15
4787.0,cluster_12013799529_12013799530_473195061,0,0,15
4788.0,2496228891,0,0,15
4788.0,cluster_12013799527_12013799528_2190601967,0,0,15
4788.0,cluster_12013799529_12013799530_473195061,0,0,15
4789.0,2496228891,0,0,15
4789.0,cluster_12013799525_12013799526_2496228894,0,0,15
4789.0,cluster_12013799527_12013799528_2190601967,0,0,15
4789.0,cluster_12013799529_12013799530_473195061,0,0,15
4790.0,2496228891,0,0,15
4790.0,cluster_12013799525_12013799526_2496228894,0,0,15
4790.0,cluster_12013799527_12013799528_2190601967,0,0,15
4790.0,cluster_12013799529_12013799530_473195061,0,0,15
4791.0,2496228891,0,0,15
4791.0,cluster_12013799525_12013799526_2496228894,0,0,15
4791.0,cluster_12013799527_12013799528_2190601967,0,0,15
4791.0,cluster_12013799529_12013799530_473195061,0,0,15
4792.0,2496228891,0,0,15
4792.0,cluster_12013799525_12013799526_2496228894,0,0,15
4792.0,cluster_12013799527_12013799528_2190601967,0,0,15
4792.0,cluster_12013799529_12013799530_473195061,0,0,15
4793.0,2496228891,0,0,15
4793.0,cluster_12013799525_12013799526_2496228894,0,0,15
4793.0,cluster_12013799527_12013799528_2190601967,0,0,15
4793.0,cluster_12013799529_12013799530_473195061,0,0,15
4794.0,2496228891,0,0,15
4794.0,cluster_12013799525_12013799526_2496228894,0,0,15
4794.0,cluster_12013799527_12013799528_2190601967,0,0,15
4795.0,2496228891,0,0,15
4795.0,cluster_12013799525_12013799526_2496228894,0,0,15
4795.0,cluster_12013799527_12013799528_2190601967,0,0,15
4796.0,2496228891,0,0,15
4796.0,cluster_12013799525_12013799526_2496228894,0,0,15
4796.0,cluster_12013799527_12013799528_2190601967,0,0,15
4797.0,2496228891,0,0,15
4797.0,cluster_12013799525_12013799526_2496228894,0,0,15
4797.0,cluster_12013799527_12013799528_2190601967,0,0,15
4797.0,cluster_12013799529_12013799530_473195061,0,2,15
4798.0,2496228891,0,0,15
4798.0,cluster_12013799525_12013799526_2496228894,0,0,15
4798.0,cluster_12013799527_12013799528_2190601967,0,0,15
4798.0,cluster_12013799529_12013799530_473195061,0,2,15
4799.0,2496228891,0,0,15
4799.0,cluster_12013799525_12013799526_2496228894,0,0,15
4799.0,cluster_12013799527_12013799528_2190601967,0,0,15
4799.0,cluster_12013799529_12013799530_473195061,0,2,15
4800.0,2496228891,0,0,15
4800.0,cluster_12013799525_12013799526_2496228894,0,0,15
4800.0,cluster_12013799527_12013799528_2190601967,0,0,15
4800.0,cluster_12013799529_12013799530_473195061,0,2,15
4801.0,cluster_12013799525_12013799526_2496228894,1,0,15
4801.0,cluster_12013799529_12013799530_473195061,1,2,15
4802.0,cluster_12013799525_12013799526_2496228894,1,0,15
4802.0,cluster_12013799529_12013799530_473195061,1,2,15
4803.0,cluster_12013799525_12013799526_2496228894,1,0,15
4803.0,cluster_12013799529_12013799530_473195061,1,2,15
4804.0,2496228891,1,2,15
4804.0,cluster_12013799525_12013799526_2496228894,1,0,15
4804.0,cluster_12013799527_12013799528_2190601967,1,2,15
4804.0,cluster_12013799529_12013799530_473195061,1,2,15
4805.0,2496228891,2,2,15
4805.0,cluster_12013799527_12013799528_2190601967,2,2,15
4805.0,cluster_12013799529_12013799530_473195061,2,2,15
4806.0,2496228891,2,2,15
4806.0,cluster_12013799527_12013799528_2190601967,2,2,15
4806.0,cluster_12013799529_12013799530_473195061,2,2,15
4807.0,2496228891,2,2,15
4807.0,cluster_12013799527_12013799528_2190601967,2,2,15
4807.0,cluster_12013799529_12013799530_473195061,2,2,15
4808.0,2496228891,2,2,15
4808.0,cluster_12013799525_12013799526_2496228894,3,2,15
4808.0,cluster_12013799527_12013799528_2190601967,2,2,15
4808.0,cluster_12013799529_12013799530_473195061,2,2,15
4809.0,2496228891,2,2,15
4809.0,cluster_12013799525_12013799526_2496228894,2,2,15
4809.0,cluster_12013799527_12013799528_2190601967,3,2,15
4809.0,cluster_12013799529_12013799530_473195061,3,2,15
4810.0,2496228891,3,2,15
4810.0,cluster_12013799525_12013799526_2496228894,3,2,15
4810.0,cluster_12013799527_12013799528_2190601967,3,2,15
4810.0,cluster_12013799529_12013799530_473195061,3,2,15
4811.0,2496228891,3,2,15
4811.0,cluster_12013799525_12013799526_2496228894,3,2,15
4811.0,cluster_12013799527_12013799528_2190601967,3,2,15
4811.0,cluster_12013799529_12013799530_473195061,3,2,15
4812.0,2496228891,3,2,15
4812.0,cluster_12013799525_12013799526_2496228894,3,2,15
4812.0,cluster_12013799527_12013799528_2190601967,3,2,15
4812.0,cluster_12013799529_12013799530_473195061,3,2,15
4813.0,2496228891,2,2,15
4813.0,cluster_12013799525_12013799526_2496228894,2,2,15
4813.0,cluster_12013799527_12013799528_2190601967,4,2,23
4814.0,2496228891,3,2,15
4814.0,cluster_12013799525_12013799526_2496228894,3,2,15
4814.0,cluster_12013799527_12013799528_2190601967,4,2,21
4815.0,2496228891,3,2,15
4815.0,cluster_12013799525_12013799526_2496228894,3,2,15
4815.0,cluster_12013799527_12013799528_2190601967,4,2,21
4816.0,2496228891,3,2,15
4816.0,cluster_12013799525_12013799526_2496228894,3,2,15
4816.0,cluster_12013799527_12013799528_2190601967,4,2,21
4816.0,cluster_12013799529_12013799530_473195061,4,0,21
4817.0,2496228891,2,2,15
4817.0,cluster_12013799525_12013799526_2496228894,2,2,15
4817.0,cluster_12013799527_12013799528_2190601967,4,2,21
4817.0,cluster_12013799529_12013799530_473195061,4,0,21
4818.0,2496228891,3,2,15
4818.0,cluster_12013799525_12013799526_2496228894,3,2,15
4818.0,cluster_12013799527_12013799528_2190601967,4,2,21
4818.0,cluster_12013799529_12013799530_473195061,4,0,21
4819.0,2496228891,2,2,15
4819.0,cluster_12013799525_12013799526_2496228894,2,2,15
4819.0,cluster_12013799527_12013799528_2190601967,4,2,21
4819.0,cluster_12013799529_12013799530_473195061,4,0,21
4820.0,cluster_12013799525_12013799526_2496228894,2,2,15
4820.0,cluster_12013799529_12013799530_473195061,4,0,21
4821.0,cluster_12013799525_12013799526_2496228894,3,2,15
4821.0,cluster_12013799529_12013799530_473195061,4,0,21
4822.0,cluster_12013799525_12013799526_2496228894,3,2,15
4822.0,cluster_12013799529_12013799530_473195061,4,0,21
4823.0,2496228891,4,0,21
4823.0,cluster_12013799525_12013799526_2496228894,3,2,15
4823.0,cluster_12013799527_12013799528_2190601967,5,0,21
4823.0,cluster_12013799529_12013799530_473195061,4,0,21
4824.0,2496228891,3,0,15
4824.0,cluster_12013799527_12013799528_2190601967,5,0,21
4824.0,cluster_12013799529_12013799530_473195061,3,0,15
4825.0,2496228891,4,0,23
4825.0,cluster_12013799527_12013799528_2190601967,6,0,23
4825.0,cluster_12013799529_12013799530_473195061,3,0,15
4826.0,2496228891,6,0,23
4826.0,cluster_12013799527_12013799528_2190601967,6,0,21
4826.0,cluster_12013799529_12013799530_473195061,3,0,15
4827.0,2496228891,6,0,21
4827.0,cluster_12013799525_12013799526_2496228894,4,0,21
4827.0,cluster_12013799527_12013799528_2190601967,5,0,21
4827.0,cluster_12013799529_12013799530_473195061,3,0,15
4828.0,2496228891,5,0,21
4828.0,cluster_12013799525_12013799526_2496228894,3,0,15
4828.0,cluster_12013799527_12013799528_2190601967,5,0,21
4828.0,cluster_12013799529_12013799530_473195061,2,0,15
4829.0,2496228891,4,0,21
4829.0,cluster_12013799525_12013799526_2496228894,3,0,15
4829.0,cluster_12013799527_12013799528_2190601967,5,0,21
4829.0,cluster_12013799529_12013799530_473195061,2,0,15
4830.0,2496228891,3,0,15
4830.0,cluster_12013799525_12013799526_2496228894,3,0,15
4830.0,cluster_12013799527_12013799528_2190601967,4,0,21
4830.0,cluster_12013799529_12013799530_473195061,1,0,15
4831.0,2496228891,3,0,15
4831.0,cluster_12013799525_12013799526_2496228894,3,0,15
4831.0,cluster_12013799527_12013799528_2190601967,4,0,21
4831.0,cluster_12013799529_12013799530_473195061,1,0,15
4832.0,2496228891,1,0,15
4832.0,cluster_12013799525_12013799526_2496228894,2,0,15
4832.0,cluster_12013799527_12013799528_2190601967,4,0,21
4832.0,cluster_12013799529_12013799530_473195061,1,0,15
4833.0,2496228891,2,0,15
4833.0,cluster_12013799525_12013799526_2496228894,2,0,15
4833.0,cluster_12013799527_12013799528_2190601967,3,0,15
4833.0,cluster_12013799529_12013799530_473195061,1,0,15
4834.0,2496228891,2,0,15
4834.0,cluster_12013799525_12013799526_2496228894,2,0,15
4834.0,cluster_12013799527_12013799528_2190601967,3,0,15
4834.0,cluster_12013799529_12013799530_473195061,1,0,15
4835.0,2496228891,1,0,15
4835.0,cluster_12013799525_12013799526_2496228894,1,0,15
4835.0,cluster_12013799527_12013799528_2190601967,2,0,15
4835.0,cluster_12013799529_12013799530_473195061,0,0,15
4836.0,2496228891,1,0,15
4836.0,cluster_12013799525_12013799526_2496228894,1,0,15
4836.0,cluster_12013799527_12013799528_2190601967,2,0,15
4836.0,cluster_12013799529_12013799530_473195061,0,0,15
4837.0,2496228891,2,0,15
4837.0,cluster_12013799525_12013799526_2496228894,0,0,15
4837.0,cluster_12013799527_12013799528_2190601967,2,0,15
4837.0,cluster_12013799529_12013799530_473195061,0,0,15
4838.0,2496228891,2,0,15
4838.0,cluster_12013799525_12013799526_2496228894,0,0,15
4838.0,cluster_12013799527_12013799528_2190601967,1,0,15
4839.0,2496228891,3,0,15
4839.0,cluster_12013799525_12013799526_2496228894,0,0,15
4839.0,cluster_12013799527_12013799528_2190601967,1,0,15
4840.0,2496228891,2,0,15
4840.0,cluster_12013799525_12013799526_2496228894,0,0,15
4840.0,cluster_12013799527_12013799528_2190601967,1,0,15
4841.0,2496228891,2,0,15
4841.0,cluster_12013799525_12013799526_2496228894,0,0,15
4841.0,cluster_12013799527_12013799528_2190601967,1,0,15
4841.0,cluster_12013799529_12013799530_473195061,5,2,21
4842.0,2496228891,3,0,15
4842.0,cluster_12013799525_12013799526_2496228894,0,0,15
4842.0,cluster_12013799527_12013799528_2190601967,1,0,15
4842.0,cluster_12013799529_12013799530_473195061,5,2,21
4843.0,2496228891,2,0,15
4843.0,cluster_12013799525_12013799526_2496228894,0,0,15
4843.0,cluster_12013799527_12013799528_2190601967,0,0,15
4843.0,cluster_12013799529_12013799530_473195061,3,2,15
4844.0,2496228891,2,0,15
4844.0,cluster_12013799525_12013799526_2496228894,0,0,15
4844.0,cluster_12013799527_12013799528_2190601967,0,0,15
4844.0,cluster_12013799529_12013799530_473195061,3,2,15
4845.0,cluster_12013799525_12013799526_2496228894,0,0,15
4845.0,cluster_12013799529_12013799530_473195061,3,2,15
4846.0,cluster_12013799525_12013799526_2496228894,0,0,15
4846.0,cluster_12013799529_12013799530_473195061,3,2,15
4847.0,cluster_12013799525_12013799526_2496228894,0,0,15
4847.0,cluster_12013799529_12013799530_473195061,3,2,15
4848.0,2496228891,2,2,15
4848.0,cluster_12013799525_12013799526_2496228894,0,0,15
4848.0,cluster_12013799527_12013799528_2190601967,2,2,15
4848.0,cluster_12013799529_12013799530_473195061,2,2,15
4849.0,2496228891,1,2,15
4849.0,cluster_12013799527_12013799528_2190601967,2,2,15
4849.0,cluster_12013799529_12013799530_473195061,1,2,15
4850.0,2496228891,1,2,15
4850.0,cluster_12013799527_12013799528_2190601967,2,2,15
4850.0,cluster_12013799529_12013799530_473195061,1,2,15
4851.0,2496228891,1,2,15
4851.0,cluster_12013799527_12013799528_2190601967,2,2,15
4851.0,cluster_12013799529_12013799530_473195061,1,2,15
4852.0,2496228891,0,2,15
4852.0,cluster_12013799525_12013799526_2496228894,1,2,15
4852.0,cluster_12013799527_12013799528_2190601967,2,2,15
4852.0,cluster_12013799529_12013799530_473195061,1,2,15
4853.0,2496228891,0,2,15
4853.0,cluster_12013799525_12013799526_2496228894,2,2,15
4853.0,cluster_12013799527_12013799528_2190601967,1,2,15
4853.0,cluster_12013799529_12013799530_473195061,2,2,15
4854.0,2496228891,0,2,15
4854.0,cluster_12013799525_12013799526_2496228894,2,2,15
4854.0,cluster_12013799527_12013799528_2190601967,1,2,15
4854.0,cluster_12013799529_12013799530_473195061,2,2,15
4855.0,2496228891,0,2,15
4855.0,cluster_12013799525_12013799526_2496228894,3,2,15
4855.0,cluster_12013799527_12013799528_2190601967,0,2,15
4855.0,cluster_12013799529_12013799530_473195061,3,2,15
4856.0,2496228891,0,2,15
4856.0,cluster_12013799525_12013799526_2496228894,2,2,15
4856.0,cluster_12013799527_12013799528_2190601967,0,2,15
4856.0,cluster_12013799529_12013799530_473195061,2,2,15
4857.0,2496228891,0,2,15
4857.0,cluster_12013799525_12013799526_2496228894,2,2,15
4857.0,cluster_12013799527_12013799528_2190601967,0,2,15
4857.0,cluster_12013799529_12013799530_473195061,3,2,15
4858.0,2496228891,0,2,15
4858.0,cluster_12013799525_12013799526_2496228894,2,2,15
4858.0,cluster_12013799527_12013799528_2190601967,0,2,15
4858.0,cluster_12013799529_12013799530_473195061,3,2,15
4859.0,2496228891,0,2,15
4859.0,cluster_12013799525_12013799526_2496228894,2,2,15
4859.0,cluster_12013799527_12013799528_2190601967,0,2,15
4859.0,cluster_12013799529_12013799530_473195061,3,2,15
4860.0,2496228891,0,2,15
4860.0,cluster_12013799525_12013799526_2496228894,2,2,15
4860.0,cluster_12013799527_12013799528_2190601967,0,2,15
4860.0,cluster_12013799529_12013799530_473195061,3,2,15
4861.0,2496228891,0,2,15
4861.0,cluster_12013799525_12013799526_2496228894,2,2,15
4861.0,cluster_12013799527_12013799528_2190601967,0,2,15
4861.0,cluster_12013799529_12013799530_473195061,3,2,15
4862.0,2496228891,0,2,15
4862.0,cluster_12013799525_12013799526_2496228894,2,2,15
4862.0,cluster_12013799527_12013799528_2190601967,0,2,15
4862.0,cluster_12013799529_12013799530_473195061,3,2,15
4863.0,2496228891,0,2,15
4863.0,cluster_12013799525_12013799526_2496228894,1,2,15
4863.0,cluster_12013799527_12013799528_2190601967,0,2,15
4864.0,cluster_12013799525_12013799526_2496228894,1,2,15
4865.0,cluster_12013799525_12013799526_2496228894,1,2,15
4866.0,cluster_12013799525_12013799526_2496228894,0,2,15
4866.0,cluster_12013799529_12013799530_473195061,0,0,15
4867.0,2496228891,5,0,21
4867.0,cluster_12013799525_12013799526_2496228894,0,2,15
4867.0,cluster_12013799527_12013799528_2190601967,0,0,15
4867.0,cluster_12013799529_12013799530_473195061,0,0,15
4868.0,2496228891,3,0,15
4868.0,cluster_12013799527_12013799528_2190601967,0,0,15
4868.0,cluster_12013799529_12013799530_473195061,0,0,15
4869.0,2496228891,3,0,15
4869.0,cluster_12013799527_12013799528_2190601967,0,0,15
4869.0,cluster_12013799529_12013799530_473195061,0,0,15
4870.0,2496228891,3,0,15
4870.0,cluster_12013799527_12013799528_2190601967,0,0,15
4870.0,cluster_12013799529_12013799530_473195061,0,0,15
4871.0,2496228891,3,0,15
4871.0,cluster_12013799525_12013799526_2496228894,0,0,15
4871.0,cluster_12013799527_12013799528_2190601967,0,0,15
4871.0,cluster_12013799529_12013799530_473195061,0,0,15
4872.0,2496228891,2,0,15
4872.0,cluster_12013799525_12013799526_2496228894,0,0,15
4872.0,cluster_12013799527_12013799528_2190601967,0,0,15
4872.0,cluster_12013799529_12013799530_473195061,0,0,15
4873.0,2496228891,2,0,15
4873.0,cluster_12013799525_12013799526_2496228894,0,0,15
4873.0,cluster_12013799527_12013799528_2190601967,0,0,15
4873.0,cluster_12013799529_12013799530_473195061,0,0,15
4874.0,2496228891,1,0,15
4874.0,cluster_12013799525_12013799526_2496228894,0,0,15
4874.0,cluster_12013799527_12013799528_2190601967,0,0,15
4874.0,cluster_12013799529_12013799530_473195061,0,0,15
4875.0,2496228891,1,0,15
4875.0,cluster_12013799525_12013799526_2496228894,0,0,15
4875.0,cluster_12013799527_12013799528_2190601967,0,0,15
4875.0,cluster_12013799529_12013799530_473195061,0,0,15
4876.0,2496228891,1,0,15
4876.0,cluster_12013799525_12013799526_2496228894,0,0,15
4876.0,cluster_12013799527_12013799528_2190601967,0,0,15
4876.0,cluster_12013799529_12013799530_473195061,0,0,15
4877.0,2496228891,0,0,15
4877.0,cluster_12013799525_12013799526_2496228894,0,0,15
4877.0,cluster_12013799527_12013799528_2190601967,0,0,15
4877.0,cluster_12013799529_12013799530_473195061,0,0,15
4878.0,2496228891,0,0,15
4878.0,cluster_12013799525_12013799526_2496228894,0,0,15
4878.0,cluster_12013799527_12013799528_2190601967,0,0,15
4878.0,cluster_12013799529_12013799530_473195061,0,0,15
4879.0,2496228891,0,0,15
4879.0,cluster_12013799525_12013799526_2496228894,0,0,15
4879.0,cluster_12013799527_12013799528_2190601967,0,0,15
4879.0,cluster_12013799529_12013799530_473195061,0,0,15
4880.0,2496228891,0,0,15
4880.0,cluster_12013799525_12013799526_2496228894,0,0,15
4880.0,cluster_12013799527_12013799528_2190601967,0,0,15
4880.0,cluster_12013799529_12013799530_473195061,0,0,15
4881.0,2496228891,0,0,15
4881.0,cluster_12013799525_12013799526_2496228894,0,0,15
4881.0,cluster_12013799527_12013799528_2190601967,0,0,15
4881.0,cluster_12013799529_12013799530_473195061,0,0,15
4882.0,2496228891,0,0,15
4882.0,cluster_12013799525_12013799526_2496228894,0,0,15
4882.0,cluster_12013799527_12013799528_2190601967,0,0,15
4883.0,2496228891,0,0,15
4883.0,cluster_12013799525_12013799526_2496228894,0,0,15
4884.0,2496228891,0,0,15
4884.0,cluster_12013799525_12013799526_2496228894,0,0,15
4885.0,2496228891,0,0,15
4885.0,cluster_12013799525_12013799526_2496228894,0,0,15
4885.0,cluster_12013799529_12013799530_473195061,1,2,15
4886.0,2496228891,0,0,15
4886.0,cluster_12013799525_12013799526_2496228894,0,0,15
4886.0,cluster_12013799527_12013799528_2190601967,0,2,15
4886.0,cluster_12013799529_12013799530_473195061,1,2,15
4887.0,2496228891,0,0,15
4887.0,cluster_12013799527_12013799528_2190601967,0,2,15
4887.0,cluster_12013799529_12013799530_473195061,1,2,15
4888.0,2496228891,0,0,15
4888.0,cluster_12013799527_12013799528_2190601967,0,2,15
4888.0,cluster_12013799529_12013799530_473195061,1,2,15
4889.0,cluster_12013799527_12013799528_2190601967,0,2,15
4889.0,cluster_12013799529_12013799530_473195061,0,2,15
4890.0,cluster_12013799525_12013799526_2496228894,4,2,21
4890.0,cluster_12013799527_12013799528_2190601967,0,2,15
4890.0,cluster_12013799529_12013799530_473195061,1,2,15
4891.0,cluster_12013799525_12013799526_2496228894,2,2,15
4891.0,cluster_12013799527_12013799528_2190601967,0,2,15
4891.0,cluster_12013799529_12013799530_473195061,1,2,15
4892.0,2496228891,0,2,15
4892.0,cluster_12013799525_12013799526_2496228894,2,2,15
4892.0,cluster_12013799527_12013799528_2190601967,0,2,15
4892.0,cluster_12013799529_12013799530_473195061,1,2,15
4893.0,2496228891,0,2,15
4893.0,cluster_12013799525_12013799526_2496228894,2,2,15
4893.0,cluster_12013799527_12013799528_2190601967,0,2,15
4893.0,cluster_12013799529_12013799530_473195061,1,2,15
4894.0,2496228891,0,2,15
4894.0,cluster_12013799525_12013799526_2496228894,2,2,15
4894.0,cluster_12013799527_12013799528_2190601967,0,2,15
4894.0,cluster_12013799529_12013799530_473195061,1,2,15
4895.0,2496228891,0,2,15
4895.0,cluster_12013799525_12013799526_2496228894,1,2,15
4895.0,cluster_12013799527_12013799528_2190601967,1,2,15
4895.0,cluster_12013799529_12013799530_473195061,1,2,15
4896.0,2496228891,0,2,15
4896.0,cluster_12013799525_12013799526_2496228894,1,2,15
4896.0,cluster_12013799527_12013799528_2190601967,1,2,15
4896.0,cluster_12013799529_12013799530_473195061,1,2,15
4897.0,2496228891,0,2,15
4897.0,cluster_12013799525_12013799526_2496228894,0,2,15
4897.0,cluster_12013799527_12013799528_2190601967,1,2,15
4897.0,cluster_12013799529_12013799530_473195061,1,2,15
4898.0,2496228891,0,2,15
4898.0,cluster_12013799525_12013799526_2496228894,0,2,15
4898.0,cluster_12013799527_12013799528_2190601967,1,2,15
4898.0,cluster_12013799529_12013799530_473195061,1,2,15
4899.0,2496228891,0,2,15
4899.0,cluster_12013799525_12013799526_2496228894,0,2,15
4899.0,cluster_12013799527_12013799528_2190601967,1,2,15
4899.0,cluster_12013799529_12013799530_473195061,1,2,15
4900.0,2496228891,0,2,15
4900.0,cluster_12013799525_12013799526_2496228894,0,2,15
4900.0,cluster_12013799527_12013799528_2190601967,1,2,15
4900.0,cluster_12013799529_12013799530_473195061,1,2,15
4901.0,2496228891,1,2,15
4901.0,cluster_12013799525_12013799526_2496228894,1,2,15
4901.0,cluster_12013799527_12013799528_2190601967,2,2,15
4902.0,2496228891,1,2,15
4902.0,cluster_12013799525_12013799526_2496228894,1,2,15
4903.0,2496228891,1,2,15
4903.0,cluster_12013799525_12013799526_2496228894,1,2,15
4904.0,2496228891,1,2,15
4904.0,cluster_12013799525_12013799526_2496228894,1,2,15
4904.0,cluster_12013799529_12013799530_473195061,1,0,15
4905.0,2496228891,2,2,15
4905.0,cluster_12013799525_12013799526_2496228894,2,2,15
4905.0,cluster_12013799527_12013799528_2190601967,2,0,15
4905.0,cluster_12013799529_12013799530_473195061,2,0,15
4906.0,2496228891,2,2,15
4906.0,cluster_12013799525_12013799526_2496228894,2,2,15
4906.0,cluster_12013799527_12013799528_2190601967,2,0,15
4906.0,cluster_12013799529_12013799530_473195061,2,0,15
4907.0,2496228891,2,2,15
4907.0,cluster_12013799525_12013799526_2496228894,2,2,15
4907.0,cluster_12013799527_12013799528_2190601967,2,0,15
4907.0,cluster_12013799529_12013799530_473195061,2,0,15
4908.0,cluster_12013799525_12013799526_2496228894,2,2,15
4908.0,cluster_12013799527_12013799528_2190601967,2,0,15
4908.0,cluster_12013799529_12013799530_473195061,2,0,15
4909.0,cluster_12013799525_12013799526_2496228894,2,2,15
4909.0,cluster_12013799527_12013799528_2190601967,3,0,15
4909.0,cluster_12013799529_12013799530_473195061,3,0,15
4910.0,cluster_12013799525_12013799526_2496228894,3,2,15
4910.0,cluster_12013799527_12013799528_2190601967,3,0,15
4910.0,cluster_12013799529_12013799530_473195061,3,0,15
4911.0,2496228891,4,0,21
4911.0,cluster_12013799525_12013799526_2496228894,3,2,15
4911.0,cluster_12013799527_12013799528_2190601967,3,0,15
4911.0,cluster_12013799529_12013799530_473195061,3,0,15
4912.0,2496228891,3,0,15
4912.0,cluster_12013799527_12013799528_2190601967,3,0,15
4912.0,cluster_12013799529_12013799530_473195061,3,0,15
4913.0,2496228891,3,0,15
4913.0,cluster_12013799527_12013799528_2190601967,4,0,23
4913.0,cluster_12013799529_12013799530_473195061,3,0,15
4914.0,2496228891,4,0,23
4914.0,cluster_12013799527_12013799528_2190601967,4,0,21
4914.0,cluster_12013799529_12013799530_473195061,4,0,21
4915.0,2496228891,4,0,21
4915.0,cluster_12013799525_12013799526_2496228894,4,0,21
4915.0,cluster_12013799527_12013799528_2190601967,4,0,21
4915.0,cluster_12013799529_12013799530_473195061,4,0,21
4916.0,2496228891,4,0,21
4916.0,cluster_12013799525_12013799526_2496228894,3,0,15
4916.0,cluster_12013799527_12013799528_2190601967,4,0,21
4916.0,cluster_12013799529_12013799530_473195061,4,0,21
4917.0,2496228891,4,0,21
4917.0,cluster_12013799525_12013799526_2496228894,3,0,15
4917.0,cluster_12013799527_12013799528_2190601967,5,0,23
4917.0,cluster_12013799529_12013799530_473195061,4,0,21
4918.0,2496228891,4,0,21
4918.0,cluster_12013799525_12013799526_2496228894,3,0,15
4918.0,cluster_12013799527_12013799528_2190601967,5,0,21
4918.0,cluster_12013799529_12013799530_473195061,4,0,21
4919.0,2496228891,4,0,21
4919.0,cluster_12013799525_12013799526_2496228894,3,0,15
4919.0,cluster_12013799527_12013799528_2190601967,5,0,21
4919.0,cluster_12013799529_12013799530_473195061,4,0,21
4920.0,2496228891,6,0,23
4920.0,cluster_12013799525_12013799526_2496228894,2,0,15
4920.0,cluster_12013799527_12013799528_2190601967,4,0,21
4921.0,2496228891,6,0,21
4921.0,cluster_12013799525_12013799526_2496228894,2,0,15
4922.0,2496228891,6,0,21
4922.0,cluster_12013799525_12013799526_2496228894,2,0,15
4923.0,2496228891,6,0,21
4923.0,cluster_12013799525_12013799526_2496228894,1,0,15
4923.0,cluster_12013799529_12013799530_473195061,5,2,22
4924.0,2496228891,6,0,21
4924.0,cluster_12013799525_12013799526_2496228894,1,0,15
4924.0,cluster_12013799527_12013799528_2190601967,4,2,21
4924.0,cluster_12013799529_12013799530_473195061,5,2,21
4925.0,2496228891,5,0,23
4925.0,cluster_12013799525_12013799526_2496228894,0,0,15
4925.0,cluster_12013799527_12013799528_2190601967,2,2,15
4925.0,cluster_12013799529_12013799530_473195061,6,2,23
4926.0,2496228891,5,0,23
4926.0,cluster_12013799525_12013799526_2496228894,0,0,15
4926.0,cluster_12013799527_12013799528_2190601967,3,2,15
4926.0,cluster_12013799529_12013799530_473195061,6,2,21
4927.0,2496228891,5,0,21
4927.0,cluster_12013799525_12013799526_2496228894,0,0,15
4927.0,cluster_12013799527_12013799528_2190601967,3,2,15
4927.0,cluster_12013799529_12013799530_473195061,6,2,21
4928.0,2496228891,5,0,21
4928.0,cluster_12013799525_12013799526_2496228894,0,0,15
4928.0,cluster_12013799527_12013799528_2190601967,3,2,15
4928.0,cluster_12013799529_12013799530_473195061,6,2,21
4929.0,2496228891,5,0,21
4929.0,cluster_12013799525_12013799526_2496228894,0,0,15
4929.0,cluster_12013799527_12013799528_2190601967,4,2,23
4929.0,cluster_12013799529_12013799530_473195061,6,2,21
4930.0,2496228891,5,0,21
4930.0,cluster_12013799525_12013799526_2496228894,0,0,15
4930.0,cluster_12013799527_12013799528_2190601967,3,2,15
4930.0,cluster_12013799529_12013799530_473195061,6,2,21
4931.0,2496228891,4,0,21
4931.0,cluster_12013799525_12013799526_2496228894,0,0,15
4931.0,cluster_12013799527_12013799528_2190601967,3,2,15
4931.0,cluster_12013799529_12013799530_473195061,6,2,21
4932.0,2496228891,4,0,21
4932.0,cluster_12013799525_12013799526_2496228894,0,0,15
4932.0,cluster_12013799527_12013799528_2190601967,4,2,23
4932.0,cluster_12013799529_12013799530_473195061,6,2,21
4933.0,cluster_12013799525_12013799526_2496228894,0,0,15
4933.0,cluster_12013799527_12013799528_2190601967,4,2,21
4933.0,cluster_12013799529_12013799530_473195061,6,2,21
4934.0,cluster_12013799525_12013799526_2496228894,0,0,15
4934.0,cluster_12013799527_12013799528_2190601967,4,2,21
4934.0,cluster_12013799529_12013799530_473195061,6,2,21
4935.0,cluster_12013799525_12013799526_2496228894,0,0,15
4935.0,cluster_12013799527_12013799528_2190601967,3,2,15
4935.0,cluster_12013799529_12013799530_473195061,6,2,21
4936.0,2496228891,3,2,15
4936.0,cluster_12013799525_12013799526_2496228894,0,0,15
4936.0,cluster_12013799527_12013799528_2190601967,2,2,15
4936.0,cluster_12013799529_12013799530_473195061,6,2,21
4937.0,2496228891,2,2,15
4937.0,cluster_12013799527_12013799528_2190601967,1,2,15
4937.0,cluster_12013799529_12013799530_473195061,7,2,23
4938.0,2496228891,2,2,15
4938.0,cluster_12013799527_12013799528_2190601967,1,2,15
4938.0,cluster_12013799529_12013799530_473195061,7,2,21
4939.0,2496228891,2,2,15
4939.0,cluster_12013799527_12013799528_2190601967,1,2,15
4939.0,cluster_12013799529_12013799530_473195061,8,2,24
4940.0,2496228891,1,2,15
4940.0,cluster_12013799525_12013799526_2496228894,2,2,15
4940.0,cluster_12013799527_12013799528_2190601967,1,2,15
4940.0,cluster_12013799529_12013799530_473195061,8,2,21
4941.0,2496228891,1,2,15
4941.0,cluster_12013799525_12013799526_2496228894,2,2,15
4941.0,cluster_12013799527_12013799528_2190601967,0,2,15
4941.0,cluster_12013799529_12013799530_473195061,8,2,21
4942.0,2496228891,1,2,15
4942.0,cluster_12013799525_12013799526_2496228894,2,2,15
4942.0,cluster_12013799527_12013799528_2190601967,0,2,15
4942.0,cluster_12013799529_12013799530_473195061,8,2,21
4943.0,2496228891,0,2,15
4943.0,cluster_12013799525_12013799526_2496228894,2,2,15
4943.0,cluster_12013799527_12013799528_2190601967,0,2,15
4943.0,cluster_12013799529_12013799530_473195061,8,2,21
4944.0,2496228891,0,2,15
4944.0,cluster_12013799525_12013799526_2496228894,2,2,15
4944.0,cluster_12013799527_12013799528_2190601967,0,2,15
4944.0,cluster_12013799529_12013799530_473195061,9,2,25
4945.0,2496228891,0,2,15
4945.0,cluster_12013799525_12013799526_2496228894,3,2,15
4945.0,cluster_12013799527_12013799528_2190601967,0,2,15
4945.0,cluster_12013799529_12013799530_473195061,9,2,25
4946.0,2496228891,0,2,15
4946.0,cluster_12013799525_12013799526_2496228894,3,2,15
4947.0,2496228891,0,2,15
4947.0,cluster_12013799525_12013799526_2496228894,3,2,15
4948.0,2496228891,0,2,15
4948.0,cluster_12013799525_12013799526_2496228894,3,2,15
4949.0,2496228891,0,2,15
4949.0,cluster_12013799525_12013799526_2496228894,3,2,15
4949.0,cluster_12013799527_12013799528_2190601967,6,0,21
4949.0,cluster_12013799529_12013799530_473195061,4,0,21
4950.0,2496228891,0,2,15
4950.0,cluster_12013799525_12013799526_2496228894,3,2,15
4950.0,cluster_12013799527_12013799528_2190601967,5,0,21
4950.0,cluster_12013799529_12013799530_473195061,3,0,15
4951.0,2496228891,0,2,15
4951.0,cluster_12013799525_12013799526_2496228894,2,2,15
4951.0,cluster_12013799527_12013799528_2190601967,5,0,21
4951.0,cluster_12013799529_12013799530_473195061,3,0,15
4952.0,cluster_12013799525_12013799526_2496228894,2,2,15
4952.0,cluster_12013799527_12013799528_2190601967,5,0,21
4952.0,cluster_12013799529_12013799530_473195061,3,0,15
4953.0,cluster_12013799525_12013799526_2496228894,2,2,15
4953.0,cluster_12013799527_12013799528_2190601967,5,0,21
4953.0,cluster_12013799529_12013799530_473195061,3,0,15
4954.0,cluster_12013799525_12013799526_2496228894,1,2,15
4954.0,cluster_12013799527_12013799528_2190601967,4,0,21
4954.0,cluster_12013799529_12013799530_473195061,2,0,15
4955.0,2496228891,4,0,21
4955.0,cluster_12013799525_12013799526_2496228894,1,2,15
4955.0,cluster_12013799527_12013799528_2190601967,4,0,21
4955.0,cluster_12013799529_12013799530_473195061,2,0,15
4956.0,2496228891,4,0,21
4956.0,cluster_12013799527_12013799528_2190601967,4,0,21
4956.0,cluster_12013799529_12013799530_473195061,2,0,15
4957.0,2496228891,3,0,15
4957.0,cluster_12013799527_12013799528_2190601967,3,0,15
4957.0,cluster_12013799529_12013799530_473195061,1,0,15
4958.0,2496228891,3,0,15
4958.0,cluster_12013799527_12013799528_2190601967,3,0,15
4958.0,cluster_12013799529_12013799530_473195061,1,0,15
4959.0,2496228891,0,0,15
4959.0,cluster_12013799525_12013799526_2496228894,0,0,15
4959.0,cluster_12013799527_12013799528_2190601967,3,0,15
4959.0,cluster_12013799529_12013799530_473195061,0,0,15
4960.0,2496228891,1,0,15
4960.0,cluster_12013799525_12013799526_2496228894,0,0,15
4960.0,cluster_12013799527_12013799528_2190601967,2,0,15
4960.0,cluster_12013799529_12013799530_473195061,0,0,15
4961.0,2496228891,1,0,15
4961.0,cluster_12013799525_12013799526_2496228894,0,0,15
4961.0,cluster_12013799527_12013799528_2190601967,2,0,15
4961.0,cluster_12013799529_12013799530_473195061,0,0,15
4962.0,2496228891,2,0,15
4962.0,cluster_12013799525_12013799526_2496228894,0,0,15
4962.0,cluster_12013799527_12013799528_2190601967,1,0,15
4962.0,cluster_12013799529_12013799530_473195061,0,0,15
4963.0,2496228891,2,0,15
4963.0,cluster_12013799525_12013799526_2496228894,0,0,15
4963.0,cluster_12013799527_12013799528_2190601967,1,0,15
4963.0,cluster_12013799529_12013799530_473195061,0,0,15
4964.0,2496228891,1,0,15
4964.0,cluster_12013799525_12013799526_2496228894,0,0,15
4964.0,cluster_12013799527_12013799528_2190601967,0,0,15
4964.0,cluster_12013799529_12013799530_473195061,0,0,15
4965.0,2496228891,2,0,15
4965.0,cluster_12013799525_12013799526_2496228894,0,0,15
4965.0,cluster_12013799527_12013799528_2190601967,0,0,15
4965.0,cluster_12013799529_12013799530_473195061,0,0,15
4966.0,2496228891,2,0,15
4966.0,cluster_12013799525_12013799526_2496228894,0,0,15
4966.0,cluster_12013799527_12013799528_2190601967,0,0,15
4966.0,cluster_12013799529_12013799530_473195061,0,0,15
4967.0,2496228891,2,0,15
4967.0,cluster_12013799525_12013799526_2496228894,0,0,15
4967.0,cluster_12013799527_12013799528_2190601967,0,0,15
4967.0,cluster_12013799529_12013799530_473195061,0,0,15
4968.0,2496228891,3,0,15
4968.0,cluster_12013799525_12013799526_2496228894,0,0,15
4968.0,cluster_12013799527_12013799528_2190601967,0,0,15
4968.0,cluster_12013799529_12013799530_473195061,0,0,15
4969.0,2496228891,2,0,15
4969.0,cluster_12013799525_12013799526_2496228894,0,0,15
4969.0,cluster_12013799527_12013799528_2190601967,0,0,15
4969.0,cluster_12013799529_12013799530_473195061,0,0,15
4970.0,2496228891,2,0,15
4970.0,cluster_12013799525_12013799526_2496228894,0,0,15
4970.0,cluster_12013799527_12013799528_2190601967,0,0,15
4970.0,cluster_12013799529_12013799530_473195061,0,0,15
4971.0,2496228891,1,0,15
4971.0,cluster_12013799525_12013799526_2496228894,0,0,15
4972.0,2496228891,1,0,15
4972.0,cluster_12013799525_12013799526_2496228894,0,0,15
4973.0,2496228891,1,0,15
4973.0,cluster_12013799525_12013799526_2496228894,0,0,15
4974.0,2496228891,0,0,15
4974.0,cluster_12013799525_12013799526_2496228894,0,0,15
4974.0,cluster_12013799527_12013799528_2190601967,0,2,15
4974.0,cluster_12013799529_12013799530_473195061,9,2,22
4975.0,2496228891,0,0,15
4975.0,cluster_12013799527_12013799528_2190601967,0,2,15
4975.0,cluster_12013799529_12013799530_473195061,7,2,21
4976.0,2496228891,0,0,15
4976.0,cluster_12013799527_12013799528_2190601967,0,2,15
4976.0,cluster_12013799529_12013799530_473195061,7,2,21
4977.0,cluster_12013799527_12013799528_2190601967,0,2,15
4977.0,cluster_12013799529_12013799530_473195061,7,2,21
4978.0,cluster_12013799525_12013799526_2496228894,4,2,21
4978.0,cluster_12013799527_12013799528_2190601967,0,2,15
4978.0,cluster_12013799529_12013799530_473195061,7,2,21
4979.0,cluster_12013799525_12013799526_2496228894,3,2,15
4979.0,cluster_12013799527_12013799528_2190601967,0,2,15
4979.0,cluster_12013799529_12013799530_473195061,5,2,21
4980.0,2496228891,0,2,15
4980.0,cluster_12013799525_12013799526_2496228894,3,2,15
4980.0,cluster_12013799527_12013799528_2190601967,0,2,15
4980.0,cluster_12013799529_12013799530_473195061,5,2,21
4981.0,2496228891,0,2,15
4981.0,cluster_12013799525_12013799526_2496228894,3,2,15
4981.0,cluster_12013799527_12013799528_2190601967,0,2,15
4981.0,cluster_12013799529_12013799530_473195061,4,2,21
4982.0,2496228891,0,2,15
4982.0,cluster_12013799525_12013799526_2496228894,2,2,15
4982.0,cluster_12013799527_12013799528_2190601967,0,2,15
4982.0,cluster_12013799529_12013799530_473195061,3,2,15
4983.0,2496228891,0,2,15
4983.0,cluster_12013799525_12013799526_2496228894,2,2,15
4983.0,cluster_12013799527_12013799528_2190601967,1,2,15
4983.0,cluster_12013799529_12013799530_473195061,3,2,15
4984.0,2496228891,0,2,15
4984.0,cluster_12013799525_12013799526_2496228894,2,2,15
4984.0,cluster_12013799527_12013799528_2190601967,1,2,15
4984.0,cluster_12013799529_12013799530_473195061,2,2,15
4985.0,2496228891,0,2,15
4985.0,cluster_12013799525_12013799526_2496228894,1,2,15
4985.0,cluster_12013799527_12013799528_2190601967,1,2,15
4985.0,cluster_12013799529_12013799530_473195061,2,2,15
4986.0,2496228891,0,2,15
4986.0,cluster_12013799525_12013799526_2496228894,1,2,15
4986.0,cluster_12013799527_12013799528_2190601967,1,2,15
4986.0,cluster_12013799529_12013799530_473195061,1,2,15
4987.0,2496228891,0,2,15
4987.0,cluster_12013799525_12013799526_2496228894,0,2,15
4987.0,cluster_12013799527_12013799528_2190601967,1,2,15
4987.0,cluster_12013799529_12013799530_473195061,1,2,15
4988.0,2496228891,0,2,15
4988.0,cluster_12013799525_12013799526_2496228894,0,2,15
4988.0,cluster_12013799527_12013799528_2190601967,1,2,15
4988.0,cluster_12013799529_12013799530_473195061,1,2,15
4989.0,2496228891,0,2,15
4989.0,cluster_12013799525_12013799526_2496228894,0,2,15
4989.0,cluster_12013799527_12013799528_2190601967,2,2,15
4989.0,cluster_12013799529_12013799530_473195061,0,2,15
4990.0,2496228891,0,2,15
4990.0,cluster_12013799525_12013799526_2496228894,0,2,15
4990.0,cluster_12013799529_12013799530_473195061,0,2,15
4991.0,2496228891,0,2,15
4991.0,cluster_12013799525_12013799526_2496228894,0,2,15
4991.0,cluster_12013799529_12013799530_473195061,0,2,15
4992.0,2496228891,0,2,15
4992.0,cluster_12013799525_12013799526_2496228894,0,2,15
4992.0,cluster_12013799529_12013799530_473195061,0,2,15
4993.0,2496228891,0,2,15
4993.0,cluster_12013799525_12013799526_2496228894,0,2,15
4993.0,cluster_12013799527_12013799528_2190601967,0,0,15
4993.0,cluster_12013799529_12013799530_473195061,0,2,15
4994.0,2496228891,0,2,15
4994.0,cluster_12013799525_12013799526_2496228894,0,2,15
4994.0,cluster_12013799527_12013799528_2190601967,0,0,15
4994.0,cluster_12013799529_12013799530_473195061,0,2,15
4995.0,2496228891,0,2,15
4995.0,cluster_12013799525_12013799526_2496228894,0,2,15
4995.0,cluster_12013799527_12013799528_2190601967,0,0,15
4995.0,cluster_12013799529_12013799530_473195061,0,2,15
4996.0,cluster_12013799525_12013799526_2496228894,0,2,15
4996.0,cluster_12013799527_12013799528_2190601967,0,0,15
4996.0,cluster_12013799529_12013799530_473195061,0,2,15
4997.0,cluster_12013799525_12013799526_2496228894,0,2,15
4997.0,cluster_12013799527_12013799528_2190601967,0,0,15
4998.0,cluster_12013799525_12013799526_2496228894,0,2,15
4998.0,cluster_12013799527_12013799528_2190601967,0,0,15
4999.0,2496228891,5,0,21
4999.0,cluster_12013799525_12013799526_2496228894,0,2,15
4999.0,cluster_12013799527_12013799528_2190601967,0,0,15
5000.0,2496228891,3,0,15
5000.0,cluster_12013799527_12013799528_2190601967,0,0,15
5000.0,cluster_12013799529_12013799530_473195061,0,0,15
5001.0,2496228891,4,0,23
5001.0,cluster_12013799527_12013799528_2190601967,1,0,15
5001.0,cluster_12013799529_12013799530_473195061,1,0,15
5002.0,2496228891,4,0,21
5002.0,cluster_12013799527_12013799528_2190601967,1,0,15
5002.0,cluster_12013799529_12013799530_473195061,1,0,15
5003.0,2496228891,3,0,15
5003.0,cluster_12013799525_12013799526_2496228894,1,0,15
5003.0,cluster_12013799527_12013799528_2190601967,1,0,15
5003.0,cluster_12013799529_12013799530_473195061,1,0,15
5004.0,2496228891,2,0,15
5004.0,cluster_12013799525_12013799526_2496228894,1,0,15
5004.0,cluster_12013799527_12013799528_2190601967,1,0,15
5004.0,cluster_12013799529_12013799530_473195061,1,0,15
5005.0,2496228891,3,0,15
5005.0,cluster_12013799525_12013799526_2496228894,2,0,15
5005.0,cluster_12013799527_12013799528_2190601967,2,0,15
5005.0,cluster_12013799529_12013799530_473195061,2,0,15
5006.0,2496228891,2,0,15
5006.0,cluster_12013799525_12013799526_2496228894,2,0,15
5006.0,cluster_12013799527_12013799528_2190601967,2,0,15
5006.0,cluster_12013799529_12013799530_473195061,2,0,15
5007.0,2496228891,2,0,15
5007.0,cluster_12013799525_12013799526_2496228894,2,0,15
5007.0,cluster_12013799527_12013799528_2190601967,2,0,15
5007.0,cluster_12013799529_12013799530_473195061,2,0,15
5008.0,2496228891,2,0,15
5008.0,cluster_12013799525_12013799526_2496228894,2,0,15
5008.0,cluster_12013799527_12013799528_2190601967,2,0,15
5008.0,cluster_12013799529_12013799530_473195061,2,0,15
5009.0,2496228891,3,0,15
5009.0,cluster_12013799525_12013799526_2496228894,3,0,15
5009.0,cluster_12013799529_12013799530_473195061,3,0,15
5010.0,2496228891,3,0,15
5010.0,cluster_12013799525_12013799526_2496228894,2,0,15
5010.0,cluster_12013799529_12013799530_473195061,3,0,15
5011.0,2496228891,3,0,15
5011.0,cluster_12013799525_12013799526_2496228894,2,0,15
5011.0,cluster_12013799529_12013799530_473195061,3,0,15
5012.0,2496228891,3,0,15
5012.0,cluster_12013799525_12013799526_2496228894,2,0,15
5012.0,cluster_12013799527_12013799528_2190601967,5,2,21
5012.0,cluster_12013799529_12013799530_473195061,3,0,15
5013.0,2496228891,4,0,23
5013.0,cluster_12013799525_12013799526_2496228894,3,0,15
5013.0,cluster_12013799527_12013799528_2190601967,4,2,21
5013.0,cluster_12013799529_12013799530_473195061,4,0,21
5014.0,2496228891,4,0,21
5014.0,cluster_12013799525_12013799526_2496228894,2,0,15
5014.0,cluster_12013799527_12013799528_2190601967,3,2,15
5014.0,cluster_12013799529_12013799530_473195061,4,0,21
5015.0,2496228891,4,0,21
5015.0,cluster_12013799525_12013799526_2496228894,2,0,15
5015.0,cluster_12013799527_12013799528_2190601967,3,2,15
5015.0,cluster_12013799529_12013799530_473195061,4,0,21
5016.0,2496228891,4,0,21
5016.0,cluster_12013799525_12013799526_2496228894,2,0,15
5016.0,cluster_12013799527_12013799528_2190601967,3,2,15
5017.0,2496228891,4,0,21
5017.0,cluster_12013799525_12013799526_2496228894,2,0,15
5017.0,cluster_12013799527_12013799528_2190601967,3,2,15
5018.0,2496228891,5,0,23
5018.0,cluster_12013799525_12013799526_2496228894,1,0,15
5018.0,cluster_12013799527_12013799528_2190601967,3,2,15
5019.0,2496228891,5,0,21
5019.0,cluster_12013799527_12013799528_2190601967,3,2,15
5019.0,cluster_12013799529_12013799530_473195061,6,2,21
5020.0,2496228891,5,0,21
5020.0,cluster_12013799527_12013799528_2190601967,3,2,15
5020.0,cluster_12013799529_12013799530_473195061,6,2,21
5021.0,cluster_12013799527_12013799528_2190601967,4,2,23
5021.0,cluster_12013799529_12013799530_473195061,7,2,23
5022.0,cluster_12013799525_12013799526_2496228894,3,2,15
5022.0,cluster_12013799527_12013799528_2190601967,2,2,15
5022.0,cluster_12013799529_12013799530_473195061,7,2,21
5023.0,cluster_12013799525_12013799526_2496228894,3,2,15
5023.0,cluster_12013799527_12013799528_2190601967,3,2,15
5023.0,cluster_12013799529_12013799530_473195061,8,2,24
5024.0,2496228891,3,2,15
5024.0,cluster_12013799525_12013799526_2496228894,3,2,15
5024.0,cluster_12013799527_12013799528_2190601967,3,2,15
5024.0,cluster_12013799529_12013799530_473195061,8,2,21
5025.0,2496228891,2,2,15
5025.0,cluster_12013799525_12013799526_2496228894,2,2,15
5025.0,cluster_12013799527_12013799528_2190601967,3,2,15
5025.0,cluster_12013799529_12013799530_473195061,9,2,25
5026.0,2496228891,2,2,15
5026.0,cluster_12013799525_12013799526_2496228894,2,2,15
5026.0,cluster_12013799527_12013799528_2190601967,3,2,15
5026.0,cluster_12013799529_12013799530_473195061,9,2,22
5027.0,2496228891,2,2,15
5027.0,cluster_12013799525_12013799526_2496228894,2,2,15
5027.0,cluster_12013799527_12013799528_2190601967,2,2,15
5027.0,cluster_12013799529_12013799530_473195061,9,2,22
5028.0,2496228891,2,2,15
5028.0,cluster_12013799525_12013799526_2496228894,2,2,15
5028.0,cluster_12013799527_12013799528_2190601967,1,2,15
5028.0,cluster_12013799529_12013799530_473195061,8,2,21
5029.0,2496228891,1,2,15
5029.0,cluster_12013799525_12013799526_2496228894,2,2,15
5029.0,cluster_12013799527_12013799528_2190601967,2,2,15
5029.0,cluster_12013799529_12013799530_473195061,8,2,21
5030.0,2496228891,1,2,15
5030.0,cluster_12013799525_12013799526_2496228894,2,2,15
5030.0,cluster_12013799527_12013799528_2190601967,2,2,15
5030.0,cluster_12013799529_12013799530_473195061,8,2,21
5031.0,2496228891,1,2,15
5031.0,cluster_12013799525_12013799526_2496228894,2,2,15
5031.0,cluster_12013799527_12013799528_2190601967,2,2,15
5031.0,cluster_12013799529_12013799530_473195061,8,2,21
5032.0,2496228891,0,2,15
5032.0,cluster_12013799525_12013799526_2496228894,2,2,15
5032.0,cluster_12013799527_12013799528_2190601967,2,2,15
5032.0,cluster_12013799529_12013799530_473195061,7,2,21
5033.0,2496228891,0,2,15
5033.0,cluster_12013799525_12013799526_2496228894,2,2,15
5033.0,cluster_12013799527_12013799528_2190601967,2,2,15
5033.0,cluster_12013799529_12013799530_473195061,7,2,21
5034.0,2496228891,0,2,15
5034.0,cluster_12013799525_12013799526_2496228894,3,2,15
5034.0,cluster_12013799529_12013799530_473195061,7,2,21
5035.0,2496228891,0,2,15
5035.0,cluster_12013799525_12013799526_2496228894,3,2,15
5035.0,cluster_12013799529_12013799530_473195061,7,2,21
5036.0,2496228891,0,2,15
5036.0,cluster_12013799525_12013799526_2496228894,3,2,15
5036.0,cluster_12013799529_12013799530_473195061,8,2,24
5037.0,2496228891,0,2,15
5037.0,cluster_12013799525_12013799526_2496228894,3,2,15
5037.0,cluster_12013799527_12013799528_2190601967,6,0,21
5037.0,cluster_12013799529_12013799530_473195061,7,2,21
5038.0,2496228891,0,2,15
5038.0,cluster_12013799527_12013799528_2190601967,6,0,21
5038.0,cluster_12013799529_12013799530_473195061,7,2,21
5039.0,2496228891,0,2,15
5039.0,cluster_12013799527_12013799528_2190601967,6,0,21
5039.0,cluster_12013799529_12013799530_473195061,7,2,21
5040.0,cluster_12013799527_12013799528_2190601967,6,0,21
5040.0,cluster_12013799529_12013799530_473195061,7,2,21
5041.0,cluster_12013799525_12013799526_2496228894,1,0,15
5041.0,cluster_12013799527_12013799528_2190601967,5,0,21
5042.0,cluster_12013799525_12013799526_2496228894,0,0,15
5042.0,cluster_12013799527_12013799528_2190601967,5,0,21
5043.0,2496228891,5,0,21
5043.0,cluster_12013799525_12013799526_2496228894,0,0,15
5043.0,cluster_12013799527_12013799528_2190601967,5,0,21
5044.0,2496228891,4,0,21
5044.0,cluster_12013799525_12013799526_2496228894,0,0,15
5044.0,cluster_12013799527_12013799528_2190601967,4,0,21
5044.0,cluster_12013799529_12013799530_473195061,4,0,21
5045.0,2496228891,4,0,21
5045.0,cluster_12013799525_12013799526_2496228894,0,0,15
5045.0,cluster_12013799527_12013799528_2190601967,4,0,21
5045.0,cluster_12013799529_12013799530_473195061,4,0,21
5046.0,2496228891,4,0,21
5046.0,cluster_12013799525_12013799526_2496228894,0,0,15
5046.0,cluster_12013799527_12013799528_2190601967,3,0,15
5046.0,cluster_12013799529_12013799530_473195061,4,0,21
5047.0,2496228891,4,0,21
5047.0,cluster_12013799525_12013799526_2496228894,0,0,15
5047.0,cluster_12013799527_12013799528_2190601967,3,0,15
5047.0,cluster_12013799529_12013799530_473195061,4,0,21
5048.0,2496228891,3,0,15
5048.0,cluster_12013799525_12013799526_2496228894,0,0,15
5048.0,cluster_12013799527_12013799528_2190601967,3,0,15
5048.0,cluster_12013799529_12013799530_473195061,3,0,15
5049.0,2496228891,5,0,23
5049.0,cluster_12013799525_12013799526_2496228894,0,0,15
5049.0,cluster_12013799527_12013799528_2190601967,2,0,15
5049.0,cluster_12013799529_12013799530_473195061,3,0,15
5050.0,2496228891,5,0,21
5050.0,cluster_12013799525_12013799526_2496228894,0,0,15
5050.0,cluster_12013799527_12013799528_2190601967,2,0,15
5050.0,cluster_12013799529_12013799530_473195061,3,0,15
5051.0,2496228891,4,0,21
5051.0,cluster_12013799525_12013799526_2496228894,0,0,15
5051.0,cluster_12013799527_12013799528_2190601967,1,0,15
5051.0,cluster_12013799529_12013799530_473195061,2,0,15
5052.0,2496228891,6,0,23
5052.0,cluster_12013799525_12013799526_2496228894,0,0,15
5052.0,cluster_12013799527_12013799528_2190601967,1,0,15
5052.0,cluster_12013799529_12013799530_473195061,2,0,15
5053.0,2496228891,6,0,21
5053.0,cluster_12013799525_12013799526_2496228894,0,0,15
5053.0,cluster_12013799527_12013799528_2190601967,0,0,15
5053.0,cluster_12013799529_12013799530_473195061,2,0,15
5054.0,2496228891,3,0,15
5054.0,cluster_12013799525_12013799526_2496228894,0,0,15
5054.0,cluster_12013799527_12013799528_2190601967,0,0,15
5054.0,cluster_12013799529_12013799530_473195061,1,0,15
5055.0,2496228891,4,0,23
5055.0,cluster_12013799525_12013799526_2496228894,0,0,15
5055.0,cluster_12013799527_12013799528_2190601967,0,0,15
5055.0,cluster_12013799529_12013799530_473195061,1,0,15
5056.0,2496228891,3,0,15
5056.0,cluster_12013799525_12013799526_2496228894,0,0,15
5056.0,cluster_12013799527_12013799528_2190601967,0,0,15
5056.0,cluster_12013799529_12013799530_473195061,0,0,15
5057.0,2496228891,1,0,15
5057.0,cluster_12013799527_12013799528_2190601967,0,0,15
5057.0,cluster_12013799529_12013799530_473195061,0,0,15
5058.0,2496228891,1,0,15
5058.0,cluster_12013799527_12013799528_2190601967,0,0,15
5058.0,cluster_12013799529_12013799530_473195061,0,0,15
5059.0,2496228891,2,0,15
5059.0,cluster_12013799529_12013799530_473195061,0,0,15
5060.0,2496228891,2,0,15
5060.0,cluster_12013799525_12013799526_2496228894,3,2,15
5060.0,cluster_12013799529_12013799530_473195061,0,0,15
5061.0,2496228891,2,0,15
5061.0,cluster_12013799525_12013799526_2496228894,1,2,15
5061.0,cluster_12013799529_12013799530_473195061,0,0,15
5062.0,2496228891,3,0,15
5062.0,cluster_12013799525_12013799526_2496228894,1,2,15
5062.0,cluster_12013799527_12013799528_2190601967,0,2,15
5062.0,cluster_12013799529_12013799530_473195061,0,0,15
5063.0,2496228891,3,0,15
5063.0,cluster_12013799525_12013799526_2496228894,1,2,15
5063.0,cluster_12013799527_12013799528_2190601967,0,2,15
5063.0,cluster_12013799529_12013799530_473195061,0,0,15
5064.0,2496228891,3,0,15
5064.0,cluster_12013799525_12013799526_2496228894,1,2,15
5064.0,cluster_12013799527_12013799528_2190601967,0,2,15
5064.0,cluster_12013799529_12013799530_473195061,0,0,15
5065.0,cluster_12013799525_12013799526_2496228894,0,2,15
5065.0,cluster_12013799527_12013799528_2190601967,1,2,15
5065.0,cluster_12013799529_12013799530_473195061,0,0,15
5066.0,cluster_12013799525_12013799526_2496228894,0,2,15
5066.0,cluster_12013799527_12013799528_2190601967,1,2,15
5067.0,cluster_12013799525_12013799526_2496228894,1,2,15
5067.0,cluster_12013799527_12013799528_2190601967,2,2,15
5068.0,2496228891,0,2,15
5068.0,cluster_12013799525_12013799526_2496228894,1,2,15
5068.0,cluster_12013799527_12013799528_2190601967,2,2,15
5069.0,2496228891,0,2,15
5069.0,cluster_12013799525_12013799526_2496228894,1,2,15
5069.0,cluster_12013799527_12013799528_2190601967,2,2,15
5069.0,cluster_12013799529_12013799530_473195061,8,2,21
5070.0,2496228891,0,2,15
5070.0,cluster_12013799525_12013799526_2496228894,1,2,15
5070.0,cluster_12013799527_12013799528_2190601967,2,2,15
5070.0,cluster_12013799529_12013799530_473195061,6,2,21
5071.0,2496228891,0,2,15
5071.0,cluster_12013799525_12013799526_2496228894,1,2,15
5071.0,cluster_12013799527_12013799528_2190601967,1,2,15
5071.0,cluster_12013799529_12013799530_473195061,6,2,21
5072.0,2496228891,0,2,15
5072.0,cluster_12013799525_12013799526_2496228894,1,2,15
5072.0,cluster_12013799527_12013799528_2190601967,2,2,15
5072.0,cluster_12013799529_12013799530_473195061,6,2,21
5073.0,2496228891,0,2,15
5073.0,cluster_12013799525_12013799526_2496228894,1,2,15
5073.0,cluster_12013799527_12013799528_2190601967,1,2,15
5073.0,cluster_12013799529_12013799530_473195061,6,2,21
5074.0,2496228891,0,2,15
5074.0,cluster_12013799525_12013799526_2496228894,1,2,15
5074.0,cluster_12013799527_12013799528_2190601967,2,2,15
5074.0,cluster_12013799529_12013799530_473195061,4,2,21
5075.0,2496228891,0,2,15
5075.0,cluster_12013799525_12013799526_2496228894,1,2,15
5075.0,cluster_12013799527_12013799528_2190601967,2,2,15
5075.0,cluster_12013799529_12013799530_473195061,4,2,21
5076.0,2496228891,0,2,15
5076.0,cluster_12013799527_12013799528_2190601967,2,2,15
5076.0,cluster_12013799529_12013799530_473195061,3,2,15
5077.0,2496228891,0,2,15
5077.0,cluster_12013799527_12013799528_2190601967,1,2,15
5077.0,cluster_12013799529_12013799530_473195061,3,2,15
5078.0,2496228891,0,2,15
5078.0,cluster_12013799529_12013799530_473195061,3,2,15
5079.0,2496228891,0,2,15
5079.0,cluster_12013799525_12013799526_2496228894,0,0,15
5079.0,cluster_12013799529_12013799530_473195061,2,2,15
5080.0,2496228891,0,2,15
5080.0,cluster_12013799525_12013799526_2496228894,0,0,15
5080.0,cluster_12013799529_12013799530_473195061,2,2,15
5081.0,2496228891,0,2,15
5081.0,cluster_12013799525_12013799526_2496228894,0,0,15
5081.0,cluster_12013799527_12013799528_2190601967,0,0,15
5081.0,cluster_12013799529_12013799530_473195061,1,2,15
5082.0,2496228891,0,2,15
5082.0,cluster_12013799525_12013799526_2496228894,0,0,15
5082.0,cluster_12013799527_12013799528_2190601967,0,0,15
5082.0,cluster_12013799529_12013799530_473195061,1,2,15
5083.0,2496228891,0,2,15
5083.0,cluster_12013799525_12013799526_2496228894,0,0,15
5083.0,cluster_12013799527_12013799528_2190601967,0,0,15
5083.0,cluster_12013799529_12013799530_473195061,1,2,15
5084.0,cluster_12013799525_12013799526_2496228894,0,0,15
5084.0,cluster_12013799527_12013799528_2190601967,0,0,15
5084.0,cluster_12013799529_12013799530_473195061,0,2,15
5085.0,cluster_12013799525_12013799526_2496228894,0,0,15
5085.0,cluster_12013799527_12013799528_2190601967,0,0,15
5085.0,cluster_12013799529_12013799530_473195061,0,2,15
5086.0,cluster_12013799525_12013799526_2496228894,0,0,15
5086.0,cluster_12013799527_12013799528_2190601967,0,0,15
5086.0,cluster_12013799529_12013799530_473195061,0,2,15
5087.0,2496228891,5,0,21
5087.0,cluster_12013799525_12013799526_2496228894,0,0,15
5087.0,cluster_12013799527_12013799528_2190601967,0,0,15
5087.0,cluster_12013799529_12013799530_473195061,0,2,15
5088.0,2496228891,5,0,23
5088.0,cluster_12013799525_12013799526_2496228894,0,0,15
5088.0,cluster_12013799527_12013799528_2190601967,0,0,15
5088.0,cluster_12013799529_12013799530_473195061,0,2,15
5089.0,2496228891,5,0,23
5089.0,cluster_12013799525_12013799526_2496228894,0,0,15
5089.0,cluster_12013799527_12013799528_2190601967,0,0,15
5089.0,cluster_12013799529_12013799530_473195061,0,2,15
5090.0,2496228891,5,0,21
5090.0,cluster_12013799525_12013799526_2496228894,0,0,15
5090.0,cluster_12013799527_12013799528_2190601967,0,0,15
5090.0,cluster_12013799529_12013799530_473195061,0,2,15
5091.0,2496228891,4,0,21
5091.0,cluster_12013799525_12013799526_2496228894,0,0,15
5091.0,cluster_12013799527_12013799528_2190601967,0,0,15
5092.0,2496228891,3,0,15
5092.0,cluster_12013799525_12013799526_2496228894,0,0,15
5092.0,cluster_12013799527_12013799528_2190601967,0,0,15
5093.0,2496228891,4,0,23
5093.0,cluster_12013799525_12013799526_2496228894,0,0,15
5093.0,cluster_12013799527_12013799528_2190601967,0,0,15
5094.0,2496228891,3,0,15
5094.0,cluster_12013799525_12013799526_2496228894,0,0,15
5094.0,cluster_12013799527_12013799528_2190601967,0,0,15
5094.0,cluster_12013799529_12013799530_473195061,0,0,15
5095.0,2496228891,2,0,15
5095.0,cluster_12013799527_12013799528_2190601967,0,0,15
5095.0,cluster_12013799529_12013799530_473195061,0,0,15
5096.0,2496228891,2,0,15
5096.0,cluster_12013799527_12013799528_2190601967,0,0,15
5096.0,cluster_12013799529_12013799530_473195061,0,0,15
5097.0,2496228891,1,0,15
5097.0,cluster_12013799529_12013799530_473195061,0,0,15
5098.0,2496228891,1,0,15
5098.0,cluster_12013799525_12013799526_2496228894,3,2,15
5098.0,cluster_12013799529_12013799530_473195061,0,0,15
5099.0,2496228891,1,0,15
5099.0,cluster_12013799525_12013799526_2496228894,4,2,23
5099.0,cluster_12013799529_12013799530_473195061,0,0,15
5100.0,2496228891,0,0,15
5100.0,cluster_12013799525_12013799526_2496228894,4,2,23
5100.0,cluster_12013799527_12013799528_2190601967,0,2,15
5100.0,cluster_12013799529_12013799530_473195061,0,0,15
5101.0,2496228891,1,0,15
5101.0,cluster_12013799525_12013799526_2496228894,6,2,23
5101.0,cluster_12013799527_12013799528_2190601967,1,2,15
5101.0,cluster_12013799529_12013799530_473195061,1,0,15
5102.0,2496228891,1,0,15
5102.0,cluster_12013799525_12013799526_2496228894,5,2,21
5102.0,cluster_12013799527_12013799528_2190601967,1,2,15
5102.0,cluster_12013799529_12013799530_473195061,1,0,15
5103.0,2496228891,1,0,15
5103.0,cluster_12013799525_12013799526_2496228894,5,2,21
5103.0,cluster_12013799527_12013799528_2190601967,1,2,15
5103.0,cluster_12013799529_12013799530_473195061,1,0,15
5104.0,2496228891,1,0,15
5104.0,cluster_12013799525_12013799526_2496228894,5,2,21
5104.0,cluster_12013799527_12013799528_2190601967,1,2,15
5104.0,cluster_12013799529_12013799530_473195061,1,0,15
5105.0,2496228891,2,0,15
5105.0,cluster_12013799525_12013799526_2496228894,6,2,23
5105.0,cluster_12013799527_12013799528_2190601967,2,2,15
5105.0,cluster_12013799529_12013799530_473195061,2,0,15
5106.0,2496228891,2,0,15
5106.0,cluster_12013799525_12013799526_2496228894,6,2,21
5106.0,cluster_12013799527_12013799528_2190601967,2,2,15
5106.0,cluster_12013799529_12013799530_473195061,2,0,15
5107.0,2496228891,2,0,15
5107.0,cluster_12013799525_12013799526_2496228894,5,2,21
5107.0,cluster_12013799527_12013799528_2190601967,2,2,15
5107.0,cluster_12013799529_12013799530_473195061,2,0,15
5108.0,2496228891,2,0,15
5108.0,cluster_12013799525_12013799526_2496228894,5,2,21
5108.0,cluster_12013799527_12013799528_2190601967,2,2,15
5108.0,cluster_12013799529_12013799530_473195061,2,0,15
5109.0,cluster_12013799525_12013799526_2496228894,4,2,21
5109.0,cluster_12013799527_12013799528_2190601967,4,2,23
5109.0,cluster_12013799529_12013799530_473195061,3,0,15
5110.0,cluster_12013799525_12013799526_2496228894,5,2,23
5110.0,cluster_12013799527_12013799528_2190601967,4,2,23
5111.0,cluster_12013799525_12013799526_2496228894,4,2,21
5111.0,cluster_12013799527_12013799528_2190601967,4,2,21
5112.0,2496228891,3,2,15
5112.0,cluster_12013799525_12013799526_2496228894,4,2,21
5112.0,cluster_12013799527_12013799528_2190601967,4,2,21
5113.0,2496228891,2,2,15
5113.0,cluster_12013799525_12013799526_2496228894,2,2,15
5113.0,cluster_12013799527_12013799528_2190601967,5,2,23
5113.0,cluster_12013799529_12013799530_473195061,5,2,21
5114.0,2496228891,3,2,15
5114.0,cluster_12013799527_12013799528_2190601967,5,2,21
5114.0,cluster_12013799529_12013799530_473195061,4,2,21
5115.0,2496228891,3,2,15
5115.0,cluster_12013799527_12013799528_2190601967,5,2,21
5115.0,cluster_12013799529_12013799530_473195061,4,2,21
5116.0,2496228891,3,2,15
5116.0,cluster_12013799529_12013799530_473195061,4,2,21
5117.0,2496228891,2,2,15
5117.0,cluster_12013799525_12013799526_2496228894,3,0,15
5117.0,cluster_12013799529_12013799530_473195061,4,2,21
5118.0,2496228891,3,2,15
5118.0,cluster_12013799525_12013799526_2496228894,3,0,15
5118.0,cluster_12013799529_12013799530_473195061,5,2,23
5119.0,2496228891,3,2,15
5119.0,cluster_12013799525_12013799526_2496228894,3,0,15
5119.0,cluster_12013799527_12013799528_2190601967,4,0,21
5119.0,cluster_12013799529_12013799530_473195061,4,2,21
5120.0,2496228891,2,2,15
5120.0,cluster_12013799525_12013799526_2496228894,3,0,15
5120.0,cluster_12013799527_12013799528_2190601967,4,0,21
5120.0,cluster_12013799529_12013799530_473195061,4,2,21
5121.0,2496228891,2,2,15
5121.0,cluster_12013799525_12013799526_2496228894,2,0,15
5121.0,cluster_12013799527_12013799528_2190601967,4,0,21
5121.0,cluster_12013799529_12013799530_473195061,4,2,21
5122.0,2496228891,2,2,15
5122.0,cluster_12013799525_12013799526_2496228894,2,0,15
5122.0,cluster_12013799527_12013799528_2190601967,5,0,23
5122.0,cluster_12013799529_12013799530_473195061,5,2,21
5123.0,2496228891,2,2,15
5123.0,cluster_12013799525_12013799526_2496228894,2,0,15
5123.0,cluster_12013799527_12013799528_2190601967,5,0,21
5123.0,cluster_12013799529_12013799530_473195061,5,2,21
5124.0,2496228891,2,2,15
5124.0,cluster_12013799525_12013799526_2496228894,1,0,15
5124.0,cluster_12013799527_12013799528_2190601967,4,0,21
5124.0,cluster_12013799529_12013799530_473195061,4,2,21
5125.0,2496228891,1,2,15
5125.0,cluster_12013799525_12013799526_2496228894,1,0,15
5125.0,cluster_12013799527_12013799528_2190601967,4,0,21
5125.0,cluster_12013799529_12013799530_473195061,4,2,21
5126.0,2496228891,1,2,15
5126.0,cluster_12013799525_12013799526_2496228894,1,0,15
5126.0,cluster_12013799527_12013799528_2190601967,4,0,21
5126.0,cluster_12013799529_12013799530_473195061,5,2,23
5127.0,2496228891,0,2,15
5127.0,cluster_12013799525_12013799526_2496228894,0,0,15
5127.0,cluster_12013799527_12013799528_2190601967,4,0,21
5127.0,cluster_12013799529_12013799530_473195061,5,2,21
5128.0,cluster_12013799525_12013799526_2496228894,0,0,15
5128.0,cluster_12013799527_12013799528_2190601967,4,0,21
5128.0,cluster_12013799529_12013799530_473195061,6,2,23
5129.0,cluster_12013799525_12013799526_2496228894,0,0,15
5129.0,cluster_12013799527_12013799528_2190601967,4,0,21
5129.0,cluster_12013799529_12013799530_473195061,6,2,21
5130.0,cluster_12013799525_12013799526_2496228894,0,0,15
5130.0,cluster_12013799527_12013799528_2190601967,4,0,21
5130.0,cluster_12013799529_12013799530_473195061,6,2,21
5131.0,2496228891,5,0,21
5131.0,cluster_12013799525_12013799526_2496228894,0,0,15
5131.0,cluster_12013799527_12013799528_2190601967,3,0,15
5131.0,cluster_12013799529_12013799530_473195061,5,2,21
5132.0,2496228891,5,0,21
5132.0,cluster_12013799525_12013799526_2496228894,0,0,15
5132.0,cluster_12013799527_12013799528_2190601967,3,0,15
5132.0,cluster_12013799529_12013799530_473195061,5,2,21
5133.0,2496228891,5,0,21
5133.0,cluster_12013799527_12013799528_2190601967,3,0,15
5133.0,cluster_12013799529_12013799530_473195061,6,2,23
5134.0,2496228891,5,0,21
5134.0,cluster_12013799527_12013799528_2190601967,3,0,15
5134.0,cluster_12013799529_12013799530_473195061,6,2,21
5135.0,2496228891,5,0,21
5135.0,cluster_12013799527_12013799528_2190601967,3,0,15
5136.0,2496228891,5,0,21
5136.0,cluster_12013799525_12013799526_2496228894,3,2,15
5136.0,cluster_12013799527_12013799528_2190601967,2,0,15
5137.0,2496228891,5,0,21
5137.0,cluster_12013799525_12013799526_2496228894,2,2,15
5137.0,cluster_12013799527_12013799528_2190601967,2,0,15
5138.0,2496228891,5,0,21
5138.0,cluster_12013799525_12013799526_2496228894,2,2,15
5138.0,cluster_12013799527_12013799528_2190601967,2,0,15
5138.0,cluster_12013799529_12013799530_473195061,5,0,21
5139.0,2496228891,4,0,21
5139.0,cluster_12013799525_12013799526_2496228894,2,2,15
5139.0,cluster_12013799527_12013799528_2190601967,2,0,15
5139.0,cluster_12013799529_12013799530_473195061,4,0,21
5140.0,2496228891,4,0,21
5140.0,cluster_12013799525_12013799526_2496228894,1,2,15
5140.0,cluster_12013799527_12013799528_2190601967,1,0,15
5140.0,cluster_12013799529_12013799530_473195061,4,0,21
5141.0,2496228891,4,0,21
5141.0,cluster_12013799525_12013799526_2496228894,1,2,15
5141.0,cluster_12013799529_12013799530_473195061,4,0,21
5142.0,2496228891,4,0,21
5142.0,cluster_12013799525_12013799526_2496228894,1,2,15
5142.0,cluster_12013799529_12013799530_473195061,4,0,21
5143.0,2496228891,5,0,23
5143.0,cluster_12013799525_12013799526_2496228894,0,2,15
5143.0,cluster_12013799529_12013799530_473195061,3,0,15
5144.0,2496228891,5,0,21
5144.0,cluster_12013799525_12013799526_2496228894,0,2,15
5144.0,cluster_12013799527_12013799528_2190601967,6,2,21
5144.0,cluster_12013799529_12013799530_473195061,3,0,15
5145.0,2496228891,4,0,21
5145.0,cluster_12013799525_12013799526_2496228894,0,2,15
5145.0,cluster_12013799527_12013799528_2190601967,5,2,23
5145.0,cluster_12013799529_12013799530_473195061,2,0,15
5146.0,2496228891,6,0,23
5146.0,cluster_12013799525_12013799526_2496228894,0,2,15
5146.0,cluster_12013799527_12013799528_2190601967,5,2,21
5146.0,cluster_12013799529_12013799530_473195061,2,0,15
5147.0,2496228891,6,0,21
5147.0,cluster_12013799525_12013799526_2496228894,0,2,15
5147.0,cluster_12013799527_12013799528_2190601967,5,2,21
5147.0,cluster_12013799529_12013799530_473195061,2,0,15
5148.0,2496228891,3,0,15
5148.0,cluster_12013799525_12013799526_2496228894,0,2,15
5148.0,cluster_12013799527_12013799528_2190601967,4,2,21
5148.0,cluster_12013799529_12013799530_473195061,1,0,15
5149.0,2496228891,3,0,15
5149.0,cluster_12013799525_12013799526_2496228894,0,2,15
5149.0,cluster_12013799527_12013799528_2190601967,3,2,15
5149.0,cluster_12013799529_12013799530_473195061,1,0,15
5150.0,2496228891,3,0,15
5150.0,cluster_12013799525_12013799526_2496228894,0,2,15
5150.0,cluster_12013799527_12013799528_2190601967,2,2,15
5150.0,cluster_12013799529_12013799530_473195061,0,0,15
5151.0,2496228891,1,0,15
5151.0,cluster_12013799525_12013799526_2496228894,0,2,15
5151.0,cluster_12013799527_12013799528_2190601967,2,2,15
5151.0,cluster_12013799529_12013799530_473195061,0,0,15
5152.0,2496228891,2,0,15
5152.0,cluster_12013799527_12013799528_2190601967,2,2,15
5152.0,cluster_12013799529_12013799530_473195061,0,0,15
5153.0,cluster_12013799527_12013799528_2190601967,2,2,15
5153.0,cluster_12013799529_12013799530_473195061,0,0,15
5154.0,cluster_12013799527_12013799528_2190601967,2,2,15
5154.0,cluster_12013799529_12013799530_473195061,0,0,15
5155.0,cluster_12013799525_12013799526_2496228894,0,0,15
5155.0,cluster_12013799527_12013799528_2190601967,2,2,15
5155.0,cluster_12013799529_12013799530_473195061,0,0,15
5156.0,2496228891,0,2,15
5156.0,cluster_12013799525_12013799526_2496228894,0,0,15
5156.0,cluster_12013799527_12013799528_2190601967,1,2,15
5156.0,cluster_12013799529_12013799530_473195061,0,0,15
5157.0,2496228891,0,2,15
5157.0,cluster_12013799525_12013799526_2496228894,0,0,15
5157.0,cluster_12013799527_12013799528_2190601967,1,2,15
5157.0,cluster_12013799529_12013799530_473195061,0,0,15
5158.0,2496228891,0,2,15
5158.0,cluster_12013799525_12013799526_2496228894,0,0,15
5158.0,cluster_12013799527_12013799528_2190601967,0,2,15
5158.0,cluster_12013799529_12013799530_473195061,0,0,15
5159.0,2496228891,0,2,15
5159.0,cluster_12013799525_12013799526_2496228894,0,0,15
5159.0,cluster_12013799527_12013799528_2190601967,0,2,15
5159.0,cluster_12013799529_12013799530_473195061,0,0,15
5160.0,2496228891,0,2,15
5160.0,cluster_12013799525_12013799526_2496228894,0,0,15
5160.0,cluster_12013799527_12013799528_2190601967,0,2,15
5161.0,2496228891,0,2,15
5161.0,cluster_12013799525_12013799526_2496228894,0,0,15
5161.0,cluster_12013799527_12013799528_2190601967,0,2,15
5162.0,2496228891,0,2,15
5162.0,cluster_12013799525_12013799526_2496228894,0,0,15
5162.0,cluster_12013799527_12013799528_2190601967,0,2,15
5163.0,2496228891,0,2,15
5163.0,cluster_12013799525_12013799526_2496228894,0,0,15
5163.0,cluster_12013799527_12013799528_2190601967,0,2,15
5163.0,cluster_12013799529_12013799530_473195061,10,2,22
5164.0,2496228891,0,2,15
5164.0,cluster_12013799525_12013799526_2496228894,0,0,15
5164.0,cluster_12013799527_12013799528_2190601967,0,2,15
5164.0,cluster_12013799529_12013799530_473195061,8,2,21
5165.0,2496228891,0,2,15
5165.0,cluster_12013799525_12013799526_2496228894,0,0,15
5165.0,cluster_12013799527_12013799528_2190601967,0,2,15
5165.0,cluster_12013799529_12013799530_473195061,8,2,21
5166.0,2496228891,0,2,15
5166.0,cluster_12013799525_12013799526_2496228894,0,0,15
5166.0,cluster_12013799529_12013799530_473195061,8,2,21
5167.0,2496228891,0,2,15
5167.0,cluster_12013799525_12013799526_2496228894,0,0,15
5167.0,cluster_12013799529_12013799530_473195061,7,2,21
5168.0,2496228891,0,2,15
5168.0,cluster_12013799525_12013799526_2496228894,0,0,15
5168.0,cluster_12013799529_12013799530_473195061,6,2,21
5169.0,2496228891,0,2,15
5169.0,cluster_12013799525_12013799526_2496228894,0,0,15
5169.0,cluster_12013799527_12013799528_2190601967,1,0,15
5169.0,cluster_12013799529_12013799530_473195061,6,2,21
5170.0,2496228891,0,2,15
5170.0,cluster_12013799525_12013799526_2496228894,0,0,15
5170.0,cluster_12013799527_12013799528_2190601967,0,0,15
5170.0,cluster_12013799529_12013799530_473195061,4,2,21
5171.0,2496228891,0,2,15
5171.0,cluster_12013799527_12013799528_2190601967,0,0,15
5171.0,cluster_12013799529_12013799530_473195061,3,2,15
5172.0,cluster_12013799527_12013799528_2190601967,0,0,15
5172.0,cluster_12013799529_12013799530_473195061,3,2,15
5173.0,cluster_12013799527_12013799528_2190601967,0,0,15
5173.0,cluster_12013799529_12013799530_473195061,2,2,15
5174.0,cluster_12013799525_12013799526_2496228894,0,2,15
5174.0,cluster_12013799527_12013799528_2190601967,0,0,15
5174.0,cluster_12013799529_12013799530_473195061,3,2,15
5175.0,2496228891,6,0,21
5175.0,cluster_12013799525_12013799526_2496228894,0,2,15
5175.0,cluster_12013799527_12013799528_2190601967,0,0,15
5175.0,cluster_12013799529_12013799530_473195061,3,2,15
5176.0,2496228891,6,0,23
5176.0,cluster_12013799525_12013799526_2496228894,0,2,15
5176.0,cluster_12013799527_12013799528_2190601967,0,0,15
5176.0,cluster_12013799529_12013799530_473195061,1,2,15
5177.0,2496228891,6,0,23
5177.0,cluster_12013799525_12013799526_2496228894,0,2,15
5177.0,cluster_12013799527_12013799528_2190601967,0,0,15
5177.0,cluster_12013799529_12013799530_473195061,1,2,15
5178.0,2496228891,6,0,21
5178.0,cluster_12013799525_12013799526_2496228894,0,2,15
5178.0,cluster_12013799527_12013799528_2190601967,0,0,15
5178.0,cluster_12013799529_12013799530_473195061,1,2,15
5179.0,2496228891,5,0,23
5179.0,cluster_12013799525_12013799526_2496228894,1,2,15
5179.0,cluster_12013799527_12013799528_2190601967,0,0,15
5179.0,cluster_12013799529_12013799530_473195061,1,2,15
5180.0,2496228891,3,0,15
5180.0,cluster_12013799525_12013799526_2496228894,1,2,15
5180.0,cluster_12013799527_12013799528_2190601967,0,0,15
5180.0,cluster_12013799529_12013799530_473195061,1,2,15
5181.0,2496228891,4,0,23
5181.0,cluster_12013799525_12013799526_2496228894,2,2,15
5181.0,cluster_12013799527_12013799528_2190601967,0,0,15
5181.0,cluster_12013799529_12013799530_473195061,1,2,15
5182.0,2496228891,3,0,15
5182.0,cluster_12013799525_12013799526_2496228894,2,2,15
5182.0,cluster_12013799527_12013799528_2190601967,0,0,15
5182.0,cluster_12013799529_12013799530_473195061,1,2,15
5183.0,2496228891,3,0,15
5183.0,cluster_12013799525_12013799526_2496228894,2,2,15
5183.0,cluster_12013799527_12013799528_2190601967,0,0,15
5183.0,cluster_12013799529_12013799530_473195061,1,2,15
5184.0,2496228891,4,0,23
5184.0,cluster_12013799525_12013799526_2496228894,3,2,15
5184.0,cluster_12013799527_12013799528_2190601967,0,0,15
5184.0,cluster_12013799529_12013799530_473195061,0,2,15
5185.0,2496228891,3,0,15
5185.0,cluster_12013799525_12013799526_2496228894,3,2,15
5185.0,cluster_12013799529_12013799530_473195061,0,2,15
5186.0,2496228891,2,0,15
5186.0,cluster_12013799525_12013799526_2496228894,4,2,23
5187.0,2496228891,1,0,15
5187.0,cluster_12013799525_12013799526_2496228894,4,2,23
5188.0,2496228891,1,0,15
5188.0,cluster_12013799525_12013799526_2496228894,4,2,21
5188.0,cluster_12013799527_12013799528_2190601967,0,2,15
5189.0,2496228891,1,0,15
5189.0,cluster_12013799525_12013799526_2496228894,5,2,23
5189.0,cluster_12013799527_12013799528_2190601967,0,2,15
5189.0,cluster_12013799529_12013799530_473195061,0,0,15
5190.0,2496228891,1,0,15
5190.0,cluster_12013799527_12013799528_2190601967,0,2,15
5190.0,cluster_12013799529_12013799530_473195061,0,0,15
5191.0,2496228891,0,0,15
5191.0,cluster_12013799527_12013799528_2190601967,0,2,15
5191.0,cluster_12013799529_12013799530_473195061,0,0,15
5192.0,2496228891,0,0,15
5192.0,cluster_12013799527_12013799528_2190601967,0,2,15
5192.0,cluster_12013799529_12013799530_473195061,0,0,15
5193.0,2496228891,0,0,15
5193.0,cluster_12013799525_12013799526_2496228894,0,0,15
5193.0,cluster_12013799527_12013799528_2190601967,0,2,15
5193.0,cluster_12013799529_12013799530_473195061,0,0,15
5194.0,2496228891,0,0,15
5194.0,cluster_12013799525_12013799526_2496228894,0,0,15
5194.0,cluster_12013799527_12013799528_2190601967,0,2,15
5194.0,cluster_12013799529_12013799530_473195061,0,0,15
5195.0,2496228891,0,0,15
5195.0,cluster_12013799525_12013799526_2496228894,0,0,15
5195.0,cluster_12013799527_12013799528_2190601967,0,2,15
5195.0,cluster_12013799529_12013799530_473195061,0,0,15
5196.0,2496228891,0,0,15
5196.0,cluster_12013799525_12013799526_2496228894,0,0,15
5196.0,cluster_12013799527_12013799528_2190601967,0,2,15
5196.0,cluster_12013799529_12013799530_473195061,0,0,15
5197.0,cluster_12013799525_12013799526_2496228894,0,0,15
5197.0,cluster_12013799527_12013799528_2190601967,0,2,15
5197.0,cluster_12013799529_12013799530_473195061,0,0,15
5198.0,cluster_12013799525_12013799526_2496228894,0,0,15
5198.0,cluster_12013799527_12013799528_2190601967,0,2,15
5198.0,cluster_12013799529_12013799530_473195061,0,0,15
5199.0,cluster_12013799525_12013799526_2496228894,0,0,15
5199.0,cluster_12013799527_12013799528_2190601967,0,2,15
5199.0,cluster_12013799529_12013799530_473195061,0,0,15
5200.0,2496228891,0,2,15
5200.0,cluster_12013799525_12013799526_2496228894,0,0,15
5200.0,cluster_12013799527_12013799528_2190601967,0,2,15
5200.0,cluster_12013799529_12013799530_473195061,0,0,15
5201.0,2496228891,1,2,15
5201.0,cluster_12013799525_12013799526_2496228894,1,0,15
5201.0,cluster_12013799527_12013799528_2190601967,1,2,15
5201.0,cluster_12013799529_12013799530_473195061,1,0,15
5202.0,2496228891,1,2,15
5202.0,cluster_12013799525_12013799526_2496228894,1,0,15
5202.0,cluster_12013799527_12013799528_2190601967,1,2,15
5202.0,cluster_12013799529_12013799530_473195061,1,0,15
5203.0,2496228891,1,2,15
5203.0,cluster_12013799525_12013799526_2496228894,1,0,15
5203.0,cluster_12013799527_12013799528_2190601967,1,2,15
5203.0,cluster_12013799529_12013799530_473195061,1,0,15
5204.0,2496228891,1,2,15
5204.0,cluster_12013799525_12013799526_2496228894,1,0,15
5204.0,cluster_12013799529_12013799530_473195061,1,0,15
5205.0,2496228891,2,2,15
5205.0,cluster_12013799525_12013799526_2496228894,2,0,15
5206.0,2496228891,2,2,15
5206.0,cluster_12013799525_12013799526_2496228894,2,0,15
5207.0,2496228891,2,2,15
5207.0,cluster_12013799525_12013799526_2496228894,2,0,15
5207.0,cluster_12013799527_12013799528_2190601967,2,0,15
5208.0,2496228891,2,2,15
5208.0,cluster_12013799525_12013799526_2496228894,2,0,15
5208.0,cluster_12013799527_12013799528_2190601967,2,0,15
5208.0,cluster_12013799529_12013799530_473195061,2,2,15
5209.0,2496228891,2,2,15
5209.0,cluster_12013799527_12013799528_2190601967,3,0,15
5209.0,cluster_12013799529_12013799530_473195061,3,2,15
5210.0,2496228891,3,2,15
5210.0,cluster_12013799527_12013799528_2190601967,3,0,15
5210.0,cluster_12013799529_12013799530_473195061,3,2,15
5211.0,2496228891,3,2,15
5211.0,cluster_12013799527_12013799528_2190601967,3,0,15
5211.0,cluster_12013799529_12013799530_473195061,3,2,15
5212.0,2496228891,3,2,15
5212.0,cluster_12013799525_12013799526_2496228894,7,2,21
5212.0,cluster_12013799527_12013799528_2190601967,3,0,15
5212.0,cluster_12013799529_12013799530_473195061,3,2,15
5213.0,2496228891,3,2,15
5213.0,cluster_12013799525_12013799526_2496228894,6,2,21
5213.0,cluster_12013799527_12013799528_2190601967,4,0,23
5213.0,cluster_12013799529_12013799530_473195061,4,2,21
5214.0,2496228891,3,2,15
5214.0,cluster_12013799525_12013799526_2496228894,6,2,21
5214.0,cluster_12013799527_12013799528_2190601967,4,0,21
5214.0,cluster_12013799529_12013799530_473195061,4,2,21
5215.0,2496228891,3,2,15
5215.0,cluster_12013799525_12013799526_2496228894,6,2,21
5215.0,cluster_12013799527_12013799528_2190601967,4,0,21
5215.0,cluster_12013799529_12013799530_473195061,4,2,21
5216.0,cluster_12013799525_12013799526_2496228894,6,2,21
5216.0,cluster_12013799527_12013799528_2190601967,4,0,21
5216.0,cluster_12013799529_12013799530_473195061,4,2,21
5217.0,cluster_12013799525_12013799526_2496228894,3,2,15
5217.0,cluster_12013799527_12013799528_2190601967,5,0,23
5217.0,cluster_12013799529_12013799530_473195061,5,2,21
5218.0,cluster_12013799525_12013799526_2496228894,4,2,23
5218.0,cluster_12013799527_12013799528_2190601967,5,0,21
5218.0,cluster_12013799529_12013799530_473195061,5,2,21
5219.0,2496228891,5,0,21
5219.0,cluster_12013799525_12013799526_2496228894,4,2,21
5219.0,cluster_12013799527_12013799528_2190601967,4,0,21
5219.0,cluster_12013799529_12013799530_473195061,4,2,21
5220.0,2496228891,5,0,21
5220.0,cluster_12013799525_12013799526_2496228894,3,2,15
5220.0,cluster_12013799527_12013799528_2190601967,4,0,21
5220.0,cluster_12013799529_12013799530_473195061,4,2,21
5221.0,2496228891,5,0,21
5221.0,cluster_12013799525_12013799526_2496228894,3,2,15
5221.0,cluster_12013799527_12013799528_2190601967,5,0,23
5221.0,cluster_12013799529_12013799530_473195061,5,2,21
5222.0,2496228891,5,0,21
5222.0,cluster_12013799525_12013799526_2496228894,3,2,15
5222.0,cluster_12013799527_12013799528_2190601967,5,0,21
5222.0,cluster_12013799529_12013799530_473195061,5,2,21
5223.0,2496228891,5,0,21
5223.0,cluster_12013799525_12013799526_2496228894,3,2,15
5223.0,cluster_12013799529_12013799530_473195061,4,2,21
5224.0,2496228891,5,0,21
5224.0,cluster_12013799525_12013799526_2496228894,3,2,15
5225.0,2496228891,5,0,21
5225.0,cluster_12013799525_12013799526_2496228894,3,2,15
5226.0,2496228891,5,0,21
5226.0,cluster_12013799525_12013799526_2496228894,3,2,15
5226.0,cluster_12013799527_12013799528_2190601967,5,2,21
5227.0,2496228891,5,0,21
5227.0,cluster_12013799525_12013799526_2496228894,3,2,15
5227.0,cluster_12013799527_12013799528_2190601967,5,2,21
5227.0,cluster_12013799529_12013799530_473195061,5,0,21
5228.0,2496228891,4,0,21
5228.0,cluster_12013799525_12013799526_2496228894,3,2,15
5228.0,cluster_12013799527_12013799528_2190601967,5,2,21
5228.0,cluster_12013799529_12013799530_473195061,4,0,21
5229.0,2496228891,4,0,21
5229.0,cluster_12013799525_12013799526_2496228894,3,2,15
5229.0,cluster_12013799527_12013799528_2190601967,4,2,21
5229.0,cluster_12013799529_12013799530_473195061,4,0,21
5230.0,2496228891,4,0,21
5230.0,cluster_12013799525_12013799526_2496228894,3,2,15
5230.0,cluster_12013799527_12013799528_2190601967,4,2,21
5230.0,cluster_12013799529_12013799530_473195061,4,0,21
5231.0,2496228891,3,0,15
5231.0,cluster_12013799525_12013799526_2496228894,3,2,15
5231.0,cluster_12013799527_12013799528_2190601967,4,2,21
5231.0,cluster_12013799529_12013799530_473195061,3,0,15
5232.0,2496228891,5,0,23
5232.0,cluster_12013799525_12013799526_2496228894,3,2,15
5232.0,cluster_12013799527_12013799528_2190601967,4,2,21
5232.0,cluster_12013799529_12013799530_473195061,3,0,15
5233.0,2496228891,5,0,21
5233.0,cluster_12013799525_12013799526_2496228894,3,2,15
5233.0,cluster_12013799527_12013799528_2190601967,4,2,21
5233.0,cluster_12013799529_12013799530_473195061,3,0,15
5234.0,2496228891,4,0,21
5234.0,cluster_12013799527_12013799528_2190601967,4,2,21
5234.0,cluster_12013799529_12013799530_473195061,2,0,15
5235.0,2496228891,6,0,23
5235.0,cluster_12013799527_12013799528_2190601967,4,2,21
5235.0,cluster_12013799529_12013799530_473195061,2,0,15
5236.0,2496228891,6,0,21
5236.0,cluster_12013799527_12013799528_2190601967,4,2,21
5236.0,cluster_12013799529_12013799530_473195061,2,0,15
5237.0,2496228891,4,0,23
5237.0,cluster_12013799525_12013799526_2496228894,4,0,21
5237.0,cluster_12013799527_12013799528_2190601967,4,2,21
5237.0,cluster_12013799529_12013799530_473195061,1,0,15
5238.0,2496228891,4,0,23
5238.0,cluster_12013799525_12013799526_2496228894,3,0,15
5238.0,cluster_12013799527_12013799528_2190601967,3,2,15
5238.0,cluster_12013799529_12013799530_473195061,1,0,15
5239.0,2496228891,2,0,15
5239.0,cluster_12013799525_12013799526_2496228894,3,0,15
5239.0,cluster_12013799527_12013799528_2190601967,3,2,15
5239.0,cluster_12013799529_12013799530_473195061,1,0,15
5240.0,2496228891,1,0,15
5240.0,cluster_12013799525_12013799526_2496228894,3,0,15
5240.0,cluster_12013799527_12013799528_2190601967,3,2,15
5240.0,cluster_12013799529_12013799530_473195061,0,0,15
5241.0,cluster_12013799525_12013799526_2496228894,2,0,15
5241.0,cluster_12013799527_12013799528_2190601967,2,2,15
5241.0,cluster_12013799529_12013799530_473195061,0,0,15
5242.0,cluster_12013799525_12013799526_2496228894,2,0,15
5242.0,cluster_12013799527_12013799528_2190601967,2,2,15
5242.0,cluster_12013799529_12013799530_473195061,0,0,15
5243.0,cluster_12013799525_12013799526_2496228894,2,0,15
5243.0,cluster_12013799527_12013799528_2190601967,3,2,15
5243.0,cluster_12013799529_12013799530_473195061,0,0,15
5244.0,2496228891,3,2,15
5244.0,cluster_12013799525_12013799526_2496228894,1,0,15
5244.0,cluster_12013799527_12013799528_2190601967,2,2,15
5244.0,cluster_12013799529_12013799530_473195061,0,0,15
5245.0,2496228891,2,2,15
5245.0,cluster_12013799525_12013799526_2496228894,1,0,15
5245.0,cluster_12013799527_12013799528_2190601967,3,2,15
5245.0,cluster_12013799529_12013799530_473195061,0,0,15
5246.0,2496228891,2,2,15
5246.0,cluster_12013799525_12013799526_2496228894,1,0,15
5246.0,cluster_12013799527_12013799528_2190601967,3,2,15
5246.0,cluster_12013799529_12013799530_473195061,0,0,15
5247.0,2496228891,2,2,15
5247.0,cluster_12013799525_12013799526_2496228894,0,0,15
5247.0,cluster_12013799527_12013799528_2190601967,3,2,15
5247.0,cluster_12013799529_12013799530_473195061,0,0,15
5248.0,2496228891,1,2,15
5248.0,cluster_12013799525_12013799526_2496228894,0,0,15
5248.0,cluster_12013799529_12013799530_473195061,0,0,15
5249.0,2496228891,1,2,15
5249.0,cluster_12013799525_12013799526_2496228894,0,0,15
5250.0,2496228891,1,2,15
5250.0,cluster_12013799525_12013799526_2496228894,0,0,15
5251.0,2496228891,1,2,15
5251.0,cluster_12013799525_12013799526_2496228894,0,0,15
5251.0,cluster_12013799527_12013799528_2190601967,5,0,21
5252.0,2496228891,0,2,15
5252.0,cluster_12013799525_12013799526_2496228894,0,0,15
5252.0,cluster_12013799527_12013799528_2190601967,4,0,21
5252.0,cluster_12013799529_12013799530_473195061,5,2,21
5253.0,2496228891,0,2,15
5253.0,cluster_12013799525_12013799526_2496228894,0,0,15
5253.0,cluster_12013799527_12013799528_2190601967,4,0,21
5253.0,cluster_12013799529_12013799530_473195061,4,2,21
5254.0,2496228891,0,2,15
5254.0,cluster_12013799525_12013799526_2496228894,0,0,15
5254.0,cluster_12013799527_12013799528_2190601967,4,0,21
5254.0,cluster_12013799529_12013799530_473195061,4,2,21
5255.0,2496228891,0,2,15
5255.0,cluster_12013799525_12013799526_2496228894,0,0,15
5255.0,cluster_12013799527_12013799528_2190601967,3,0,15
5255.0,cluster_12013799529_12013799530_473195061,3,2,15
5256.0,2496228891,0,2,15
5256.0,cluster_12013799525_12013799526_2496228894,0,0,15
5256.0,cluster_12013799527_12013799528_2190601967,3,0,15
5256.0,cluster_12013799529_12013799530_473195061,4,2,23
5257.0,2496228891,0,2,15
5257.0,cluster_12013799525_12013799526_2496228894,0,0,15
5257.0,cluster_12013799527_12013799528_2190601967,3,0,15
5257.0,cluster_12013799529_12013799530_473195061,4,2,21
5258.0,2496228891,0,2,15
5258.0,cluster_12013799525_12013799526_2496228894,0,0,15
5258.0,cluster_12013799527_12013799528_2190601967,2,0,15
5258.0,cluster_12013799529_12013799530_473195061,4,2,23
5259.0,2496228891,0,2,15
5259.0,cluster_12013799527_12013799528_2190601967,2,0,15
5259.0,cluster_12013799529_12013799530_473195061,4,2,21
5260.0,cluster_12013799527_12013799528_2190601967,1,0,15
5260.0,cluster_12013799529_12013799530_473195061,3,2,15
5261.0,cluster_12013799527_12013799528_2190601967,1,0,15
5261.0,cluster_12013799529_12013799530_473195061,4,2,23
5262.0,cluster_12013799525_12013799526_2496228894,1,2,15
5262.0,cluster_12013799527_12013799528_2190601967,1,0,15
5262.0,cluster_12013799529_12013799530_473195061,4,2,21
5263.0,2496228891,2,0,15
5263.0,cluster_12013799525_12013799526_2496228894,1,2,15
5263.0,cluster_12013799527_12013799528_2190601967,0,0,15
5263.0,cluster_12013799529_12013799530_473195061,4,2,23
5264.0,2496228891,2,0,15
5264.0,cluster_12013799525_12013799526_2496228894,1,2,15
5264.0,cluster_12013799527_12013799528_2190601967,0,0,15
5264.0,cluster_12013799529_12013799530_473195061,4,2,21
5265.0,2496228891,2,0,15
5265.0,cluster_12013799525_12013799526_2496228894,1,2,15
5265.0,cluster_12013799527_12013799528_2190601967,0,0,15
5265.0,cluster_12013799529_12013799530_473195061,5,2,23
5266.0,2496228891,2,0,15
5266.0,cluster_12013799525_12013799526_2496228894,1,2,15
5266.0,cluster_12013799527_12013799528_2190601967,0,0,15
5266.0,cluster_12013799529_12013799530_473195061,4,2,21
5267.0,2496228891,4,0,23
5267.0,cluster_12013799525_12013799526_2496228894,1,2,15
5267.0,cluster_12013799527_12013799528_2190601967,0,0,15
5267.0,cluster_12013799529_12013799530_473195061,4,2,21
5268.0,2496228891,3,0,15
5268.0,cluster_12013799525_12013799526_2496228894,1,2,15
5268.0,cluster_12013799527_12013799528_2190601967,0,0,15
5268.0,cluster_12013799529_12013799530_473195061,3,2,15
5269.0,2496228891,3,0,15
5269.0,cluster_12013799525_12013799526_2496228894,2,2,15
5269.0,cluster_12013799527_12013799528_2190601967,0,0,15
5269.0,cluster_12013799529_12013799530_473195061,3,2,15
5270.0,2496228891,2,0,15
5270.0,cluster_12013799525_12013799526_2496228894,2,2,15
5270.0,cluster_12013799527_12013799528_2190601967,0,0,15
5270.0,cluster_12013799529_12013799530_473195061,3,2,15
5271.0,2496228891,0,0,15
5271.0,cluster_12013799525_12013799526_2496228894,2,2,15
5271.0,cluster_12013799527_12013799528_2190601967,0,0,15
5271.0,cluster_12013799529_12013799530_473195061,2,2,15
5272.0,2496228891,1,0,15
5272.0,cluster_12013799525_12013799526_2496228894,3,2,15
5272.0,cluster_12013799527_12013799528_2190601967,0,0,15
5272.0,cluster_12013799529_12013799530_473195061,2,2,15
5273.0,2496228891,1,0,15
5273.0,cluster_12013799525_12013799526_2496228894,3,2,15
5273.0,cluster_12013799529_12013799530_473195061,1,2,15
5274.0,2496228891,1,0,15
5274.0,cluster_12013799525_12013799526_2496228894,3,2,15
5275.0,2496228891,1,0,15
5275.0,cluster_12013799525_12013799526_2496228894,3,2,15
5276.0,2496228891,2,0,15
5276.0,cluster_12013799525_12013799526_2496228894,3,2,15
5276.0,cluster_12013799527_12013799528_2190601967,4,2,21
5277.0,2496228891,1,0,15
5277.0,cluster_12013799525_12013799526_2496228894,2,2,15
5277.0,cluster_12013799527_12013799528_2190601967,4,2,21
5277.0,cluster_12013799529_12013799530_473195061,0,0,15
5278.0,2496228891,1,0,15
5278.0,cluster_12013799527_12013799528_2190601967,4,2,21
5278.0,cluster_12013799529_12013799530_473195061,0,0,15
5279.0,cluster_12013799527_12013799528_2190601967,4,2,21
5279.0,cluster_12013799529_12013799530_473195061,0,0,15
5280.0,cluster_12013799527_12013799528_2190601967,2,2,15
5280.0,cluster_12013799529_12013799530_473195061,0,0,15
5281.0,cluster_12013799525_12013799526_2496228894,0,0,15
5281.0,cluster_12013799527_12013799528_2190601967,2,2,15
5281.0,cluster_12013799529_12013799530_473195061,0,0,15
5282.0,2496228891,0,2,15
5282.0,cluster_12013799525_12013799526_2496228894,0,0,15
5282.0,cluster_12013799527_12013799528_2190601967,2,2,15
5282.0,cluster_12013799529_12013799530_473195061,0,0,15
5283.0,2496228891,0,2,15
5283.0,cluster_12013799525_12013799526_2496228894,0,0,15
5283.0,cluster_12013799527_12013799528_2190601967,1,2,15
5283.0,cluster_12013799529_12013799530_473195061,0,0,15
5284.0,2496228891,0,2,15
5284.0,cluster_12013799525_12013799526_2496228894,0,0,15
5284.0,cluster_12013799527_12013799528_2190601967,1,2,15
5284.0,cluster_12013799529_12013799530_473195061,0,0,15
5285.0,2496228891,0,2,15
5285.0,cluster_12013799525_12013799526_2496228894,0,0,15
5285.0,cluster_12013799527_12013799528_2190601967,0,2,15
5285.0,cluster_12013799529_12013799530_473195061,0,0,15
5286.0,2496228891,0,2,15
5286.0,cluster_12013799525_12013799526_2496228894,0,0,15
5286.0,cluster_12013799527_12013799528_2190601967,0,2,15
5286.0,cluster_12013799529_12013799530_473195061,0,0,15
5287.0,2496228891,0,2,15
5287.0,cluster_12013799525_12013799526_2496228894,0,0,15
5287.0,cluster_12013799527_12013799528_2190601967,0,2,15
5287.0,cluster_12013799529_12013799530_473195061,0,0,15
5288.0,2496228891,0,2,15
5288.0,cluster_12013799525_12013799526_2496228894,0,0,15
5288.0,cluster_12013799527_12013799528_2190601967,0,2,15
5288.0,cluster_12013799529_12013799530_473195061,0,0,15
5289.0,2496228891,0,2,15
5289.0,cluster_12013799525_12013799526_2496228894,0,0,15
5289.0,cluster_12013799527_12013799528_2190601967,0,2,15
5289.0,cluster_12013799529_12013799530_473195061,0,0,15
5290.0,2496228891,0,2,15
5290.0,cluster_12013799525_12013799526_2496228894,0,0,15
5290.0,cluster_12013799527_12013799528_2190601967,0,2,15
5290.0,cluster_12013799529_12013799530_473195061,0,0,15
5291.0,2496228891,0,2,15
5291.0,cluster_12013799525_12013799526_2496228894,0,0,15
5291.0,cluster_12013799527_12013799528_2190601967,0,2,15
5291.0,cluster_12013799529_12013799530_473195061,0,0,15
5292.0,2496228891,0,2,15
5292.0,cluster_12013799525_12013799526_2496228894,0,0,15
5292.0,cluster_12013799527_12013799528_2190601967,0,2,15
5292.0,cluster_12013799529_12013799530_473195061,0,0,15
5293.0,2496228891,0,2,15
5293.0,cluster_12013799525_12013799526_2496228894,0,0,15
5293.0,cluster_12013799527_12013799528_2190601967,0,2,15
5294.0,2496228891,0,2,15
5294.0,cluster_12013799525_12013799526_2496228894,0,0,15
5294.0,cluster_12013799527_12013799528_2190601967,0,2,15
5295.0,2496228891,0,2,15
5295.0,cluster_12013799525_12013799526_2496228894,0,0,15
5295.0,cluster_12013799527_12013799528_2190601967,0,2,15
5296.0,2496228891,0,2,15
5296.0,cluster_12013799525_12013799526_2496228894,0,0,15
5296.0,cluster_12013799527_12013799528_2190601967,0,2,15
5296.0,cluster_12013799529_12013799530_473195061,4,2,21
5297.0,2496228891,0,2,15
5297.0,cluster_12013799527_12013799528_2190601967,0,2,15
5297.0,cluster_12013799529_12013799530_473195061,3,2,15
5298.0,cluster_12013799529_12013799530_473195061,3,2,15
5299.0,cluster_12013799529_12013799530_473195061,3,2,15
5300.0,cluster_12013799525_12013799526_2496228894,1,2,15
5300.0,cluster_12013799529_12013799530_473195061,2,2,15
5301.0,2496228891,3,0,15
5301.0,cluster_12013799525_12013799526_2496228894,1,2,15
5301.0,cluster_12013799527_12013799528_2190601967,1,0,15
5301.0,cluster_12013799529_12013799530_473195061,3,2,15
5302.0,2496228891,2,0,15
5302.0,cluster_12013799525_12013799526_2496228894,1,2,15
5302.0,cluster_12013799527_12013799528_2190601967,1,0,15
5302.0,cluster_12013799529_12013799530_473195061,3,2,15
5303.0,2496228891,4,0,23
5303.0,cluster_12013799525_12013799526_2496228894,1,2,15
5303.0,cluster_12013799527_12013799528_2190601967,1,0,15
5303.0,cluster_12013799529_12013799530_473195061,2,2,15
5304.0,2496228891,4,0,21
5304.0,cluster_12013799525_12013799526_2496228894,1,2,15
5304.0,cluster_12013799527_12013799528_2190601967,1,0,15
5304.0,cluster_12013799529_12013799530_473195061,2,2,15
5305.0,2496228891,5,0,23
5305.0,cluster_12013799525_12013799526_2496228894,2,2,15
5305.0,cluster_12013799527_12013799528_2190601967,2,0,15
5305.0,cluster_12013799529_12013799530_473195061,2,2,15
5306.0,2496228891,4,0,21
5306.0,cluster_12013799525_12013799526_2496228894,3,2,15
5306.0,cluster_12013799527_12013799528_2190601967,2,0,15
5306.0,cluster_12013799529_12013799530_473195061,2,2,15
5307.0,2496228891,4,0,21
5307.0,cluster_12013799525_12013799526_2496228894,3,2,15
5307.0,cluster_12013799527_12013799528_2190601967,2,0,15
5307.0,cluster_12013799529_12013799530_473195061,2,2,15
5308.0,2496228891,2,0,15
5308.0,cluster_12013799525_12013799526_2496228894,4,2,23
5308.0,cluster_12013799527_12013799528_2190601967,2,0,15
5308.0,cluster_12013799529_12013799530_473195061,2,2,15
5309.0,2496228891,3,0,15
5309.0,cluster_12013799525_12013799526_2496228894,5,2,23
5309.0,cluster_12013799527_12013799528_2190601967,3,0,15
5309.0,cluster_12013799529_12013799530_473195061,3,2,15
5310.0,2496228891,5,0,23
5310.0,cluster_12013799525_12013799526_2496228894,5,2,23
5310.0,cluster_12013799527_12013799528_2190601967,3,0,15
5310.0,cluster_12013799529_12013799530_473195061,3,2,15
5311.0,2496228891,5,0,23
5311.0,cluster_12013799525_12013799526_2496228894,5,2,21
5311.0,cluster_12013799527_12013799528_2190601967,3,0,15
5311.0,cluster_12013799529_12013799530_473195061,3,2,15
5312.0,2496228891,6,0,23
5312.0,cluster_12013799525_12013799526_2496228894,5,2,21
5312.0,cluster_12013799527_12013799528_2190601967,3,0,15
5312.0,cluster_12013799529_12013799530_473195061,3,2,15
5313.0,2496228891,6,0,21
5313.0,cluster_12013799525_12013799526_2496228894,4,2,21
5313.0,cluster_12013799527_12013799528_2190601967,4,0,23
5313.0,cluster_12013799529_12013799530_473195061,4,2,21
5314.0,2496228891,6,0,21
5314.0,cluster_12013799525_12013799526_2496228894,5,2,23
5314.0,cluster_12013799527_12013799528_2190601967,4,0,21
5314.0,cluster_12013799529_12013799530_473195061,4,2,21
5315.0,2496228891,6,0,23
5315.0,cluster_12013799525_12013799526_2496228894,5,2,21
5315.0,cluster_12013799527_12013799528_2190601967,4,0,21
5315.0,cluster_12013799529_12013799530_473195061,4,2,21
5316.0,2496228891,5,0,23
5316.0,cluster_12013799527_12013799528_2190601967,4,0,21
5316.0,cluster_12013799529_12013799530_473195061,4,2,21
5317.0,cluster_12013799529_12013799530_473195061,5,2,23
5319.0,cluster_12013799525_12013799526_2496228894,4,0,21
5320.0,2496228891,2,2,15
5320.0,cluster_12013799525_12013799526_2496228894,3,0,15
5320.0,cluster_12013799527_12013799528_2190601967,3,2,15
5321.0,2496228891,2,2,15
5321.0,cluster_12013799525_12013799526_2496228894,3,0,15
5321.0,cluster_12013799527_12013799528_2190601967,3,2,15
5321.0,cluster_12013799529_12013799530_473195061,4,0,21
5322.0,2496228891,2,2,15
5322.0,cluster_12013799525_12013799526_2496228894,3,0,15
5322.0,cluster_12013799527_12013799528_2190601967,3,2,15
5322.0,cluster_12013799529_12013799530_473195061,4,0,21
5323.0,2496228891,2,2,15
5323.0,cluster_12013799525_12013799526_2496228894,3,0,15
5323.0,cluster_12013799527_12013799528_2190601967,3,2,15
5323.0,cluster_12013799529_12013799530_473195061,4,0,21
5324.0,2496228891,1,2,15
5324.0,cluster_12013799525_12013799526_2496228894,2,0,15
5324.0,cluster_12013799527_12013799528_2190601967,2,2,15
5324.0,cluster_12013799529_12013799530_473195061,3,0,15
5325.0,2496228891,1,2,15
5325.0,cluster_12013799525_12013799526_2496228894,2,0,15
5325.0,cluster_12013799527_12013799528_2190601967,3,2,15
5325.0,cluster_12013799529_12013799530_473195061,3,0,15
5326.0,2496228891,1,2,15
5326.0,cluster_12013799525_12013799526_2496228894,2,0,15
5326.0,cluster_12013799527_12013799528_2190601967,3,2,15
5326.0,cluster_12013799529_12013799530_473195061,2,0,15
5327.0,2496228891,0,2,15
5327.0,cluster_12013799525_12013799526_2496228894,1,0,15
5327.0,cluster_12013799527_12013799528_2190601967,2,2,15
5327.0,cluster_12013799529_12013799530_473195061,2,0,15
5328.0,2496228891,0,2,15
5328.0,cluster_12013799525_12013799526_2496228894,1,0,15
5328.0,cluster_12013799527_12013799528_2190601967,3,2,15
5328.0,cluster_12013799529_12013799530_473195061,2,0,15
5329.0,2496228891,0,2,15
5329.0,cluster_12013799525_12013799526_2496228894,0,0,15
5329.0,cluster_12013799527_12013799528_2190601967,2,2,15
5329.0,cluster_12013799529_12013799530_473195061,2,0,15
5330.0,2496228891,0,2,15
5330.0,cluster_12013799525_12013799526_2496228894,0,0,15
5330.0,cluster_12013799527_12013799528_2190601967,3,2,15
5330.0,cluster_12013799529_12013799530_473195061,1,0,15
5331.0,2496228891,0,2,15
5331.0,cluster_12013799525_12013799526_2496228894,0,0,15
5331.0,cluster_12013799527_12013799528_2190601967,3,2,15
5331.0,cluster_12013799529_12013799530_473195061,1,0,15
5332.0,2496228891,0,2,15
5332.0,cluster_12013799525_12013799526_2496228894,0,0,15
5332.0,cluster_12013799527_12013799528_2190601967,4,2,23
5332.0,cluster_12013799529_12013799530_473195061,1,0,15
5333.0,2496228891,0,2,15
5333.0,cluster_12013799525_12013799526_2496228894,0,0,15
5333.0,cluster_12013799527_12013799528_2190601967,4,2,23
5333.0,cluster_12013799529_12013799530_473195061,1,0,15
5334.0,2496228891,0,2,15
5334.0,cluster_12013799525_12013799526_2496228894,0,0,15
5334.0,cluster_12013799527_12013799528_2190601967,4,2,21
5334.0,cluster_12013799529_12013799530_473195061,1,0,15
5335.0,2496228891,0,2,15
5335.0,cluster_12013799525_12013799526_2496228894,0,0,15
5335.0,cluster_12013799527_12013799528_2190601967,4,2,23
5335.0,cluster_12013799529_12013799530_473195061,0,0,15
5336.0,cluster_12013799525_12013799526_2496228894,0,0,15
5336.0,cluster_12013799529_12013799530_473195061,0,0,15
5337.0,cluster_12013799525_12013799526_2496228894,0,0,15
5337.0,cluster_12013799529_12013799530_473195061,0,0,15
5338.0,cluster_12013799525_12013799526_2496228894,0,0,15
5338.0,cluster_12013799529_12013799530_473195061,0,0,15
5339.0,2496228891,3,0,15
5339.0,cluster_12013799525_12013799526_2496228894,0,0,15
5339.0,cluster_12013799527_12013799528_2190601967,7,0,21
5339.0,cluster_12013799529_12013799530_473195061,0,0,15
5340.0,2496228891,1,0,15
5340.0,cluster_12013799525_12013799526_2496228894,0,0,15
5340.0,cluster_12013799527_12013799528_2190601967,6,0,21
5340.0,cluster_12013799529_12013799530_473195061,0,0,15
5341.0,2496228891,1,0,15
5341.0,cluster_12013799527_12013799528_2190601967,6,0,21
5341.0,cluster_12013799529_12013799530_473195061,0,0,15
5342.0,2496228891,1,0,15
5342.0,cluster_12013799527_12013799528_2190601967,6,0,21
5342.0,cluster_12013799529_12013799530_473195061,0,0,15
5343.0,2496228891,1,0,15
5343.0,cluster_12013799527_12013799528_2190601967,6,0,21
5344.0,2496228891,2,0,15
5344.0,cluster_12013799525_12013799526_2496228894,4,2,21
5344.0,cluster_12013799527_12013799528_2190601967,5,0,21
5345.0,2496228891,1,0,15
5345.0,cluster_12013799525_12013799526_2496228894,3,2,15
5345.0,cluster_12013799527_12013799528_2190601967,5,0,21
5346.0,2496228891,1,0,15
5346.0,cluster_12013799525_12013799526_2496228894,4,2,23
5346.0,cluster_12013799527_12013799528_2190601967,5,0,21
5346.0,cluster_12013799529_12013799530_473195061,5,2,21
5347.0,2496228891,1,0,15
5347.0,cluster_12013799525_12013799526_2496228894,4,2,23
5347.0,cluster_12013799527_12013799528_2190601967,4,0,21
5347.0,cluster_12013799529_12013799530_473195061,5,2,23
5348.0,2496228891,1,0,15
5348.0,cluster_12013799525_12013799526_2496228894,3,2,15
5348.0,cluster_12013799527_12013799528_2190601967,4,0,21
5348.0,cluster_12013799529_12013799530_473195061,5,2,21
5349.0,2496228891,1,0,15
5349.0,cluster_12013799525_12013799526_2496228894,3,2,15
5349.0,cluster_12013799527_12013799528_2190601967,3,0,15
5349.0,cluster_12013799529_12013799530_473195061,5,2,23
5350.0,2496228891,0,0,15
5350.0,cluster_12013799525_12013799526_2496228894,3,2,15
5350.0,cluster_12013799527_12013799528_2190601967,3,0,15
5350.0,cluster_12013799529_12013799530_473195061,5,2,21
5351.0,2496228891,0,0,15
5351.0,cluster_12013799525_12013799526_2496228894,3,2,15
5351.0,cluster_12013799527_12013799528_2190601967,3,0,15
5351.0,cluster_12013799529_12013799530_473195061,5,2,21
5352.0,2496228891,0,0,15
5352.0,cluster_12013799525_12013799526_2496228894,3,2,15
5352.0,cluster_12013799527_12013799528_2190601967,2,0,15
5352.0,cluster_12013799529_12013799530_473195061,5,2,23
5353.0,2496228891,0,0,15
5353.0,cluster_12013799525_12013799526_2496228894,3,2,15
5353.0,cluster_12013799527_12013799528_2190601967,2,0,15
5353.0,cluster_12013799529_12013799530_473195061,5,2,21
5354.0,2496228891,0,0,15
5354.0,cluster_12013799525_12013799526_2496228894,2,2,15
5354.0,cluster_12013799527_12013799528_2190601967,1,0,15
5354.0,cluster_12013799529_12013799530_473195061,5,2,23
5355.0,cluster_12013799525_12013799526_2496228894,2,2,15
5355.0,cluster_12013799527_12013799528_2190601967,1,0,15
5355.0,cluster_12013799529_12013799530_473195061,5,2,21
5356.0,cluster_12013799525_12013799526_2496228894,2,2,15
5356.0,cluster_12013799527_12013799528_2190601967,1,0,15
5356.0,cluster_12013799529_12013799530_473195061,4,2,21
5357.0,cluster_12013799525_12013799526_2496228894,1,2,15
5357.0,cluster_12013799527_12013799528_2190601967,0,0,15
5357.0,cluster_12013799529_12013799530_473195061,4,2,23
5358.0,2496228891,0,2,15
5358.0,cluster_12013799525_12013799526_2496228894,1,2,15
5358.0,cluster_12013799527_12013799528_2190601967,0,0,15
5358.0,cluster_12013799529_12013799530_473195061,4,2,21
5359.0,2496228891,0,2,15
5359.0,cluster_12013799525_12013799526_2496228894,1,2,15
5359.0,cluster_12013799527_12013799528_2190601967,0,0,15
5359.0,cluster_12013799529_12013799530_473195061,5,2,23
5360.0,2496228891,0,2,15
5360.0,cluster_12013799525_12013799526_2496228894,1,2,15
5360.0,cluster_12013799527_12013799528_2190601967,0,0,15
5360.0,cluster_12013799529_12013799530_473195061,4,2,21
5361.0,2496228891,0,2,15
5361.0,cluster_12013799525_12013799526_2496228894,1,2,15
5361.0,cluster_12013799529_12013799530_473195061,4,2,21
5362.0,2496228891,0,2,15
5362.0,cluster_12013799525_12013799526_2496228894,0,2,15
5362.0,cluster_12013799529_12013799530_473195061,3,2,15
5363.0,2496228891,0,2,15
5363.0,cluster_12013799525_12013799526_2496228894,0,2,15
5363.0,cluster_12013799529_12013799530_473195061,3,2,15
5364.0,2496228891,0,2,15
5364.0,cluster_12013799525_12013799526_2496228894,0,2,15
5364.0,cluster_12013799527_12013799528_2190601967,7,2,21
5364.0,cluster_12013799529_12013799530_473195061,2,2,15
5365.0,2496228891,0,2,15
5365.0,cluster_12013799525_12013799526_2496228894,0,2,15
5365.0,cluster_12013799527_12013799528_2190601967,5,2,21
5365.0,cluster_12013799529_12013799530_473195061,1,2,15
5366.0,2496228891,0,2,15
5366.0,cluster_12013799527_12013799528_2190601967,5,2,21
5366.0,cluster_12013799529_12013799530_473195061,1,2,15
5367.0,2496228891,0,2,15
5367.0,cluster_12013799527_12013799528_2190601967,5,2,21
5367.0,cluster_12013799529_12013799530_473195061,1,2,15
5368.0,2496228891,0,2,15
5368.0,cluster_12013799527_12013799528_2190601967,5,2,21
5369.0,2496228891,0,2,15
5369.0,cluster_12013799525_12013799526_2496228894,0,0,15
5369.0,cluster_12013799527_12013799528_2190601967,3,2,15
5370.0,2496228891,0,2,15
5370.0,cluster_12013799525_12013799526_2496228894,0,0,15
5370.0,cluster_12013799527_12013799528_2190601967,3,2,15
5371.0,2496228891,0,2,15
5371.0,cluster_12013799525_12013799526_2496228894,0,0,15
5371.0,cluster_12013799527_12013799528_2190601967,2,2,15
5371.0,cluster_12013799529_12013799530_473195061,0,0,15
5372.0,2496228891,0,2,15
5372.0,cluster_12013799525_12013799526_2496228894,0,0,15
5372.0,cluster_12013799527_12013799528_2190601967,2,2,15
5372.0,cluster_12013799529_12013799530_473195061,0,0,15
5373.0,2496228891,0,2,15
5373.0,cluster_12013799525_12013799526_2496228894,0,0,15
5373.0,cluster_12013799527_12013799528_2190601967,2,2,15
5373.0,cluster_12013799529_12013799530_473195061,0,0,15
5374.0,cluster_12013799525_12013799526_2496228894,0,0,15
5374.0,cluster_12013799527_12013799528_2190601967,1,2,15
5374.0,cluster_12013799529_12013799530_473195061,0,0,15
5375.0,cluster_12013799525_12013799526_2496228894,0,0,15
5375.0,cluster_12013799527_12013799528_2190601967,1,2,15
5375.0,cluster_12013799529_12013799530_473195061,0,0,15
5376.0,cluster_12013799525_12013799526_2496228894,0,0,15
5376.0,cluster_12013799527_12013799528_2190601967,1,2,15
5376.0,cluster_12013799529_12013799530_473195061,0,0,15
5377.0,2496228891,1,0,15
5377.0,cluster_12013799525_12013799526_2496228894,0,0,15
5377.0,cluster_12013799527_12013799528_2190601967,0,2,15
5377.0,cluster_12013799529_12013799530_473195061,0,0,15
5378.0,2496228891,1,0,15
5378.0,cluster_12013799525_12013799526_2496228894,0,0,15
5378.0,cluster_12013799527_12013799528_2190601967,0,2,15
5378.0,cluster_12013799529_12013799530_473195061,0,0,15
5379.0,2496228891,0,0,15
5379.0,cluster_12013799525_12013799526_2496228894,0,0,15
5379.0,cluster_12013799527_12013799528_2190601967,0,2,15
5379.0,cluster_12013799529_12013799530_473195061,0,0,15
5380.0,2496228891,0,0,15
5380.0,cluster_12013799525_12013799526_2496228894,0,0,15
5380.0,cluster_12013799527_12013799528_2190601967,0,2,15
5380.0,cluster_12013799529_12013799530_473195061,0,0,15
5381.0,2496228891,0,0,15
5381.0,cluster_12013799525_12013799526_2496228894,0,0,15
5381.0,cluster_12013799527_12013799528_2190601967,0,2,15
5381.0,cluster_12013799529_12013799530_473195061,0,0,15
5382.0,2496228891,0,0,15
5382.0,cluster_12013799525_12013799526_2496228894,0,0,15
5382.0,cluster_12013799527_12013799528_2190601967,0,2,15
5382.0,cluster_12013799529_12013799530_473195061,0,0,15
5383.0,2496228891,0,0,15
5383.0,cluster_12013799525_12013799526_2496228894,0,0,15
5383.0,cluster_12013799527_12013799528_2190601967,0,2,15
5383.0,cluster_12013799529_12013799530_473195061,0,0,15
5384.0,2496228891,0,0,15
5384.0,cluster_12013799525_12013799526_2496228894,0,0,15
5384.0,cluster_12013799527_12013799528_2190601967,0,2,15
5384.0,cluster_12013799529_12013799530_473195061,0,0,15
5385.0,2496228891,0,0,15
5385.0,cluster_12013799527_12013799528_2190601967,0,2,15
5385.0,cluster_12013799529_12013799530_473195061,0,0,15
5386.0,2496228891,0,0,15
5386.0,cluster_12013799529_12013799530_473195061,0,0,15
5387.0,2496228891,0,0,15
5388.0,2496228891,0,0,15
5388.0,cluster_12013799525_12013799526_2496228894,2,2,15
5389.0,2496228891,0,0,15
5389.0,cluster_12013799525_12013799526_2496228894,1,2,15
5389.0,cluster_12013799527_12013799528_2190601967,0,0,15
5390.0,2496228891,0,0,15
5390.0,cluster_12013799525_12013799526_2496228894,1,2,15
5390.0,cluster_12013799527_12013799528_2190601967,0,0,15
5390.0,cluster_12013799529_12013799530_473195061,5,2,21
5391.0,2496228891,0,0,15
5391.0,cluster_12013799525_12013799526_2496228894,0,2,15
5391.0,cluster_12013799527_12013799528_2190601967,0,0,15
5391.0,cluster_12013799529_12013799530_473195061,3,2,15
5392.0,2496228891,0,0,15
5392.0,cluster_12013799525_12013799526_2496228894,0,2,15
5392.0,cluster_12013799527_12013799528_2190601967,0,0,15
5392.0,cluster_12013799529_12013799530_473195061,3,2,15
5393.0,cluster_12013799525_12013799526_2496228894,0,2,15
5393.0,cluster_12013799527_12013799528_2190601967,0,0,15
5393.0,cluster_12013799529_12013799530_473195061,3,2,15
5394.0,cluster_12013799525_12013799526_2496228894,0,2,15
5394.0,cluster_12013799527_12013799528_2190601967,0,0,15
5394.0,cluster_12013799529_12013799530_473195061,3,2,15
5395.0,cluster_12013799525_12013799526_2496228894,0,2,15
5395.0,cluster_12013799527_12013799528_2190601967,0,0,15
5395.0,cluster_12013799529_12013799530_473195061,1,2,15
5396.0,2496228891,0,2,15
5396.0,cluster_12013799525_12013799526_2496228894,0,2,15
5396.0,cluster_12013799527_12013799528_2190601967,0,0,15
5396.0,cluster_12013799529_12013799530_473195061,1,2,15
5397.0,2496228891,0,2,15
5397.0,cluster_12013799525_12013799526_2496228894,0,2,15
5397.0,cluster_12013799527_12013799528_2190601967,0,0,15
5397.0,cluster_12013799529_12013799530_473195061,1,2,15
5398.0,2496228891,0,2,15
5398.0,cluster_12013799525_12013799526_2496228894,0,2,15
5398.0,cluster_12013799527_12013799528_2190601967,0,0,15
5398.0,cluster_12013799529_12013799530_473195061,0,2,15
5399.0,2496228891,0,2,15
5399.0,cluster_12013799525_12013799526_2496228894,0,2,15
5399.0,cluster_12013799527_12013799528_2190601967,0,0,15
5399.0,cluster_12013799529_12013799530_473195061,0,2,15
5400.0,2496228891,0,2,15
5400.0,cluster_12013799525_12013799526_2496228894,0,2,15
5400.0,cluster_12013799527_12013799528_2190601967,0,0,15
5400.0,cluster_12013799529_12013799530_473195061,0,2,15
5401.0,2496228891,1,2,15
5401.0,cluster_12013799525_12013799526_2496228894,1,2,15
5401.0,cluster_12013799527_12013799528_2190601967,1,0,15
5401.0,cluster_12013799529_12013799530_473195061,1,2,15
5402.0,2496228891,1,2,15
5402.0,cluster_12013799525_12013799526_2496228894,1,2,15
5402.0,cluster_12013799527_12013799528_2190601967,1,0,15
5402.0,cluster_12013799529_12013799530_473195061,1,2,15
5403.0,2496228891,1,2,15
5403.0,cluster_12013799525_12013799526_2496228894,1,2,15
5403.0,cluster_12013799527_12013799528_2190601967,1,0,15
5403.0,cluster_12013799529_12013799530_473195061,1,2,15
5404.0,2496228891,1,2,15
5404.0,cluster_12013799527_12013799528_2190601967,1,0,15
5404.0,cluster_12013799529_12013799530_473195061,1,2,15
5405.0,2496228891,2,2,15
5405.0,cluster_12013799529_12013799530_473195061,2,2,15
5406.0,2496228891,2,2,15
5406.0,cluster_12013799529_12013799530_473195061,2,2,15
5407.0,2496228891,2,2,15
5407.0,cluster_12013799525_12013799526_2496228894,2,0,15
5407.0,cluster_12013799529_12013799530_473195061,2,2,15
5408.0,2496228891,2,2,15
5408.0,cluster_12013799525_12013799526_2496228894,2,0,15
5408.0,cluster_12013799527_12013799528_2190601967,2,2,15
5408.0,cluster_12013799529_12013799530_473195061,2,2,15
5409.0,2496228891,2,2,15
5409.0,cluster_12013799525_12013799526_2496228894,3,0,15
5409.0,cluster_12013799527_12013799528_2190601967,3,2,15
5409.0,cluster_12013799529_12013799530_473195061,3,2,15
5410.0,2496228891,3,2,15
5410.0,cluster_12013799525_12013799526_2496228894,3,0,15
5410.0,cluster_12013799527_12013799528_2190601967,3,2,15
5410.0,cluster_12013799529_12013799530_473195061,3,2,15
5411.0,2496228891,3,2,15
5411.0,cluster_12013799525_12013799526_2496228894,2,0,15
5411.0,cluster_12013799527_12013799528_2190601967,2,2,15
5411.0,cluster_12013799529_12013799530_473195061,3,2,15
5412.0,cluster_12013799525_12013799526_2496228894,2,0,15
5412.0,cluster_12013799527_12013799528_2190601967,2,2,15
5413.0,cluster_12013799525_12013799526_2496228894,3,0,15
5413.0,cluster_12013799527_12013799528_2190601967,4,2,23
5414.0,cluster_12013799525_12013799526_2496228894,3,0,15
5414.0,cluster_12013799527_12013799528_2190601967,4,2,21
5415.0,2496228891,6,0,21
5415.0,cluster_12013799525_12013799526_2496228894,2,0,15
5415.0,cluster_12013799527_12013799528_2190601967,3,2,15
5415.0,cluster_12013799529_12013799530_473195061,4,0,21
5416.0,2496228891,4,0,21
5416.0,cluster_12013799525_12013799526_2496228894,2,0,15
5416.0,cluster_12013799527_12013799528_2190601967,3,2,15
5416.0,cluster_12013799529_12013799530_473195061,4,0,21
5417.0,2496228891,4,0,21
5417.0,cluster_12013799525_12013799526_2496228894,2,0,15
5417.0,cluster_12013799527_12013799528_2190601967,4,2,23
5417.0,cluster_12013799529_12013799530_473195061,4,0,21
5418.0,2496228891,4,0,21
5418.0,cluster_12013799525_12013799526_2496228894,1,0,15
5418.0,cluster_12013799527_12013799528_2190601967,3,2,15
5418.0,cluster_12013799529_12013799530_473195061,4,0,21
5419.0,2496228891,4,0,21
5419.0,cluster_12013799525_12013799526_2496228894,1,0,15
5419.0,cluster_12013799527_12013799528_2190601967,3,2,15
5419.0,cluster_12013799529_12013799530_473195061,4,0,21
5420.0,2496228891,6,0,23
5420.0,cluster_12013799525_12013799526_2496228894,1,0,15
5420.0,cluster_12013799527_12013799528_2190601967,3,2,15
5420.0,cluster_12013799529_12013799530_473195061,4,0,21
5421.0,2496228891,6,0,21
5421.0,cluster_12013799525_12013799526_2496228894,1,0,15
5421.0,cluster_12013799527_12013799528_2190601967,4,2,23
5421.0,cluster_12013799529_12013799530_473195061,4,0,21
5422.0,2496228891,6,0,21
5422.0,cluster_12013799525_12013799526_2496228894,0,0,15
5422.0,cluster_12013799527_12013799528_2190601967,3,2,15
5422.0,cluster_12013799529_12013799530_473195061,4,0,21
5423.0,2496228891,5,0,21
5423.0,cluster_12013799527_12013799528_2190601967,3,2,15
5423.0,cluster_12013799529_12013799530_473195061,3,0,15
5424.0,2496228891,5,0,21
5424.0,cluster_12013799529_12013799530_473195061,3,0,15
5425.0,2496228891,3,0,15
5425.0,cluster_12013799529_12013799530_473195061,3,0,15
5426.0,2496228891,6,0,23
5426.0,cluster_12013799525_12013799526_2496228894,4,2,21
5426.0,cluster_12013799529_12013799530_473195061,3,0,15
5427.0,2496228891,6,0,21
5427.0,cluster_12013799525_12013799526_2496228894,4,2,21
5427.0,cluster_12013799527_12013799528_2190601967,7,0,21
5427.0,cluster_12013799529_12013799530_473195061,3,0,15
5428.0,2496228891,5,0,21
5428.0,cluster_12013799525_12013799526_2496228894,4,2,21
5428.0,cluster_12013799527_12013799528_2190601967,6,0,21
5428.0,cluster_12013799529_12013799530_473195061,2,0,15
5429.0,2496228891,5,0,21
5429.0,cluster_12013799525_12013799526_2496228894,4,2,21
5429.0,cluster_12013799527_12013799528_2190601967,6,0,21
5429.0,cluster_12013799529_12013799530_473195061,2,0,15
5430.0,2496228891,5,0,21
5430.0,cluster_12013799525_12013799526_2496228894,3,2,15
5430.0,cluster_12013799527_12013799528_2190601967,6,0,21
5430.0,cluster_12013799529_12013799530_473195061,2,0,15
5431.0,2496228891,1,0,15
5431.0,cluster_12013799525_12013799526_2496228894,3,2,15
5431.0,cluster_12013799527_12013799528_2190601967,6,0,21
5431.0,cluster_12013799529_12013799530_473195061,1,0,15
5432.0,2496228891,2,0,15
5432.0,cluster_12013799525_12013799526_2496228894,3,2,15
5432.0,cluster_12013799527_12013799528_2190601967,5,0,21
5432.0,cluster_12013799529_12013799530_473195061,1,0,15
5433.0,2496228891,2,0,15
5433.0,cluster_12013799525_12013799526_2496228894,3,2,15
5433.0,cluster_12013799527_12013799528_2190601967,5,0,21
5433.0,cluster_12013799529_12013799530_473195061,1,0,15
5434.0,2496228891,2,0,15
5434.0,cluster_12013799525_12013799526_2496228894,3,2,15
5434.0,cluster_12013799527_12013799528_2190601967,5,0,21
5434.0,cluster_12013799529_12013799530_473195061,1,0,15
5435.0,2496228891,1,0,15
5435.0,cluster_12013799525_12013799526_2496228894,3,2,15
5435.0,cluster_12013799527_12013799528_2190601967,4,0,21
5435.0,cluster_12013799529_12013799530_473195061,0,0,15
5436.0,2496228891,1,0,15
5436.0,cluster_12013799525_12013799526_2496228894,3,2,15
5436.0,cluster_12013799527_12013799528_2190601967,4,0,21
5436.0,cluster_12013799529_12013799530_473195061,0,0,15
5437.0,cluster_12013799525_12013799526_2496228894,3,2,15
5437.0,cluster_12013799527_12013799528_2190601967,3,0,15
5438.0,cluster_12013799525_12013799526_2496228894,3,2,15
5438.0,cluster_12013799527_12013799528_2190601967,3,0,15
5439.0,cluster_12013799525_12013799526_2496228894,3,2,15
5439.0,cluster_12013799527_12013799528_2190601967,3,0,15
5440.0,2496228891,3,2,15
5440.0,cluster_12013799525_12013799526_2496228894,3,2,15
5440.0,cluster_12013799527_12013799528_2190601967,2,0,15
5440.0,cluster_12013799529_12013799530_473195061,5,2,21
5441.0,2496228891,2,2,15
5441.0,cluster_12013799525_12013799526_2496228894,2,2,15
5441.0,cluster_12013799527_12013799528_2190601967,2,0,15
5441.0,cluster_12013799529_12013799530_473195061,5,2,21
5442.0,2496228891,2,2,15
5442.0,cluster_12013799525_12013799526_2496228894,2,2,15
5442.0,cluster_12013799527_12013799528_2190601967,1,0,15
5442.0,cluster_12013799529_12013799530_473195061,5,2,23
5443.0,2496228891,2,2,15
5443.0,cluster_12013799525_12013799526_2496228894,2,2,15
5443.0,cluster_12013799527_12013799528_2190601967,1,0,15
5443.0,cluster_12013799529_12013799530_473195061,5,2,21
5444.0,2496228891,1,2,15
5444.0,cluster_12013799525_12013799526_2496228894,1,2,15
5444.0,cluster_12013799527_12013799528_2190601967,0,0,15
5444.0,cluster_12013799529_12013799530_473195061,5,2,23
5445.0,2496228891,1,2,15
5445.0,cluster_12013799525_12013799526_2496228894,1,2,15
5445.0,cluster_12013799527_12013799528_2190601967,0,0,15
5445.0,cluster_12013799529_12013799530_473195061,5,2,21
5446.0,2496228891,1,2,15
5446.0,cluster_12013799525_12013799526_2496228894,2,2,15
5446.0,cluster_12013799527_12013799528_2190601967,0,0,15
5446.0,cluster_12013799529_12013799530_473195061,5,2,23
5447.0,2496228891,0,2,15
5447.0,cluster_12013799525_12013799526_2496228894,2,2,15
5447.0,cluster_12013799527_12013799528_2190601967,0,0,15
5447.0,cluster_12013799529_12013799530_473195061,4,2,21
5448.0,2496228891,0,2,15
5448.0,cluster_12013799527_12013799528_2190601967,0,0,15
5448.0,cluster_12013799529_12013799530_473195061,4,2,21
5449.0,2496228891,0,2,15
5449.0,cluster_12013799529_12013799530_473195061,3,2,15
5450.0,2496228891,0,2,15
5450.0,cluster_12013799529_12013799530_473195061,3,2,15
5451.0,2496228891,0,2,15
5451.0,cluster_12013799525_12013799526_2496228894,0,0,15
5451.0,cluster_12013799529_12013799530_473195061,3,2,15
5452.0,2496228891,0,2,15
5452.0,cluster_12013799525_12013799526_2496228894,0,0,15
5452.0,cluster_12013799527_12013799528_2190601967,3,2,15
5452.0,cluster_12013799529_12013799530_473195061,3,2,15
5453.0,2496228891,0,2,15
5453.0,cluster_12013799525_12013799526_2496228894,0,0,15
5453.0,cluster_12013799527_12013799528_2190601967,2,2,15
5453.0,cluster_12013799529_12013799530_473195061,2,2,15
5454.0,2496228891,0,2,15
5454.0,cluster_12013799525_12013799526_2496228894,0,0,15
5454.0,cluster_12013799527_12013799528_2190601967,2,2,15
5454.0,cluster_12013799529_12013799530_473195061,2,2,15
5455.0,2496228891,0,2,15
5455.0,cluster_12013799525_12013799526_2496228894,0,0,15
5455.0,cluster_12013799527_12013799528_2190601967,2,2,15
5455.0,cluster_12013799529_12013799530_473195061,0,2,15
5456.0,cluster_12013799525_12013799526_2496228894,0,0,15
5456.0,cluster_12013799527_12013799528_2190601967,2,2,15
5456.0,cluster_12013799529_12013799530_473195061,0,2,15
5457.0,cluster_12013799525_12013799526_2496228894,0,0,15
5457.0,cluster_12013799527_12013799528_2190601967,1,2,15
5457.0,cluster_12013799529_12013799530_473195061,1,2,15
5458.0,cluster_12013799525_12013799526_2496228894,0,0,15
5458.0,cluster_12013799527_12013799528_2190601967,1,2,15
5458.0,cluster_12013799529_12013799530_473195061,1,2,15
5459.0,2496228891,5,0,21
5459.0,cluster_12013799525_12013799526_2496228894,0,0,15
5459.0,cluster_12013799527_12013799528_2190601967,0,2,15
5459.0,cluster_12013799529_12013799530_473195061,2,2,15
5460.0,2496228891,4,0,21
5460.0,cluster_12013799525_12013799526_2496228894,0,0,15
5460.0,cluster_12013799527_12013799528_2190601967,0,2,15
5460.0,cluster_12013799529_12013799530_473195061,2,2,15
5461.0,2496228891,5,0,23
5461.0,cluster_12013799525_12013799526_2496228894,0,0,15
5461.0,cluster_12013799527_12013799528_2190601967,0,2,15
5461.0,cluster_12013799529_12013799530_473195061,2,2,15
5462.0,2496228891,5,0,21
5462.0,cluster_12013799525_12013799526_2496228894,0,0,15
5462.0,cluster_12013799527_12013799528_2190601967,0,2,15
5463.0,2496228891,3,0,15
5463.0,cluster_12013799525_12013799526_2496228894,0,0,15
5463.0,cluster_12013799527_12013799528_2190601967,0,2,15
5464.0,2496228891,3,0,15
5464.0,cluster_12013799525_12013799526_2496228894,0,0,15
5464.0,cluster_12013799527_12013799528_2190601967,0,2,15
5465.0,2496228891,3,0,15
5465.0,cluster_12013799525_12013799526_2496228894,0,0,15
5465.0,cluster_12013799527_12013799528_2190601967,0,2,15
5465.0,cluster_12013799529_12013799530_473195061,0,0,15
5466.0,2496228891,2,0,15
5466.0,cluster_12013799525_12013799526_2496228894,0,0,15
5466.0,cluster_12013799527_12013799528_2190601967,0,2,15
5466.0,cluster_12013799529_12013799530_473195061,0,0,15
5467.0,2496228891,2,0,15
5467.0,cluster_12013799527_12013799528_2190601967,0,2,15
5467.0,cluster_12013799529_12013799530_473195061,0,0,15
5468.0,2496228891,2,0,15
5468.0,cluster_12013799529_12013799530_473195061,0,0,15
5469.0,2496228891,1,0,15
5469.0,cluster_12013799529_12013799530_473195061,0,0,15
5470.0,2496228891,1,0,15
5470.0,cluster_12013799525_12013799526_2496228894,6,2,21
5470.0,cluster_12013799529_12013799530_473195061,0,0,15
5471.0,2496228891,0,0,15
5471.0,cluster_12013799525_12013799526_2496228894,5,2,21
5471.0,cluster_12013799527_12013799528_2190601967,0,0,15
5471.0,cluster_12013799529_12013799530_473195061,0,0,15
5472.0,2496228891,0,0,15
5472.0,cluster_12013799525_12013799526_2496228894,5,2,21
5472.0,cluster_12013799527_12013799528_2190601967,0,0,15
5472.0,cluster_12013799529_12013799530_473195061,0,0,15
5473.0,2496228891,0,0,15
5473.0,cluster_12013799525_12013799526_2496228894,5,2,21
5473.0,cluster_12013799527_12013799528_2190601967,0,0,15
5473.0,cluster_12013799529_12013799530_473195061,0,0,15
5474.0,2496228891,0,0,15
5474.0,cluster_12013799525_12013799526_2496228894,5,2,21
5474.0,cluster_12013799527_12013799528_2190601967,0,0,15
5474.0,cluster_12013799529_12013799530_473195061,0,0,15
5475.0,2496228891,0,0,15
5475.0,cluster_12013799525_12013799526_2496228894,5,2,21
5475.0,cluster_12013799527_12013799528_2190601967,0,0,15
5475.0,cluster_12013799529_12013799530_473195061,0,0,15
5476.0,2496228891,0,0,15
5476.0,cluster_12013799525_12013799526_2496228894,5,2,21
5476.0,cluster_12013799527_12013799528_2190601967,0,0,15
5476.0,cluster_12013799529_12013799530_473195061,0,0,15
5477.0,2496228891,0,0,15
5477.0,cluster_12013799525_12013799526_2496228894,4,2,23
5477.0,cluster_12013799527_12013799528_2190601967,0,0,15
5477.0,cluster_12013799529_12013799530_473195061,0,0,15
5478.0,2496228891,0,0,15
5478.0,cluster_12013799525_12013799526_2496228894,4,2,21
5478.0,cluster_12013799527_12013799528_2190601967,0,0,15
5478.0,cluster_12013799529_12013799530_473195061,0,0,15
5479.0,2496228891,0,0,15
5479.0,cluster_12013799525_12013799526_2496228894,3,2,15
5479.0,cluster_12013799527_12013799528_2190601967,0,0,15
5479.0,cluster_12013799529_12013799530_473195061,0,0,15
5480.0,2496228891,0,0,15
5480.0,cluster_12013799525_12013799526_2496228894,3,2,15
5480.0,cluster_12013799527_12013799528_2190601967,0,0,15
5480.0,cluster_12013799529_12013799530_473195061,0,0,15
5481.0,cluster_12013799525_12013799526_2496228894,2,2,15
5481.0,cluster_12013799527_12013799528_2190601967,0,0,15
5482.0,cluster_12013799525_12013799526_2496228894,2,2,15
5482.0,cluster_12013799527_12013799528_2190601967,0,0,15
5483.0,cluster_12013799525_12013799526_2496228894,2,2,15
5483.0,cluster_12013799527_12013799528_2190601967,0,0,15
5484.0,2496228891,0,2,15
5484.0,cluster_12013799525_12013799526_2496228894,1,2,15
5484.0,cluster_12013799527_12013799528_2190601967,0,0,15
5484.0,cluster_12013799529_12013799530_473195061,2,2,15
5485.0,2496228891,0,2,15
5485.0,cluster_12013799525_12013799526_2496228894,1,2,15
5485.0,cluster_12013799527_12013799528_2190601967,0,0,15
5485.0,cluster_12013799529_12013799530_473195061,1,2,15
5486.0,2496228891,0,2,15
5486.0,cluster_12013799525_12013799526_2496228894,0,2,15
5486.0,cluster_12013799527_12013799528_2190601967,0,0,15
5486.0,cluster_12013799529_12013799530_473195061,1,2,15
5487.0,2496228891,0,2,15
5487.0,cluster_12013799525_12013799526_2496228894,0,2,15
5487.0,cluster_12013799529_12013799530_473195061,1,2,15
5488.0,2496228891,0,2,15
5488.0,cluster_12013799525_12013799526_2496228894,0,2,15
5488.0,cluster_12013799529_12013799530_473195061,0,2,15
5489.0,2496228891,0,2,15
5489.0,cluster_12013799525_12013799526_2496228894,0,2,15
5489.0,cluster_12013799529_12013799530_473195061,0,2,15
5490.0,2496228891,0,2,15
5490.0,cluster_12013799525_12013799526_2496228894,0,2,15
5490.0,cluster_12013799527_12013799528_2190601967,1,2,15
5490.0,cluster_12013799529_12013799530_473195061,0,2,15
5491.0,2496228891,0,2,15
5491.0,cluster_12013799525_12013799526_2496228894,0,2,15
5491.0,cluster_12013799527_12013799528_2190601967,1,2,15
5491.0,cluster_12013799529_12013799530_473195061,0,2,15
5492.0,2496228891,0,2,15
5492.0,cluster_12013799527_12013799528_2190601967,1,2,15
5492.0,cluster_12013799529_12013799530_473195061,0,2,15
5493.0,2496228891,0,2,15
5493.0,cluster_12013799527_12013799528_2190601967,1,2,15
5493.0,cluster_12013799529_12013799530_473195061,0,2,15
5494.0,2496228891,0,2,15
5494.0,cluster_12013799527_12013799528_2190601967,1,2,15
5494.0,cluster_12013799529_12013799530_473195061,1,2,15
5495.0,2496228891,0,2,15
5495.0,cluster_12013799525_12013799526_2496228894,0,0,15
5495.0,cluster_12013799527_12013799528_2190601967,0,2,15
5495.0,cluster_12013799529_12013799530_473195061,1,2,15
5496.0,2496228891,0,2,15
5496.0,cluster_12013799525_12013799526_2496228894,0,0,15
5496.0,cluster_12013799527_12013799528_2190601967,0,2,15
5496.0,cluster_12013799529_12013799530_473195061,1,2,15
5497.0,2496228891,0,2,15
5497.0,cluster_12013799525_12013799526_2496228894,0,0,15
5497.0,cluster_12013799527_12013799528_2190601967,0,2,15
5497.0,cluster_12013799529_12013799530_473195061,1,2,15
5498.0,2496228891,0,2,15
5498.0,cluster_12013799525_12013799526_2496228894,0,0,15
5498.0,cluster_12013799527_12013799528_2190601967,0,2,15
5498.0,cluster_12013799529_12013799530_473195061,1,2,15
5499.0,2496228891,0,2,15
5499.0,cluster_12013799525_12013799526_2496228894,0,0,15
5499.0,cluster_12013799527_12013799528_2190601967,0,2,15
5499.0,cluster_12013799529_12013799530_473195061,1,2,15
5500.0,cluster_12013799525_12013799526_2496228894,0,0,15
5500.0,cluster_12013799527_12013799528_2190601967,0,2,15
5501.0,cluster_12013799525_12013799526_2496228894,1,0,15
5501.0,cluster_12013799527_12013799528_2190601967,1,2,15
5502.0,cluster_12013799525_12013799526_2496228894,1,0,15
5502.0,cluster_12013799527_12013799528_2190601967,1,2,15
5503.0,2496228891,1,0,15
5503.0,cluster_12013799525_12013799526_2496228894,1,0,15
5503.0,cluster_12013799527_12013799528_2190601967,1,2,15
5503.0,cluster_12013799529_12013799530_473195061,1,0,15
5504.0,2496228891,1,0,15
5504.0,cluster_12013799525_12013799526_2496228894,1,0,15
5504.0,cluster_12013799527_12013799528_2190601967,1,2,15
5504.0,cluster_12013799529_12013799530_473195061,1,0,15
5505.0,2496228891,2,0,15
5505.0,cluster_12013799525_12013799526_2496228894,2,0,15
5505.0,cluster_12013799527_12013799528_2190601967,2,2,15
5505.0,cluster_12013799529_12013799530_473195061,2,0,15
5506.0,2496228891,2,0,15
5506.0,cluster_12013799525_12013799526_2496228894,2,0,15
5506.0,cluster_12013799529_12013799530_473195061,2,0,15
5507.0,2496228891,2,0,15
5507.0,cluster_12013799525_12013799526_2496228894,2,0,15
5507.0,cluster_12013799529_12013799530_473195061,2,0,15
5508.0,2496228891,2,0,15
5508.0,cluster_12013799525_12013799526_2496228894,2,0,15
5508.0,cluster_12013799529_12013799530_473195061,2,0,15
5509.0,2496228891,3,0,15
5509.0,cluster_12013799525_12013799526_2496228894,3,0,15
5509.0,cluster_12013799527_12013799528_2190601967,3,0,15
5509.0,cluster_12013799529_12013799530_473195061,3,0,15
5510.0,2496228891,3,0,15
5510.0,cluster_12013799525_12013799526_2496228894,2,0,15
5510.0,cluster_12013799527_12013799528_2190601967,3,0,15
5510.0,cluster_12013799529_12013799530_473195061,3,0,15
5511.0,2496228891,3,0,15
5511.0,cluster_12013799527_12013799528_2190601967,3,0,15
5511.0,cluster_12013799529_12013799530_473195061,3,0,15
5512.0,2496228891,3,0,15
5512.0,cluster_12013799527_12013799528_2190601967,3,0,15
5512.0,cluster_12013799529_12013799530_473195061,3,0,15
5513.0,2496228891,4,0,23
5513.0,cluster_12013799527_12013799528_2190601967,4,0,23
5513.0,cluster_12013799529_12013799530_473195061,4,0,21
5514.0,2496228891,4,0,21
5514.0,cluster_12013799525_12013799526_2496228894,4,2,21
5514.0,cluster_12013799527_12013799528_2190601967,4,0,21
5514.0,cluster_12013799529_12013799530_473195061,4,0,21
5515.0,2496228891,4,0,21
5515.0,cluster_12013799525_12013799526_2496228894,4,2,21
5515.0,cluster_12013799527_12013799528_2190601967,4,0,21
5515.0,cluster_12013799529_12013799530_473195061,4,0,21
5516.0,2496228891,4,0,21
5516.0,cluster_12013799525_12013799526_2496228894,3,2,15
5516.0,cluster_12013799527_12013799528_2190601967,4,0,21
5516.0,cluster_12013799529_12013799530_473195061,4,0,21
5517.0,2496228891,4,0,21
5517.0,cluster_12013799525_12013799526_2496228894,3,2,15
5517.0,cluster_12013799527_12013799528_2190601967,5,0,23
5517.0,cluster_12013799529_12013799530_473195061,4,0,21
5518.0,2496228891,4,0,21
5518.0,cluster_12013799525_12013799526_2496228894,3,2,15
5518.0,cluster_12013799527_12013799528_2190601967,4,0,21
5518.0,cluster_12013799529_12013799530_473195061,4,0,21
5519.0,cluster_12013799525_12013799526_2496228894,3,2,15
5519.0,cluster_12013799527_12013799528_2190601967,4,0,21
5520.0,cluster_12013799525_12013799526_2496228894,3,2,15
5520.0,cluster_12013799527_12013799528_2190601967,4,0,21
5521.0,cluster_12013799525_12013799526_2496228894,3,2,15
5521.0,cluster_12013799527_12013799528_2190601967,5,0,23
5522.0,2496228891,2,2,15
5522.0,cluster_12013799525_12013799526_2496228894,2,2,15
5522.0,cluster_12013799527_12013799528_2190601967,5,0,21
5522.0,cluster_12013799529_12013799530_473195061,5,2,21
5523.0,2496228891,2,2,15
5523.0,cluster_12013799525_12013799526_2496228894,2,2,15
5523.0,cluster_12013799527_12013799528_2190601967,5,0,21
5523.0,cluster_12013799529_12013799530_473195061,5,2,21
5524.0,2496228891,2,2,15
5524.0,cluster_12013799525_12013799526_2496228894,2,2,15
5524.0,cluster_12013799527_12013799528_2190601967,4,0,21
5524.0,cluster_12013799529_12013799530_473195061,4,2,21
5525.0,2496228891,2,2,15
5525.0,cluster_12013799525_12013799526_2496228894,2,2,15
5525.0,cluster_12013799529_12013799530_473195061,5,2,23
5526.0,2496228891,1,2,15
5526.0,cluster_12013799525_12013799526_2496228894,2,2,15
5526.0,cluster_12013799529_12013799530_473195061,6,2,23
5527.0,2496228891,1,2,15
5527.0,cluster_12013799525_12013799526_2496228894,2,2,15
5527.0,cluster_12013799529_12013799530_473195061,6,2,21
5528.0,2496228891,1,2,15
5528.0,cluster_12013799525_12013799526_2496228894,2,2,15
5528.0,cluster_12013799527_12013799528_2190601967,3,2,15
5528.0,cluster_12013799529_12013799530_473195061,6,2,21
5529.0,2496228891,0,2,15
5529.0,cluster_12013799525_12013799526_2496228894,1,2,15
5529.0,cluster_12013799527_12013799528_2190601967,3,2,15
5529.0,cluster_12013799529_12013799530_473195061,6,2,21
5530.0,2496228891,0,2,15
5530.0,cluster_12013799525_12013799526_2496228894,2,2,15
5530.0,cluster_12013799527_12013799528_2190601967,3,2,15
5530.0,cluster_12013799529_12013799530_473195061,6,2,21
5531.0,2496228891,0,2,15
5531.0,cluster_12013799525_12013799526_2496228894,3,2,15
5531.0,cluster_12013799527_12013799528_2190601967,3,2,15
5531.0,cluster_12013799529_12013799530_473195061,6,2,21
5532.0,2496228891,0,2,15
5532.0,cluster_12013799525_12013799526_2496228894,3,2,15
5532.0,cluster_12013799527_12013799528_2190601967,3,2,15
5532.0,cluster_12013799529_12013799530_473195061,6,2,21
5533.0,2496228891,0,2,15
5533.0,cluster_12013799525_12013799526_2496228894,3,2,15
5533.0,cluster_12013799527_12013799528_2190601967,3,2,15
5533.0,cluster_12013799529_12013799530_473195061,7,2,23
5534.0,2496228891,0,2,15
5534.0,cluster_12013799525_12013799526_2496228894,3,2,15
5534.0,cluster_12013799527_12013799528_2190601967,3,2,15
5534.0,cluster_12013799529_12013799530_473195061,7,2,21
5535.0,2496228891,0,2,15
5535.0,cluster_12013799525_12013799526_2496228894,3,2,15
5535.0,cluster_12013799527_12013799528_2190601967,3,2,15
5535.0,cluster_12013799529_12013799530_473195061,7,2,21
5536.0,2496228891,0,2,15
5536.0,cluster_12013799527_12013799528_2190601967,3,2,15
5536.0,cluster_12013799529_12013799530_473195061,7,2,21
5537.0,2496228891,0,2,15
5537.0,cluster_12013799527_12013799528_2190601967,3,2,15
5537.0,cluster_12013799529_12013799530_473195061,6,2,21
5538.0,cluster_12013799527_12013799528_2190601967,3,2,15
5538.0,cluster_12013799529_12013799530_473195061,6,2,21
5539.0,cluster_12013799525_12013799526_2496228894,3,0,15
5539.0,cluster_12013799527_12013799528_2190601967,3,2,15
5539.0,cluster_12013799529_12013799530_473195061,6,2,21
5540.0,cluster_12013799525_12013799526_2496228894,2,0,15
5540.0,cluster_12013799527_12013799528_2190601967,2,2,15
5540.0,cluster_12013799529_12013799530_473195061,6,2,21
5541.0,2496228891,4,0,21
5541.0,cluster_12013799525_12013799526_2496228894,2,0,15
5541.0,cluster_12013799527_12013799528_2190601967,2,2,15
5541.0,cluster_12013799529_12013799530_473195061,6,2,21
5542.0,2496228891,4,0,21
5542.0,cluster_12013799525_12013799526_2496228894,2,0,15
5542.0,cluster_12013799527_12013799528_2190601967,2,2,15
5542.0,cluster_12013799529_12013799530_473195061,6,2,21
5543.0,2496228891,4,0,21
5543.0,cluster_12013799525_12013799526_2496228894,2,0,15
5543.0,cluster_12013799527_12013799528_2190601967,2,2,15
5543.0,cluster_12013799529_12013799530_473195061,5,2,21
5544.0,2496228891,4,0,21
5544.0,cluster_12013799525_12013799526_2496228894,1,0,15
5545.0,2496228891,4,0,21
5545.0,cluster_12013799525_12013799526_2496228894,1,0,15
5546.0,2496228891,4,0,21
5546.0,cluster_12013799525_12013799526_2496228894,1,0,15
5547.0,2496228891,4,0,21
5547.0,cluster_12013799525_12013799526_2496228894,0,0,15
5547.0,cluster_12013799527_12013799528_2190601967,4,0,21
5547.0,cluster_12013799529_12013799530_473195061,4,0,21
5548.0,2496228891,3,0,15
5548.0,cluster_12013799525_12013799526_2496228894,0,0,15
5548.0,cluster_12013799527_12013799528_2190601967,4,0,21
5548.0,cluster_12013799529_12013799530_473195061,3,0,15
5549.0,2496228891,3,0,15
5549.0,cluster_12013799525_12013799526_2496228894,0,0,15
5549.0,cluster_12013799527_12013799528_2190601967,4,0,21
5549.0,cluster_12013799529_12013799530_473195061,3,0,15
5550.0,2496228891,3,0,15
5550.0,cluster_12013799525_12013799526_2496228894,0,0,15
5550.0,cluster_12013799527_12013799528_2190601967,4,0,21
5550.0,cluster_12013799529_12013799530_473195061,3,0,15
5551.0,2496228891,3,0,15
5551.0,cluster_12013799525_12013799526_2496228894,0,0,15
5551.0,cluster_12013799527_12013799528_2190601967,3,0,15
5551.0,cluster_12013799529_12013799530_473195061,3,0,15
5552.0,2496228891,4,0,23
5552.0,cluster_12013799525_12013799526_2496228894,0,0,15
5552.0,cluster_12013799527_12013799528_2190601967,3,0,15
5552.0,cluster_12013799529_12013799530_473195061,2,0,15
5553.0,2496228891,4,0,21
5553.0,cluster_12013799525_12013799526_2496228894,0,0,15
5553.0,cluster_12013799527_12013799528_2190601967,3,0,15
5553.0,cluster_12013799529_12013799530_473195061,2,0,15
5554.0,2496228891,4,0,21
5554.0,cluster_12013799525_12013799526_2496228894,0,0,15
5554.0,cluster_12013799527_12013799528_2190601967,2,0,15
5554.0,cluster_12013799529_12013799530_473195061,2,0,15
5555.0,2496228891,3,0,15
5555.0,cluster_12013799527_12013799528_2190601967,2,0,15
5555.0,cluster_12013799529_12013799530_473195061,1,0,15
5556.0,2496228891,3,0,15
5556.0,cluster_12013799527_12013799528_2190601967,2,0,15
5556.0,cluster_12013799529_12013799530_473195061,1,0,15
5557.0,2496228891,0,0,15
5557.0,cluster_12013799527_12013799528_2190601967,1,0,15
5557.0,cluster_12013799529_12013799530_473195061,0,0,15
5558.0,2496228891,1,0,15
5558.0,cluster_12013799525_12013799526_2496228894,3,2,15
5558.0,cluster_12013799527_12013799528_2190601967,1,0,15
5558.0,cluster_12013799529_12013799530_473195061,0,0,15
5559.0,2496228891,1,0,15
5559.0,cluster_12013799525_12013799526_2496228894,1,2,15
5559.0,cluster_12013799527_12013799528_2190601967,0,0,15
5559.0,cluster_12013799529_12013799530_473195061,0,0,15
5560.0,2496228891,1,0,15
5560.0,cluster_12013799525_12013799526_2496228894,1,2,15
5560.0,cluster_12013799527_12013799528_2190601967,0,0,15
5560.0,cluster_12013799529_12013799530_473195061,0,0,15
5561.0,2496228891,2,0,15
5561.0,cluster_12013799525_12013799526_2496228894,1,2,15
5561.0,cluster_12013799527_12013799528_2190601967,0,0,15
5561.0,cluster_12013799529_12013799530_473195061,0,0,15
5562.0,2496228891,3,0,15
5562.0,cluster_12013799525_12013799526_2496228894,1,2,15
5562.0,cluster_12013799527_12013799528_2190601967,0,0,15
5562.0,cluster_12013799529_12013799530_473195061,0,0,15
5563.0,cluster_12013799525_12013799526_2496228894,0,2,15
5563.0,cluster_12013799527_12013799528_2190601967,0,0,15
5563.0,cluster_12013799529_12013799530_473195061,0,0,15
5564.0,cluster_12013799525_12013799526_2496228894,0,2,15
5564.0,cluster_12013799527_12013799528_2190601967,0,0,15
5564.0,cluster_12013799529_12013799530_473195061,0,0,15
5565.0,cluster_12013799525_12013799526_2496228894,0,2,15
5565.0,cluster_12013799527_12013799528_2190601967,0,0,15
5565.0,cluster_12013799529_12013799530_473195061,0,0,15
5566.0,2496228891,0,2,15
5566.0,cluster_12013799525_12013799526_2496228894,0,2,15
5566.0,cluster_12013799527_12013799528_2190601967,0,0,15
5566.0,cluster_12013799529_12013799530_473195061,0,0,15
5567.0,2496228891,0,2,15
5567.0,cluster_12013799525_12013799526_2496228894,0,2,15
5567.0,cluster_12013799527_12013799528_2190601967,0,0,15
5567.0,cluster_12013799529_12013799530_473195061,0,0,15
5568.0,2496228891,0,2,15
5568.0,cluster_12013799525_12013799526_2496228894,0,2,15
5568.0,cluster_12013799527_12013799528_2190601967,0,0,15
5568.0,cluster_12013799529_12013799530_473195061,0,0,15
5569.0,2496228891,0,2,15
5569.0,cluster_12013799525_12013799526_2496228894,0,2,15
5570.0,2496228891,0,2,15
5570.0,cluster_12013799525_12013799526_2496228894,0,2,15
5571.0,2496228891,0,2,15
5571.0,cluster_12013799525_12013799526_2496228894,0,2,15
5572.0,2496228891,0,2,15
5572.0,cluster_12013799525_12013799526_2496228894,0,2,15
5572.0,cluster_12013799527_12013799528_2190601967,4,2,21
5572.0,cluster_12013799529_12013799530_473195061,4,2,21
5573.0,2496228891,0,2,15
5573.0,cluster_12013799525_12013799526_2496228894,0,2,15
5573.0,cluster_12013799527_12013799528_2190601967,3,2,15
5573.0,cluster_12013799529_12013799530_473195061,3,2,15
5574.0,2496228891,0,2,15
5574.0,cluster_12013799527_12013799528_2190601967,3,2,15
5574.0,cluster_12013799529_12013799530_473195061,3,2,15
5575.0,2496228891,0,2,15
5575.0,cluster_12013799527_12013799528_2190601967,3,2,15
5575.0,cluster_12013799529_12013799530_473195061,3,2,15
5576.0,2496228891,0,2,15
5576.0,cluster_12013799527_12013799528_2190601967,2,2,15
5576.0,cluster_12013799529_12013799530_473195061,2,2,15
5577.0,2496228891,0,2,15
5577.0,cluster_12013799525_12013799526_2496228894,0,0,15
5577.0,cluster_12013799527_12013799528_2190601967,1,2,15
5577.0,cluster_12013799529_12013799530_473195061,3,2,15
5578.0,2496228891,0,2,15
5578.0,cluster_12013799525_12013799526_2496228894,0,0,15
5578.0,cluster_12013799527_12013799528_2190601967,1,2,15
5578.0,cluster_12013799529_12013799530_473195061,3,2,15
5579.0,2496228891,0,2,15
5579.0,cluster_12013799525_12013799526_2496228894,0,0,15
5579.0,cluster_12013799527_12013799528_2190601967,0,2,15
5579.0,cluster_12013799529_12013799530_473195061,3,2,15
5580.0,2496228891,0,2,15
5580.0,cluster_12013799525_12013799526_2496228894,0,0,15
5580.0,cluster_12013799527_12013799528_2190601967,0,2,15
5580.0,cluster_12013799529_12013799530_473195061,3,2,15
5581.0,2496228891,0,2,15
5581.0,cluster_12013799525_12013799526_2496228894,0,0,15
5581.0,cluster_12013799527_12013799528_2190601967,0,2,15
5581.0,cluster_12013799529_12013799530_473195061,4,2,23
5582.0,cluster_12013799525_12013799526_2496228894,0,0,15
5582.0,cluster_12013799527_12013799528_2190601967,0,2,15
5582.0,cluster_12013799529_12013799530_473195061,3,2,15
5583.0,cluster_12013799525_12013799526_2496228894,0,0,15
5583.0,cluster_12013799527_12013799528_2190601967,0,2,15
5583.0,cluster_12013799529_12013799530_473195061,3,2,15
5584.0,cluster_12013799525_12013799526_2496228894,0,0,15
5584.0,cluster_12013799527_12013799528_2190601967,0,2,15
5584.0,cluster_12013799529_12013799530_473195061,3,2,15
5585.0,2496228891,4,0,21
5585.0,cluster_12013799525_12013799526_2496228894,0,0,15
5585.0,cluster_12013799527_12013799528_2190601967,0,2,15
5585.0,cluster_12013799529_12013799530_473195061,3,2,15
5586.0,2496228891,4,0,21
5586.0,cluster_12013799525_12013799526_2496228894,0,0,15
5586.0,cluster_12013799527_12013799528_2190601967,0,2,15
5586.0,cluster_12013799529_12013799530_473195061,2,2,15
5587.0,2496228891,4,0,23
5587.0,cluster_12013799525_12013799526_2496228894,0,0,15
5587.0,cluster_12013799527_12013799528_2190601967,0,2,15
5587.0,cluster_12013799529_12013799530_473195061,2,2,15
5588.0,2496228891,5,0,23
5588.0,cluster_12013799525_12013799526_2496228894,0,0,15
5588.0,cluster_12013799527_12013799528_2190601967,0,2,15
5588.0,cluster_12013799529_12013799530_473195061,2,2,15
5589.0,2496228891,5,0,23
5589.0,cluster_12013799525_12013799526_2496228894,0,0,15
5589.0,cluster_12013799527_12013799528_2190601967,0,2,15
5589.0,cluster_12013799529_12013799530_473195061,2,2,15
5590.0,2496228891,5,0,21
5590.0,cluster_12013799525_12013799526_2496228894,0,0,15
5590.0,cluster_12013799527_12013799528_2190601967,0,2,15
5590.0,cluster_12013799529_12013799530_473195061,1,2,15
5591.0,2496228891,5,0,23
5591.0,cluster_12013799525_12013799526_2496228894,0,0,15
5591.0,cluster_12013799527_12013799528_2190601967,0,2,15
5591.0,cluster_12013799529_12013799530_473195061,1,2,15
5592.0,2496228891,2,0,15
5592.0,cluster_12013799525_12013799526_2496228894,0,0,15
5592.0,cluster_12013799527_12013799528_2190601967,0,2,15
5592.0,cluster_12013799529_12013799530_473195061,0,2,15
5593.0,2496228891,3,0,15
5593.0,cluster_12013799527_12013799528_2190601967,0,2,15
5593.0,cluster_12013799529_12013799530_473195061,0,2,15
5594.0,2496228891,3,0,15
5595.0,2496228891,2,0,15
5596.0,2496228891,2,0,15
5596.0,cluster_12013799525_12013799526_2496228894,3,2,15
5597.0,2496228891,1,0,15
5597.0,cluster_12013799525_12013799526_2496228894,4,2,23
5597.0,cluster_12013799527_12013799528_2190601967,0,0,15
5597.0,cluster_12013799529_12013799530_473195061,0,0,15
5598.0,2496228891,1,0,15
5598.0,cluster_12013799525_12013799526_2496228894,4,2,21
5598.0,cluster_12013799527_12013799528_2190601967,0,0,15
5598.0,cluster_12013799529_12013799530_473195061,0,0,15
5599.0,2496228891,1,0,15
5599.0,cluster_12013799525_12013799526_2496228894,5,2,23
5599.0,cluster_12013799527_12013799528_2190601967,0,0,15
5599.0,cluster_12013799529_12013799530_473195061,0,0,15
5600.0,2496228891,1,0,15
5600.0,cluster_12013799525_12013799526_2496228894,4,2,21
5600.0,cluster_12013799527_12013799528_2190601967,0,0,15
5600.0,cluster_12013799529_12013799530_473195061,0,0,15
5601.0,2496228891,2,0,15
5601.0,cluster_12013799525_12013799526_2496228894,5,2,23
5601.0,cluster_12013799527_12013799528_2190601967,1,0,15
5601.0,cluster_12013799529_12013799530_473195061,1,0,15
5602.0,2496228891,2,0,15
5602.0,cluster_12013799525_12013799526_2496228894,4,2,21
5602.0,cluster_12013799527_12013799528_2190601967,1,0,15
5602.0,cluster_12013799529_12013799530_473195061,1,0,15
5603.0,2496228891,2,0,15
5603.0,cluster_12013799525_12013799526_2496228894,4,2,21
5603.0,cluster_12013799527_12013799528_2190601967,1,0,15
5603.0,cluster_12013799529_12013799530_473195061,1,0,15
5604.0,2496228891,1,0,15
5604.0,cluster_12013799525_12013799526_2496228894,4,2,21
5604.0,cluster_12013799527_12013799528_2190601967,1,0,15
5604.0,cluster_12013799529_12013799530_473195061,1,0,15
5605.0,2496228891,2,0,15
5605.0,cluster_12013799525_12013799526_2496228894,6,2,23
5605.0,cluster_12013799527_12013799528_2190601967,2,0,15
5605.0,cluster_12013799529_12013799530_473195061,2,0,15
5606.0,2496228891,2,0,15
5606.0,cluster_12013799525_12013799526_2496228894,6,2,23
5606.0,cluster_12013799527_12013799528_2190601967,2,0,15
5606.0,cluster_12013799529_12013799530_473195061,2,0,15
5607.0,cluster_12013799525_12013799526_2496228894,6,2,21
5607.0,cluster_12013799527_12013799528_2190601967,2,0,15
5607.0,cluster_12013799529_12013799530_473195061,2,0,15
5608.0,cluster_12013799525_12013799526_2496228894,5,2,21
5608.0,cluster_12013799527_12013799528_2190601967,2,0,15
5608.0,cluster_12013799529_12013799530_473195061,2,0,15
5609.0,cluster_12013799525_12013799526_2496228894,5,2,21
5609.0,cluster_12013799527_12013799528_2190601967,3,0,15
5609.0,cluster_12013799529_12013799530_473195061,3,0,15
5610.0,2496228891,3,2,15
5610.0,cluster_12013799525_12013799526_2496228894,5,2,21
5610.0,cluster_12013799527_12013799528_2190601967,3,0,15
5610.0,cluster_12013799529_12013799530_473195061,3,0,15
5611.0,2496228891,3,2,15
5611.0,cluster_12013799525_12013799526_2496228894,5,2,21
5611.0,cluster_12013799527_12013799528_2190601967,3,0,15
5611.0,cluster_12013799529_12013799530_473195061,3,0,15
5612.0,2496228891,3,2,15
5612.0,cluster_12013799527_12013799528_2190601967,3,0,15
5612.0,cluster_12013799529_12013799530_473195061,3,0,15
5613.0,2496228891,2,2,15
5614.0,2496228891,3,2,15
5615.0,2496228891,3,2,15
5615.0,cluster_12013799525_12013799526_2496228894,3,0,15
5616.0,2496228891,3,2,15
5616.0,cluster_12013799525_12013799526_2496228894,3,0,15
5616.0,cluster_12013799527_12013799528_2190601967,4,2,21
5616.0,cluster_12013799529_12013799530_473195061,4,2,21
5617.0,2496228891,2,2,15
5617.0,cluster_12013799525_12013799526_2496228894,3,0,15
5617.0,cluster_12013799527_12013799528_2190601967,4,2,21
5617.0,cluster_12013799529_12013799530_473195061,5,2,23
5618.0,2496228891,3,2,15
5618.0,cluster_12013799525_12013799526_2496228894,3,0,15
5618.0,cluster_12013799527_12013799528_2190601967,4,2,21
5618.0,cluster_12013799529_12013799530_473195061,5,2,21
5619.0,2496228891,2,2,15
5619.0,cluster_12013799525_12013799526_2496228894,2,0,15
5619.0,cluster_12013799527_12013799528_2190601967,2,2,15
5619.0,cluster_12013799529_12013799530_473195061,5,2,21
5620.0,2496228891,2,2,15
5620.0,cluster_12013799525_12013799526_2496228894,2,0,15
5620.0,cluster_12013799527_12013799528_2190601967,4,2,23
5620.0,cluster_12013799529_12013799530_473195061,5,2,21
5621.0,2496228891,2,2,15
5621.0,cluster_12013799525_12013799526_2496228894,2,0,15
5621.0,cluster_12013799527_12013799528_2190601967,4,2,21
5621.0,cluster_12013799529_12013799530_473195061,6,2,23
5622.0,2496228891,1,2,15
5622.0,cluster_12013799525_12013799526_2496228894,1,0,15
5622.0,cluster_12013799527_12013799528_2190601967,3,2,15
5622.0,cluster_12013799529_12013799530_473195061,6,2,21
5623.0,2496228891,1,2,15
5623.0,cluster_12013799525_12013799526_2496228894,1,0,15
5623.0,cluster_12013799527_12013799528_2190601967,4,2,23
5623.0,cluster_12013799529_12013799530_473195061,6,2,21
5624.0,2496228891,1,2,15
5624.0,cluster_12013799525_12013799526_2496228894,1,0,15
5624.0,cluster_12013799527_12013799528_2190601967,4,2,21
5624.0,cluster_12013799529_12013799530_473195061,6,2,21
5625.0,2496228891,0,2,15
5625.0,cluster_12013799525_12013799526_2496228894,0,0,15
5625.0,cluster_12013799527_12013799528_2190601967,4,2,23
5625.0,cluster_12013799529_12013799530_473195061,7,2,23
5626.0,cluster_12013799525_12013799526_2496228894,0,0,15
5626.0,cluster_12013799527_12013799528_2190601967,3,2,15
5626.0,cluster_12013799529_12013799530_473195061,7,2,21
5627.0,cluster_12013799525_12013799526_2496228894,0,0,15
5627.0,cluster_12013799527_12013799528_2190601967,4,2,23
5627.0,cluster_12013799529_12013799530_473195061,7,2,21
5628.0,cluster_12013799525_12013799526_2496228894,0,0,15
5628.0,cluster_12013799527_12013799528_2190601967,4,2,21
5628.0,cluster_12013799529_12013799530_473195061,7,2,21
5629.0,2496228891,5,0,21
5629.0,cluster_12013799525_12013799526_2496228894,0,0,15
5629.0,cluster_12013799527_12013799528_2190601967,3,2,15
5629.0,cluster_12013799529_12013799530_473195061,7,2,21
5630.0,2496228891,5,0,21
5630.0,cluster_12013799525_12013799526_2496228894,0,0,15
5630.0,cluster_12013799527_12013799528_2190601967,4,2,23
5630.0,cluster_12013799529_12013799530_473195061,7,2,21
5631.0,2496228891,5,0,21
5631.0,cluster_12013799527_12013799528_2190601967,4,2,21
5631.0,cluster_12013799529_12013799530_473195061,7,2,21
5632.0,2496228891,5,0,21
5632.0,cluster_12013799527_12013799528_2190601967,4,2,23
5632.0,cluster_12013799529_12013799530_473195061,7,2,21
5633.0,2496228891,5,0,21
5633.0,cluster_12013799527_12013799528_2190601967,3,2,15
5633.0,cluster_12013799529_12013799530_473195061,7,2,21
5634.0,2496228891,5,0,21
5634.0,cluster_12013799525_12013799526_2496228894,1,2,15
5634.0,cluster_12013799527_12013799528_2190601967,3,2,15
5634.0,cluster_12013799529_12013799530_473195061,7,2,21
5635.0,2496228891,5,0,21
5635.0,cluster_12013799525_12013799526_2496228894,1,2,15
5635.0,cluster_12013799527_12013799528_2190601967,2,2,15
5635.0,cluster_12013799529_12013799530_473195061,8,2,24
5636.0,2496228891,5,0,21
5636.0,cluster_12013799525_12013799526_2496228894,1,2,15
5636.0,cluster_12013799527_12013799528_2190601967,2,2,15
5636.0,cluster_12013799529_12013799530_473195061,8,2,21
5637.0,2496228891,5,0,21
5637.0,cluster_12013799525_12013799526_2496228894,0,2,15
5637.0,cluster_12013799527_12013799528_2190601967,3,2,15
5637.0,cluster_12013799529_12013799530_473195061,8,2,21
5638.0,2496228891,5,0,21
5638.0,cluster_12013799525_12013799526_2496228894,0,2,15
5639.0,2496228891,5,0,21
5639.0,cluster_12013799525_12013799526_2496228894,0,2,15
5640.0,2496228891,5,0,21
5640.0,cluster_12013799525_12013799526_2496228894,0,2,15
5641.0,2496228891,4,0,21
5641.0,cluster_12013799525_12013799526_2496228894,0,2,15
5641.0,cluster_12013799527_12013799528_2190601967,6,0,21
5641.0,cluster_12013799529_12013799530_473195061,4,0,21
5642.0,2496228891,4,0,21
5642.0,cluster_12013799525_12013799526_2496228894,0,2,15
5642.0,cluster_12013799527_12013799528_2190601967,6,0,21
5642.0,cluster_12013799529_12013799530_473195061,4,0,21
5643.0,2496228891,4,0,21
5643.0,cluster_12013799525_12013799526_2496228894,0,2,15
5643.0,cluster_12013799527_12013799528_2190601967,6,0,21
5643.0,cluster_12013799529_12013799530_473195061,4,0,21
5644.0,2496228891,4,0,21
5644.0,cluster_12013799525_12013799526_2496228894,0,2,15
5644.0,cluster_12013799527_12013799528_2190601967,6,0,21
5644.0,cluster_12013799529_12013799530_473195061,4,0,21
5645.0,2496228891,3,0,15
5645.0,cluster_12013799525_12013799526_2496228894,0,2,15
5645.0,cluster_12013799527_12013799528_2190601967,6,0,21
5645.0,cluster_12013799529_12013799530_473195061,3,0,15
5646.0,2496228891,5,0,23
5646.0,cluster_12013799525_12013799526_2496228894,0,2,15
5646.0,cluster_12013799527_12013799528_2190601967,5,0,21
5646.0,cluster_12013799529_12013799530_473195061,3,0,15
5647.0,2496228891,5,0,21
5647.0,cluster_12013799525_12013799526_2496228894,0,2,15
5647.0,cluster_12013799527_12013799528_2190601967,5,0,21
5647.0,cluster_12013799529_12013799530_473195061,3,0,15
5648.0,2496228891,4,0,21
5648.0,cluster_12013799525_12013799526_2496228894,0,2,15
5648.0,cluster_12013799527_12013799528_2190601967,5,0,21
5648.0,cluster_12013799529_12013799530_473195061,2,0,15
5649.0,2496228891,6,0,23
5649.0,cluster_12013799525_12013799526_2496228894,0,2,15
5649.0,cluster_12013799527_12013799528_2190601967,4,0,21
5649.0,cluster_12013799529_12013799530_473195061,2,0,15
5650.0,2496228891,6,0,21
5650.0,cluster_12013799527_12013799528_2190601967,4,0,21
5650.0,cluster_12013799529_12013799530_473195061,2,0,15
5651.0,cluster_12013799527_12013799528_2190601967,3,0,15
5651.0,cluster_12013799529_12013799530_473195061,1,0,15
5652.0,cluster_12013799527_12013799528_2190601967,3,0,15
5652.0,cluster_12013799529_12013799530_473195061,1,0,15
5653.0,cluster_12013799525_12013799526_2496228894,0,0,15
5653.0,cluster_12013799527_12013799528_2190601967,2,0,15
5653.0,cluster_12013799529_12013799530_473195061,0,0,15
5654.0,2496228891,0,2,15
5654.0,cluster_12013799525_12013799526_2496228894,0,0,15
5654.0,cluster_12013799527_12013799528_2190601967,2,0,15
5654.0,cluster_12013799529_12013799530_473195061,0,0,15
5655.0,2496228891,0,2,15
5655.0,cluster_12013799525_12013799526_2496228894,0,0,15
5655.0,cluster_12013799527_12013799528_2190601967,1,0,15
5655.0,cluster_12013799529_12013799530_473195061,0,0,15
5656.0,2496228891,0,2,15
5656.0,cluster_12013799525_12013799526_2496228894,0,0,15
5656.0,cluster_12013799527_12013799528_2190601967,1,0,15
5656.0,cluster_12013799529_12013799530_473195061,0,0,15
5657.0,2496228891,0,2,15
5657.0,cluster_12013799525_12013799526_2496228894,0,0,15
5657.0,cluster_12013799527_12013799528_2190601967,1,0,15
5657.0,cluster_12013799529_12013799530_473195061,0,0,15
5658.0,2496228891,0,2,15
5658.0,cluster_12013799525_12013799526_2496228894,0,0,15
5658.0,cluster_12013799527_12013799528_2190601967,0,0,15
5658.0,cluster_12013799529_12013799530_473195061,0,0,15
5659.0,2496228891,0,2,15
5659.0,cluster_12013799525_12013799526_2496228894,0,0,15
5659.0,cluster_12013799527_12013799528_2190601967,0,0,15
5659.0,cluster_12013799529_12013799530_473195061,0,0,15
5660.0,2496228891,0,2,15
5660.0,cluster_12013799525_12013799526_2496228894,0,0,15
5660.0,cluster_12013799527_12013799528_2190601967,0,0,15
5660.0,cluster_12013799529_12013799530_473195061,0,0,15
5661.0,2496228891,0,2,15
5661.0,cluster_12013799525_12013799526_2496228894,0,0,15
5661.0,cluster_12013799527_12013799528_2190601967,0,0,15
5661.0,cluster_12013799529_12013799530_473195061,0,0,15
5662.0,2496228891,0,2,15
5662.0,cluster_12013799525_12013799526_2496228894,0,0,15
5662.0,cluster_12013799527_12013799528_2190601967,0,0,15
5662.0,cluster_12013799529_12013799530_473195061,0,0,15
5663.0,2496228891,0,2,15
5663.0,cluster_12013799525_12013799526_2496228894,0,0,15
5664.0,2496228891,0,2,15
5664.0,cluster_12013799525_12013799526_2496228894,0,0,15
5665.0,2496228891,0,2,15
5665.0,cluster_12013799525_12013799526_2496228894,0,0,15
5666.0,2496228891,0,2,15
5666.0,cluster_12013799525_12013799526_2496228894,0,0,15
5666.0,cluster_12013799527_12013799528_2190601967,2,2,15
5666.0,cluster_12013799529_12013799530_473195061,7,2,21
5667.0,2496228891,0,2,15
5667.0,cluster_12013799525_12013799526_2496228894,0,0,15
5667.0,cluster_12013799527_12013799528_2190601967,1,2,15
5667.0,cluster_12013799529_12013799530_473195061,6,2,21
5668.0,2496228891,0,2,15
5668.0,cluster_12013799525_12013799526_2496228894,0,0,15
5668.0,cluster_12013799527_12013799528_2190601967,1,2,15
5668.0,cluster_12013799529_12013799530_473195061,6,2,21
5669.0,2496228891,0,2,15
5669.0,cluster_12013799527_12013799528_2190601967,1,2,15
5669.0,cluster_12013799529_12013799530_473195061,6,2,21
5670.0,cluster_12013799527_12013799528_2190601967,0,2,15
5670.0,cluster_12013799529_12013799530_473195061,6,2,23
5671.0,cluster_12013799527_12013799528_2190601967,0,2,15
5671.0,cluster_12013799529_12013799530_473195061,5,2,21
5672.0,cluster_12013799525_12013799526_2496228894,0,2,15
5672.0,cluster_12013799527_12013799528_2190601967,0,2,15
5672.0,cluster_12013799529_12013799530_473195061,5,2,21
5673.0,2496228891,5,0,21
5673.0,cluster_12013799525_12013799526_2496228894,0,2,15
5673.0,cluster_12013799527_12013799528_2190601967,0,2,15
5673.0,cluster_12013799529_12013799530_473195061,5,2,23
5674.0,2496228891,4,0,21
5674.0,cluster_12013799525_12013799526_2496228894,0,2,15
5674.0,cluster_12013799527_12013799528_2190601967,0,2,15
5674.0,cluster_12013799529_12013799530_473195061,4,2,21
5675.0,2496228891,6,0,23
5675.0,cluster_12013799525_12013799526_2496228894,0,2,15
5675.0,cluster_12013799527_12013799528_2190601967,0,2,15
5675.0,cluster_12013799529_12013799530_473195061,4,2,21
5676.0,2496228891,4,0,21
5676.0,cluster_12013799525_12013799526_2496228894,1,2,15
5676.0,cluster_12013799527_12013799528_2190601967,0,2,15
5676.0,cluster_12013799529_12013799530_473195061,3,2,15
5677.0,2496228891,4,0,21
5677.0,cluster_12013799525_12013799526_2496228894,1,2,15
5677.0,cluster_12013799527_12013799528_2190601967,0,2,15
5677.0,cluster_12013799529_12013799530_473195061,3,2,15
5678.0,2496228891,4,0,23
5678.0,cluster_12013799525_12013799526_2496228894,1,2,15
5678.0,cluster_12013799527_12013799528_2190601967,0,2,15
5678.0,cluster_12013799529_12013799530_473195061,2,2,15
5679.0,2496228891,2,0,15
5679.0,cluster_12013799525_12013799526_2496228894,1,2,15
5679.0,cluster_12013799527_12013799528_2190601967,0,2,15
5679.0,cluster_12013799529_12013799530_473195061,2,2,15
5680.0,2496228891,2,0,15
5680.0,cluster_12013799525_12013799526_2496228894,1,2,15
5680.0,cluster_12013799527_12013799528_2190601967,0,2,15
5680.0,cluster_12013799529_12013799530_473195061,2,2,15
5681.0,2496228891,2,0,15
5681.0,cluster_12013799525_12013799526_2496228894,2,2,15
5681.0,cluster_12013799527_12013799528_2190601967,0,2,15
5681.0,cluster_12013799529_12013799530_473195061,1,2,15
5682.0,2496228891,3,0,15
5682.0,cluster_12013799525_12013799526_2496228894,3,2,15
5682.0,cluster_12013799529_12013799530_473195061,1,2,15
5683.0,2496228891,3,0,15
5683.0,cluster_12013799525_12013799526_2496228894,3,2,15
5683.0,cluster_12013799529_12013799530_473195061,0,2,15
5684.0,2496228891,3,0,15
5684.0,cluster_12013799525_12013799526_2496228894,3,2,15
5684.0,cluster_12013799529_12013799530_473195061,0,2,15
5685.0,2496228891,3,0,15
5685.0,cluster_12013799525_12013799526_2496228894,3,2,15
5685.0,cluster_12013799527_12013799528_2190601967,0,0,15
5685.0,cluster_12013799529_12013799530_473195061,0,2,15
5686.0,2496228891,3,0,15
5686.0,cluster_12013799525_12013799526_2496228894,3,2,15
5686.0,cluster_12013799527_12013799528_2190601967,0,0,15
5686.0,cluster_12013799529_12013799530_473195061,0,2,15
5687.0,2496228891,3,0,15
5687.0,cluster_12013799525_12013799526_2496228894,2,2,15
5687.0,cluster_12013799527_12013799528_2190601967,0,0,15
5687.0,cluster_12013799529_12013799530_473195061,0,2,15
5688.0,2496228891,2,0,15
5688.0,cluster_12013799527_12013799528_2190601967,0,0,15
5689.0,2496228891,2,0,15
5689.0,cluster_12013799527_12013799528_2190601967,0,0,15
5690.0,2496228891,1,0,15
5690.0,cluster_12013799527_12013799528_2190601967,0,0,15
5691.0,2496228891,1,0,15
5691.0,cluster_12013799525_12013799526_2496228894,0,0,15
5691.0,cluster_12013799527_12013799528_2190601967,0,0,15
5691.0,cluster_12013799529_12013799530_473195061,0,0,15
5692.0,2496228891,1,0,15
5692.0,cluster_12013799525_12013799526_2496228894,0,0,15
5692.0,cluster_12013799527_12013799528_2190601967,0,0,15
5692.0,cluster_12013799529_12013799530_473195061,0,0,15
5693.0,2496228891,0,0,15
5693.0,cluster_12013799525_12013799526_2496228894,0,0,15
5693.0,cluster_12013799527_12013799528_2190601967,0,0,15
5693.0,cluster_12013799529_12013799530_473195061,0,0,15
5694.0,2496228891,0,0,15
5694.0,cluster_12013799525_12013799526_2496228894,0,0,15
5694.0,cluster_12013799527_12013799528_2190601967,0,0,15
5694.0,cluster_12013799529_12013799530_473195061,0,0,15
5695.0,cluster_12013799525_12013799526_2496228894,0,0,15
5695.0,cluster_12013799527_12013799528_2190601967,0,0,15
5695.0,cluster_12013799529_12013799530_473195061,0,0,15
5696.0,cluster_12013799525_12013799526_2496228894,0,0,15
5696.0,cluster_12013799527_12013799528_2190601967,0,0,15
5696.0,cluster_12013799529_12013799530_473195061,0,0,15
5697.0,cluster_12013799525_12013799526_2496228894,0,0,15
5697.0,cluster_12013799527_12013799528_2190601967,0,0,15
5697.0,cluster_12013799529_12013799530_473195061,0,0,15
5698.0,2496228891,0,2,15
5698.0,cluster_12013799525_12013799526_2496228894,0,0,15
5698.0,cluster_12013799527_12013799528_2190601967,0,0,15
5698.0,cluster_12013799529_12013799530_473195061,0,0,15
5699.0,2496228891,0,2,15
5699.0,cluster_12013799525_12013799526_2496228894,0,0,15
5699.0,cluster_12013799527_12013799528_2190601967,0,0,15
5699.0,cluster_12013799529_12013799530_473195061,0,0,15
5700.0,2496228891,0,2,15
5700.0,cluster_12013799525_12013799526_2496228894,0,0,15
5700.0,cluster_12013799527_12013799528_2190601967,0,0,15
5700.0,cluster_12013799529_12013799530_473195061,0,0,15
5701.0,2496228891,1,2,15
5701.0,cluster_12013799525_12013799526_2496228894,1,0,15
5701.0,cluster_12013799529_12013799530_473195061,1,0,15
5702.0,2496228891,1,2,15
5702.0,cluster_12013799525_12013799526_2496228894,1,0,15
5702.0,cluster_12013799529_12013799530_473195061,1,0,15
5703.0,2496228891,1,2,15
5703.0,cluster_12013799525_12013799526_2496228894,1,0,15
5703.0,cluster_12013799529_12013799530_473195061,1,0,15
5704.0,2496228891,1,2,15
5704.0,cluster_12013799525_12013799526_2496228894,1,0,15
5704.0,cluster_12013799527_12013799528_2190601967,1,2,15
5704.0,cluster_12013799529_12013799530_473195061,1,0,15
5705.0,2496228891,2,2,15
5705.0,cluster_12013799525_12013799526_2496228894,2,0,15
5705.0,cluster_12013799527_12013799528_2190601967,2,2,15
5705.0,cluster_12013799529_12013799530_473195061,2,0,15
5706.0,2496228891,2,2,15
5706.0,cluster_12013799525_12013799526_2496228894,2,0,15
5706.0,cluster_12013799527_12013799528_2190601967,2,2,15
5706.0,cluster_12013799529_12013799530_473195061,2,0,15
5707.0,2496228891,2,2,15
5707.0,cluster_12013799527_12013799528_2190601967,2,2,15
5708.0,2496228891,2,2,15
5708.0,cluster_12013799527_12013799528_2190601967,2,2,15
5709.0,2496228891,2,2,15
5709.0,cluster_12013799527_12013799528_2190601967,3,2,15
5710.0,2496228891,3,2,15
5710.0,cluster_12013799525_12013799526_2496228894,8,2,21
5710.0,cluster_12013799527_12013799528_2190601967,3,2,15
5710.0,cluster_12013799529_12013799530_473195061,3,2,15
5711.0,2496228891,3,2,15
5711.0,cluster_12013799525_12013799526_2496228894,6,2,21
5711.0,cluster_12013799527_12013799528_2190601967,3,2,15
5711.0,cluster_12013799529_12013799530_473195061,3,2,15
5712.0,2496228891,3,2,15
5712.0,cluster_12013799525_12013799526_2496228894,6,2,21
5712.0,cluster_12013799527_12013799528_2190601967,3,2,15
5712.0,cluster_12013799529_12013799530_473195061,3,2,15
5713.0,2496228891,2,2,15
5713.0,cluster_12013799525_12013799526_2496228894,5,2,21
5713.0,cluster_12013799527_12013799528_2190601967,4,2,23
5713.0,cluster_12013799529_12013799530_473195061,4,2,23
5714.0,cluster_12013799525_12013799526_2496228894,5,2,23
5714.0,cluster_12013799527_12013799528_2190601967,4,2,21
5714.0,cluster_12013799529_12013799530_473195061,4,2,21
5715.0,cluster_12013799525_12013799526_2496228894,4,2,21
5715.0,cluster_12013799527_12013799528_2190601967,5,2,23
5715.0,cluster_12013799529_12013799530_473195061,4,2,21
5716.0,cluster_12013799525_12013799526_2496228894,4,2,21
5716.0,cluster_12013799527_12013799528_2190601967,5,2,21
5716.0,cluster_12013799529_12013799530_473195061,4,2,21
5717.0,2496228891,5,0,21
5717.0,cluster_12013799525_12013799526_2496228894,2,2,15
5717.0,cluster_12013799527_12013799528_2190601967,5,2,23
5717.0,cluster_12013799529_12013799530_473195061,5,2,23
5718.0,2496228891,5,0,21
5718.0,cluster_12013799525_12013799526_2496228894,3,2,15
5718.0,cluster_12013799527_12013799528_2190601967,5,2,21
5718.0,cluster_12013799529_12013799530_473195061,5,2,21
5719.0,2496228891,5,0,21
5719.0,cluster_12013799525_12013799526_2496228894,3,2,15
5719.0,cluster_12013799527_12013799528_2190601967,5,2,21
5719.0,cluster_12013799529_12013799530_473195061,5,2,21
5720.0,2496228891,5,0,21
5720.0,cluster_12013799525_12013799526_2496228894,3,2,15
5720.0,cluster_12013799529_12013799530_473195061,5,2,21
5721.0,2496228891,5,0,21
5721.0,cluster_12013799525_12013799526_2496228894,3,2,15
5721.0,cluster_12013799529_12013799530_473195061,6,2,23
5722.0,2496228891,5,0,21
5722.0,cluster_12013799525_12013799526_2496228894,3,2,15
5722.0,cluster_12013799529_12013799530_473195061,6,2,21
5723.0,2496228891,5,0,21
5723.0,cluster_12013799525_12013799526_2496228894,3,2,15
5723.0,cluster_12013799527_12013799528_2190601967,5,0,21
5723.0,cluster_12013799529_12013799530_473195061,5,2,21
5724.0,2496228891,5,0,21
5724.0,cluster_12013799525_12013799526_2496228894,3,2,15
5724.0,cluster_12013799527_12013799528_2190601967,5,0,21
5724.0,cluster_12013799529_12013799530_473195061,5,2,21
5725.0,2496228891,5,0,21
5725.0,cluster_12013799525_12013799526_2496228894,3,2,15
5725.0,cluster_12013799527_12013799528_2190601967,6,0,23
5725.0,cluster_12013799529_12013799530_473195061,6,2,21
5726.0,2496228891,5,0,21
5726.0,cluster_12013799525_12013799526_2496228894,3,2,15
5726.0,cluster_12013799527_12013799528_2190601967,6,0,21
5727.0,2496228891,5,0,21
5727.0,cluster_12013799525_12013799526_2496228894,3,2,15
5727.0,cluster_12013799527_12013799528_2190601967,6,0,21
5728.0,2496228891,5,0,21
5728.0,cluster_12013799525_12013799526_2496228894,3,2,15
5728.0,cluster_12013799527_12013799528_2190601967,5,0,21
5729.0,2496228891,5,0,21
5729.0,cluster_12013799525_12013799526_2496228894,3,2,15
5729.0,cluster_12013799527_12013799528_2190601967,5,0,21
5729.0,cluster_12013799529_12013799530_473195061,5,0,21
5730.0,2496228891,4,0,21
5730.0,cluster_12013799525_12013799526_2496228894,3,2,15
5730.0,cluster_12013799527_12013799528_2190601967,5,0,21
5730.0,cluster_12013799529_12013799530_473195061,4,0,21
5731.0,2496228891,4,0,21
5731.0,cluster_12013799525_12013799526_2496228894,3,2,15
5731.0,cluster_12013799527_12013799528_2190601967,4,0,21
5731.0,cluster_12013799529_12013799530_473195061,4,0,21
5732.0,2496228891,4,0,21
5732.0,cluster_12013799527_12013799528_2190601967,4,0,21
5732.0,cluster_12013799529_12013799530_473195061,4,0,21
5733.0,2496228891,3,0,15
5733.0,cluster_12013799527_12013799528_2190601967,3,0,15
5733.0,cluster_12013799529_12013799530_473195061,3,0,15
5734.0,2496228891,5,0,23
5734.0,cluster_12013799527_12013799528_2190601967,3,0,15
5734.0,cluster_12013799529_12013799530_473195061,3,0,15
5735.0,2496228891,5,0,21
5735.0,cluster_12013799525_12013799526_2496228894,4,0,21
5735.0,cluster_12013799527_12013799528_2190601967,2,0,15
5735.0,cluster_12013799529_12013799530_473195061,3,0,15
5736.0,2496228891,4,0,21
5736.0,cluster_12013799525_12013799526_2496228894,3,0,15
5736.0,cluster_12013799527_12013799528_2190601967,2,0,15
5736.0,cluster_12013799529_12013799530_473195061,2,0,15
5737.0,2496228891,6,0,23
5737.0,cluster_12013799525_12013799526_2496228894,3,0,15
5737.0,cluster_12013799527_12013799528_2190601967,2,0,15
5737.0,cluster_12013799529_12013799530_473195061,2,0,15
5738.0,2496228891,6,0,21
5738.0,cluster_12013799525_12013799526_2496228894,3,0,15
5738.0,cluster_12013799527_12013799528_2190601967,2,0,15
5738.0,cluster_12013799529_12013799530_473195061,2,0,15
5739.0,cluster_12013799525_12013799526_2496228894,2,0,15
5739.0,cluster_12013799527_12013799528_2190601967,1,0,15
5739.0,cluster_12013799529_12013799530_473195061,1,0,15
5740.0,cluster_12013799525_12013799526_2496228894,2,0,15
5740.0,cluster_12013799527_12013799528_2190601967,1,0,15
5740.0,cluster_12013799529_12013799530_473195061,1,0,15
5741.0,cluster_12013799525_12013799526_2496228894,2,0,15
5741.0,cluster_12013799527_12013799528_2190601967,1,0,15
5741.0,cluster_12013799529_12013799530_473195061,0,0,15
5742.0,2496228891,3,2,15
5742.0,cluster_12013799525_12013799526_2496228894,1,0,15
5742.0,cluster_12013799527_12013799528_2190601967,1,0,15
5742.0,cluster_12013799529_12013799530_473195061,0,0,15
5743.0,2496228891,2,2,15
5743.0,cluster_12013799525_12013799526_2496228894,1,0,15
5743.0,cluster_12013799527_12013799528_2190601967,0,0,15
5743.0,cluster_12013799529_12013799530_473195061,0,0,15
5744.0,2496228891,2,2,15
5744.0,cluster_12013799525_12013799526_2496228894,0,0,15
5744.0,cluster_12013799527_12013799528_2190601967,0,0,15
5744.0,cluster_12013799529_12013799530_473195061,0,0,15
5745.0,2496228891,2,2,15
5745.0,cluster_12013799525_12013799526_2496228894,0,0,15
5745.0,cluster_12013799529_12013799530_473195061,0,0,15
5746.0,2496228891,2,2,15
5746.0,cluster_12013799525_12013799526_2496228894,0,0,15
5746.0,cluster_12013799529_12013799530_473195061,0,0,15
5747.0,2496228891,1,2,15
5747.0,cluster_12013799525_12013799526_2496228894,0,0,15
5747.0,cluster_12013799529_12013799530_473195061,0,0,15
5748.0,2496228891,1,2,15
5748.0,cluster_12013799525_12013799526_2496228894,0,0,15
5748.0,cluster_12013799527_12013799528_2190601967,5,2,21
5748.0,cluster_12013799529_12013799530_473195061,0,0,15
5749.0,2496228891,1,2,15
5749.0,cluster_12013799525_12013799526_2496228894,0,0,15
5749.0,cluster_12013799527_12013799528_2190601967,3,2,15
5749.0,cluster_12013799529_12013799530_473195061,0,0,15
5750.0,2496228891,0,2,15
5750.0,cluster_12013799525_12013799526_2496228894,0,0,15
5750.0,cluster_12013799527_12013799528_2190601967,4,2,23
5750.0,cluster_12013799529_12013799530_473195061,0,0,15
5751.0,2496228891,0,2,15
5751.0,cluster_12013799525_12013799526_2496228894,0,0,15
5751.0,cluster_12013799527_12013799528_2190601967,3,2,15
5752.0,2496228891,0,2,15
5752.0,cluster_12013799525_12013799526_2496228894,0,0,15
5752.0,cluster_12013799527_12013799528_2190601967,3,2,15
5753.0,2496228891,0,2,15
5753.0,cluster_12013799525_12013799526_2496228894,0,0,15
5753.0,cluster_12013799527_12013799528_2190601967,2,2,15
5754.0,2496228891,0,2,15
5754.0,cluster_12013799525_12013799526_2496228894,0,0,15
5754.0,cluster_12013799527_12013799528_2190601967,3,2,15
5754.0,cluster_12013799529_12013799530_473195061,7,2,21
5755.0,2496228891,0,2,15
5755.0,cluster_12013799525_12013799526_2496228894,0,0,15
5755.0,cluster_12013799527_12013799528_2190601967,2,2,15
5755.0,cluster_12013799529_12013799530_473195061,5,2,21
5756.0,2496228891,0,2,15
5756.0,cluster_12013799525_12013799526_2496228894,0,0,15
5756.0,cluster_12013799527_12013799528_2190601967,2,2,15
5756.0,cluster_12013799529_12013799530_473195061,5,2,21
5757.0,2496228891,0,2,15
5757.0,cluster_12013799527_12013799528_2190601967,1,2,15
5757.0,cluster_12013799529_12013799530_473195061,5,2,21
5758.0,cluster_12013799527_12013799528_2190601967,1,2,15
5758.0,cluster_12013799529_12013799530_473195061,5,2,21
5759.0,cluster_12013799527_12013799528_2190601967,0,2,15
5759.0,cluster_12013799529_12013799530_473195061,4,2,21
5760.0,cluster_12013799525_12013799526_2496228894,2,2,15
5760.0,cluster_12013799527_12013799528_2190601967,0,2,15
5760.0,cluster_12013799529_12013799530_473195061,4,2,21
5761.0,2496228891,4,0,21
5761.0,cluster_12013799525_12013799526_2496228894,1,2,15
5761.0,cluster_12013799527_12013799528_2190601967,0,2,15
5761.0,cluster_12013799529_12013799530_473195061,4,2,21
5762.0,2496228891,4,0,21
5762.0,cluster_12013799525_12013799526_2496228894,1,2,15
5762.0,cluster_12013799527_12013799528_2190601967,1,2,15
5762.0,cluster_12013799529_12013799530_473195061,4,2,21
5763.0,2496228891,2,0,15
5763.0,cluster_12013799525_12013799526_2496228894,0,2,15
5763.0,cluster_12013799527_12013799528_2190601967,1,2,15
5763.0,cluster_12013799529_12013799530_473195061,4,2,21
5764.0,2496228891,3,0,15
5764.0,cluster_12013799525_12013799526_2496228894,1,2,15
5764.0,cluster_12013799527_12013799528_2190601967,1,2,15
5764.0,cluster_12013799529_12013799530_473195061,3,2,15
5765.0,2496228891,2,0,15
5765.0,cluster_12013799525_12013799526_2496228894,1,2,15
5765.0,cluster_12013799527_12013799528_2190601967,2,2,15
5765.0,cluster_12013799529_12013799530_473195061,3,2,15
5766.0,2496228891,2,0,15
5766.0,cluster_12013799525_12013799526_2496228894,1,2,15
5766.0,cluster_12013799527_12013799528_2190601967,2,2,15
5766.0,cluster_12013799529_12013799530_473195061,2,2,15
5767.0,2496228891,3,0,15
5767.0,cluster_12013799525_12013799526_2496228894,2,2,15
5767.0,cluster_12013799527_12013799528_2190601967,1,2,15
5767.0,cluster_12013799529_12013799530_473195061,2,2,15
5768.0,2496228891,2,0,15
5768.0,cluster_12013799525_12013799526_2496228894,2,2,15
5768.0,cluster_12013799527_12013799528_2190601967,2,2,15
5768.0,cluster_12013799529_12013799530_473195061,2,2,15
5769.0,2496228891,3,0,15
5769.0,cluster_12013799525_12013799526_2496228894,2,2,15
5769.0,cluster_12013799527_12013799528_2190601967,2,2,15
5769.0,cluster_12013799529_12013799530_473195061,1,2,15
5770.0,2496228891,2,0,15
5770.0,cluster_12013799525_12013799526_2496228894,3,2,15
5770.0,cluster_12013799529_12013799530_473195061,1,2,15
5771.0,2496228891,4,0,23
5771.0,cluster_12013799525_12013799526_2496228894,3,2,15
5771.0,cluster_12013799529_12013799530_473195061,0,2,15
5772.0,2496228891,4,0,23
5772.0,cluster_12013799525_12013799526_2496228894,3,2,15
5772.0,cluster_12013799529_12013799530_473195061,0,2,15
5773.0,2496228891,3,0,15
5773.0,cluster_12013799525_12013799526_2496228894,3,2,15
5773.0,cluster_12013799527_12013799528_2190601967,0,0,15
5773.0,cluster_12013799529_12013799530_473195061,0,2,15
5774.0,2496228891,3,0,15
5774.0,cluster_12013799525_12013799526_2496228894,3,2,15
5774.0,cluster_12013799527_12013799528_2190601967,0,0,15
5774.0,cluster_12013799529_12013799530_473195061,0,2,15
5775.0,2496228891,2,0,15
5775.0,cluster_12013799525_12013799526_2496228894,3,2,15
5775.0,cluster_12013799527_12013799528_2190601967,0,0,15
5775.0,cluster_12013799529_12013799530_473195061,0,2,15
5776.0,2496228891,1,0,15
5776.0,cluster_12013799527_12013799528_2190601967,0,0,15
5777.0,2496228891,1,0,15
5777.0,cluster_12013799527_12013799528_2190601967,0,0,15
5778.0,2496228891,1,0,15
5778.0,cluster_12013799527_12013799528_2190601967,0,0,15
5779.0,2496228891,2,0,15
5779.0,cluster_12013799525_12013799526_2496228894,0,0,15
5779.0,cluster_12013799527_12013799528_2190601967,0,0,15
5779.0,cluster_12013799529_12013799530_473195061,0,0,15
5780.0,2496228891,2,0,15
5780.0,cluster_12013799525_12013799526_2496228894,0,0,15
5780.0,cluster_12013799527_12013799528_2190601967,0,0,15
5780.0,cluster_12013799529_12013799530_473195061,0,0,15
5781.0,2496228891,2,0,15
5781.0,cluster_12013799525_12013799526_2496228894,0,0,15
5781.0,cluster_12013799527_12013799528_2190601967,0,0,15
5781.0,cluster_12013799529_12013799530_473195061,0,0,15
5782.0,2496228891,2,0,15
5782.0,cluster_12013799525_12013799526_2496228894,0,0,15
5782.0,cluster_12013799527_12013799528_2190601967,0,0,15
5782.0,cluster_12013799529_12013799530_473195061,0,0,15
5783.0,cluster_12013799525_12013799526_2496228894,0,0,15
5783.0,cluster_12013799527_12013799528_2190601967,0,0,15
5783.0,cluster_12013799529_12013799530_473195061,0,0,15
5784.0,cluster_12013799525_12013799526_2496228894,0,0,15
5784.0,cluster_12013799527_12013799528_2190601967,0,0,15
5784.0,cluster_12013799529_12013799530_473195061,0,0,15
5785.0,cluster_12013799525_12013799526_2496228894,0,0,15
5785.0,cluster_12013799527_12013799528_2190601967,0,0,15
5785.0,cluster_12013799529_12013799530_473195061,0,0,15
5786.0,2496228891,0,2,15
5786.0,cluster_12013799525_12013799526_2496228894,0,0,15
5786.0,cluster_12013799527_12013799528_2190601967,0,0,15
5786.0,cluster_12013799529_12013799530_473195061,0,0,15
5787.0,2496228891,0,2,15
5787.0,cluster_12013799525_12013799526_2496228894,0,0,15
5787.0,cluster_12013799527_12013799528_2190601967,0,0,15
5787.0,cluster_12013799529_12013799530_473195061,0,0,15
5788.0,2496228891,0,2,15
5788.0,cluster_12013799525_12013799526_2496228894,0,0,15
5788.0,cluster_12013799527_12013799528_2190601967,0,0,15
5788.0,cluster_12013799529_12013799530_473195061,0,0,15
5789.0,2496228891,0,2,15
5789.0,cluster_12013799525_12013799526_2496228894,0,0,15
5789.0,cluster_12013799529_12013799530_473195061,0,0,15
5790.0,2496228891,0,2,15
5790.0,cluster_12013799525_12013799526_2496228894,0,0,15
5790.0,cluster_12013799529_12013799530_473195061,0,0,15
5791.0,2496228891,0,2,15
5791.0,cluster_12013799525_12013799526_2496228894,0,0,15
5791.0,cluster_12013799529_12013799530_473195061,0,0,15
5792.0,2496228891,0,2,15
5792.0,cluster_12013799525_12013799526_2496228894,0,0,15
5792.0,cluster_12013799527_12013799528_2190601967,2,2,15
5792.0,cluster_12013799529_12013799530_473195061,0,0,15
5793.0,2496228891,0,2,15
5793.0,cluster_12013799525_12013799526_2496228894,0,0,15
5793.0,cluster_12013799527_12013799528_2190601967,0,2,15
5793.0,cluster_12013799529_12013799530_473195061,0,0,15
5794.0,2496228891,0,2,15
5794.0,cluster_12013799525_12013799526_2496228894,0,0,15
5794.0,cluster_12013799527_12013799528_2190601967,0,2,15
5794.0,cluster_12013799529_12013799530_473195061,0,0,15
5795.0,2496228891,0,2,15
5795.0,cluster_12013799527_12013799528_2190601967,0,2,15
5796.0,2496228891,0,2,15
5796.0,cluster_12013799527_12013799528_2190601967,0,2,15
5797.0,2496228891,0,2,15
5797.0,cluster_12013799527_12013799528_2190601967,0,2,15
5798.0,2496228891,0,2,15
5798.0,cluster_12013799525_12013799526_2496228894,3,2,15
5798.0,cluster_12013799527_12013799528_2190601967,0,2,15
5798.0,cluster_12013799529_12013799530_473195061,1,2,15
5799.0,2496228891,0,2,15
5799.0,cluster_12013799525_12013799526_2496228894,2,2,15
5799.0,cluster_12013799527_12013799528_2190601967,0,2,15
5799.0,cluster_12013799529_12013799530_473195061,1,2,15
5800.0,2496228891,0,2,15
5800.0,cluster_12013799525_12013799526_2496228894,2,2,15
5800.0,cluster_12013799527_12013799528_2190601967,0,2,15
5800.0,cluster_12013799529_12013799530_473195061,1,2,15
5801.0,2496228891,1,2,15
5801.0,cluster_12013799525_12013799526_2496228894,3,2,15
5801.0,cluster_12013799527_12013799528_2190601967,1,2,15
5801.0,cluster_12013799529_12013799530_473195061,2,2,15
5802.0,cluster_12013799525_12013799526_2496228894,3,2,15
5802.0,cluster_12013799527_12013799528_2190601967,1,2,15
5802.0,cluster_12013799529_12013799530_473195061,2,2,15
5803.0,cluster_12013799525_12013799526_2496228894,1,2,15
5803.0,cluster_12013799527_12013799528_2190601967,2,2,15
5803.0,cluster_12013799529_12013799530_473195061,2,2,15
5804.0,cluster_12013799525_12013799526_2496228894,1,2,15
5804.0,cluster_12013799527_12013799528_2190601967,2,2,15
5804.0,cluster_12013799529_12013799530_473195061,2,2,15
5805.0,2496228891,3,0,15
5805.0,cluster_12013799525_12013799526_2496228894,2,2,15
5805.0,cluster_12013799527_12013799528_2190601967,3,2,15
5805.0,cluster_12013799529_12013799530_473195061,3,2,15
5806.0,2496228891,2,0,15
5806.0,cluster_12013799525_12013799526_2496228894,2,2,15
5806.0,cluster_12013799527_12013799528_2190601967,3,2,15
5806.0,cluster_12013799529_12013799530_473195061,3,2,15
5807.0,2496228891,2,0,15
5807.0,cluster_12013799525_12013799526_2496228894,2,2,15
5807.0,cluster_12013799527_12013799528_2190601967,3,2,15
5807.0,cluster_12013799529_12013799530_473195061,2,2,15
5808.0,2496228891,2,0,15
5808.0,cluster_12013799525_12013799526_2496228894,2,2,15
5808.0,cluster_12013799529_12013799530_473195061,2,2,15
5809.0,2496228891,3,0,15
5809.0,cluster_12013799525_12013799526_2496228894,3,2,15
5809.0,cluster_12013799529_12013799530_473195061,3,2,15
5810.0,2496228891,3,0,15
5810.0,cluster_12013799525_12013799526_2496228894,4,2,23
5810.0,cluster_12013799529_12013799530_473195061,3,2,15
5811.0,2496228891,3,0,15
5811.0,cluster_12013799525_12013799526_2496228894,4,2,21
5811.0,cluster_12013799527_12013799528_2190601967,3,0,15
5811.0,cluster_12013799529_12013799530_473195061,3,2,15
5812.0,2496228891,4,0,23
5812.0,cluster_12013799525_12013799526_2496228894,4,2,21
5812.0,cluster_12013799527_12013799528_2190601967,3,0,15
5812.0,cluster_12013799529_12013799530_473195061,3,2,15
5813.0,2496228891,4,0,21
5813.0,cluster_12013799525_12013799526_2496228894,3,2,15
5813.0,cluster_12013799527_12013799528_2190601967,4,0,23
5813.0,cluster_12013799529_12013799530_473195061,4,2,21
5814.0,2496228891,4,0,21
5814.0,cluster_12013799527_12013799528_2190601967,4,0,21
5815.0,2496228891,4,0,21
5815.0,cluster_12013799527_12013799528_2190601967,4,0,21
5816.0,2496228891,5,0,23
5816.0,cluster_12013799527_12013799528_2190601967,4,0,21
5817.0,2496228891,4,0,21
5817.0,cluster_12013799525_12013799526_2496228894,4,0,21
5817.0,cluster_12013799527_12013799528_2190601967,5,0,23
5817.0,cluster_12013799529_12013799530_473195061,4,0,21
5818.0,2496228891,4,0,21
5818.0,cluster_12013799525_12013799526_2496228894,3,0,15
5818.0,cluster_12013799527_12013799528_2190601967,5,0,21
5818.0,cluster_12013799529_12013799530_473195061,4,0,21
5819.0,2496228891,6,0,23
5819.0,cluster_12013799525_12013799526_2496228894,3,0,15
5819.0,cluster_12013799527_12013799528_2190601967,4,0,21
5819.0,cluster_12013799529_12013799530_473195061,4,0,21
5820.0,2496228891,6,0,21
5820.0,cluster_12013799525_12013799526_2496228894,3,0,15
5820.0,cluster_12013799527_12013799528_2190601967,4,0,21
5820.0,cluster_12013799529_12013799530_473195061,4,0,21
5821.0,cluster_12013799525_12013799526_2496228894,2,0,15
5821.0,cluster_12013799527_12013799528_2190601967,5,0,23
5821.0,cluster_12013799529_12013799530_473195061,4,0,21
5822.0,cluster_12013799525_12013799526_2496228894,2,0,15
5822.0,cluster_12013799527_12013799528_2190601967,5,0,21
5822.0,cluster_12013799529_12013799530_473195061,4,0,21
5823.0,cluster_12013799525_12013799526_2496228894,2,0,15
5823.0,cluster_12013799527_12013799528_2190601967,5,0,21
5823.0,cluster_12013799529_12013799530_473195061,3,0,15
5824.0,2496228891,2,2,15
5824.0,cluster_12013799525_12013799526_2496228894,1,0,15
5824.0,cluster_12013799527_12013799528_2190601967,5,0,21
5824.0,cluster_12013799529_12013799530_473195061,3,0,15
5825.0,2496228891,2,2,15
5825.0,cluster_12013799525_12013799526_2496228894,1,0,15
5825.0,cluster_12013799527_12013799528_2190601967,5,0,21
5825.0,cluster_12013799529_12013799530_473195061,2,0,15
5826.0,2496228891,2,2,15
5826.0,cluster_12013799525_12013799526_2496228894,1,0,15
5826.0,cluster_12013799527_12013799528_2190601967,5,0,21
5826.0,cluster_12013799529_12013799530_473195061,2,0,15
5827.0,2496228891,2,2,15
5827.0,cluster_12013799525_12013799526_2496228894,0,0,15
5827.0,cluster_12013799529_12013799530_473195061,2,0,15
5828.0,2496228891,1,2,15
5828.0,cluster_12013799525_12013799526_2496228894,0,0,15
5828.0,cluster_12013799529_12013799530_473195061,1,0,15
5829.0,2496228891,1,2,15
5829.0,cluster_12013799525_12013799526_2496228894,0,0,15
5829.0,cluster_12013799529_12013799530_473195061,1,0,15
5830.0,2496228891,1,2,15
5830.0,cluster_12013799525_12013799526_2496228894,0,0,15
5830.0,cluster_12013799527_12013799528_2190601967,5,2,21
5830.0,cluster_12013799529_12013799530_473195061,1,0,15
5831.0,2496228891,0,2,15
5831.0,cluster_12013799525_12013799526_2496228894,0,0,15
5831.0,cluster_12013799527_12013799528_2190601967,4,2,21
5831.0,cluster_12013799529_12013799530_473195061,1,0,15
5832.0,2496228891,0,2,15
5832.0,cluster_12013799525_12013799526_2496228894,0,0,15
5832.0,cluster_12013799527_12013799528_2190601967,4,2,21
5832.0,cluster_12013799529_12013799530_473195061,1,0,15
5833.0,2496228891,0,2,15
5833.0,cluster_12013799525_12013799526_2496228894,0,0,15
5833.0,cluster_12013799527_12013799528_2190601967,4,2,21
5833.0,cluster_12013799529_12013799530_473195061,0,0,15
5834.0,2496228891,0,2,15
5834.0,cluster_12013799525_12013799526_2496228894,0,0,15
5834.0,cluster_12013799527_12013799528_2190601967,4,2,21
5834.0,cluster_12013799529_12013799530_473195061,0,0,15
5835.0,2496228891,0,2,15
5835.0,cluster_12013799525_12013799526_2496228894,0,0,15
5835.0,cluster_12013799527_12013799528_2190601967,4,2,23
5835.0,cluster_12013799529_12013799530_473195061,0,0,15
5836.0,2496228891,0,2,15
5836.0,cluster_12013799525_12013799526_2496228894,0,0,15
5836.0,cluster_12013799527_12013799528_2190601967,2,2,15
5836.0,cluster_12013799529_12013799530_473195061,0,0,15
5837.0,2496228891,0,2,15
5837.0,cluster_12013799525_12013799526_2496228894,0,0,15
5837.0,cluster_12013799527_12013799528_2190601967,1,2,15
5837.0,cluster_12013799529_12013799530_473195061,0,0,15
5838.0,2496228891,0,2,15
5838.0,cluster_12013799525_12013799526_2496228894,0,0,15
5838.0,cluster_12013799527_12013799528_2190601967,2,2,15
5838.0,cluster_12013799529_12013799530_473195061,0,0,15
5839.0,2496228891,0,2,15
5839.0,cluster_12013799527_12013799528_2190601967,2,2,15
5840.0,cluster_12013799527_12013799528_2190601967,2,2,15
5841.0,cluster_12013799527_12013799528_2190601967,2,2,15
5842.0,cluster_12013799525_12013799526_2496228894,2,2,15
5842.0,cluster_12013799527_12013799528_2190601967,1,2,15
5842.0,cluster_12013799529_12013799530_473195061,6,2,21
5843.0,2496228891,3,0,15
5843.0,cluster_12013799525_12013799526_2496228894,1,2,15
5843.0,cluster_12013799527_12013799528_2190601967,1,2,15
5843.0,cluster_12013799529_12013799530_473195061,6,2,21
5844.0,2496228891,2,0,15
5844.0,cluster_12013799525_12013799526_2496228894,0,2,15
5844.0,cluster_12013799527_12013799528_2190601967,1,2,15
5844.0,cluster_12013799529_12013799530_473195061,7,2,23
5845.0,2496228891,2,0,15
5845.0,cluster_12013799525_12013799526_2496228894,0,2,15
5845.0,cluster_12013799527_12013799528_2190601967,1,2,15
5845.0,cluster_12013799529_12013799530_473195061,7,2,21
5846.0,2496228891,2,0,15
5846.0,cluster_12013799525_12013799526_2496228894,1,2,15
5846.0,cluster_12013799527_12013799528_2190601967,2,2,15
5846.0,cluster_12013799529_12013799530_473195061,8,2,24
5847.0,2496228891,1,0,15
5847.0,cluster_12013799525_12013799526_2496228894,1,2,15
5847.0,cluster_12013799527_12013799528_2190601967,2,2,15
5847.0,cluster_12013799529_12013799530_473195061,8,2,21
5848.0,2496228891,1,0,15
5848.0,cluster_12013799525_12013799526_2496228894,1,2,15
5848.0,cluster_12013799527_12013799528_2190601967,2,2,15
5848.0,cluster_12013799529_12013799530_473195061,8,2,21
5849.0,2496228891,1,0,15
5849.0,cluster_12013799525_12013799526_2496228894,2,2,15
5849.0,cluster_12013799527_12013799528_2190601967,2,2,15
5849.0,cluster_12013799529_12013799530_473195061,7,2,21
5850.0,2496228891,0,0,15
5850.0,cluster_12013799525_12013799526_2496228894,2,2,15
5850.0,cluster_12013799527_12013799528_2190601967,2,2,15
5850.0,cluster_12013799529_12013799530_473195061,7,2,21
5851.0,2496228891,0,0,15
5851.0,cluster_12013799525_12013799526_2496228894,3,2,15
5851.0,cluster_12013799527_12013799528_2190601967,2,2,15
5851.0,cluster_12013799529_12013799530_473195061,7,2,21
5852.0,2496228891,0,0,15
5852.0,cluster_12013799525_12013799526_2496228894,3,2,15
5852.0,cluster_12013799529_12013799530_473195061,7,2,21
5853.0,2496228891,0,0,15
5853.0,cluster_12013799525_12013799526_2496228894,3,2,15
5853.0,cluster_12013799529_12013799530_473195061,7,2,21
5854.0,2496228891,0,0,15
5854.0,cluster_12013799525_12013799526_2496228894,3,2,15
5854.0,cluster_12013799529_12013799530_473195061,7,2,21
5855.0,2496228891,0,0,15
5855.0,cluster_12013799525_12013799526_2496228894,3,2,15
5855.0,cluster_12013799527_12013799528_2190601967,4,0,21
5855.0,cluster_12013799529_12013799530_473195061,6,2,21
5856.0,2496228891,0,0,15
5856.0,cluster_12013799525_12013799526_2496228894,3,2,15
5856.0,cluster_12013799527_12013799528_2190601967,4,0,21
5856.0,cluster_12013799529_12013799530_473195061,5,2,21
5857.0,2496228891,0,0,15
5857.0,cluster_12013799525_12013799526_2496228894,3,2,15
5857.0,cluster_12013799527_12013799528_2190601967,4,0,21
5857.0,cluster_12013799529_12013799530_473195061,5,2,21
5858.0,2496228891,0,0,15
5858.0,cluster_12013799527_12013799528_2190601967,4,0,21
5858.0,cluster_12013799529_12013799530_473195061,5,2,21
5859.0,cluster_12013799527_12013799528_2190601967,4,0,21
5859.0,cluster_12013799529_12013799530_473195061,4,2,21
5860.0,cluster_12013799527_12013799528_2190601967,3,0,15
5860.0,cluster_12013799529_12013799530_473195061,4,2,23
5861.0,cluster_12013799525_12013799526_2496228894,0,0,15
5861.0,cluster_12013799527_12013799528_2190601967,3,0,15
5861.0,cluster_12013799529_12013799530_473195061,4,2,21
5862.0,2496228891,0,2,15
5862.0,cluster_12013799525_12013799526_2496228894,0,0,15
5862.0,cluster_12013799527_12013799528_2190601967,3,0,15
5862.0,cluster_12013799529_12013799530_473195061,4,2,21
5863.0,2496228891,0,2,15
5863.0,cluster_12013799525_12013799526_2496228894,0,0,15
5863.0,cluster_12013799527_12013799528_2190601967,2,0,15
5863.0,cluster_12013799529_12013799530_473195061,4,2,23
5864.0,2496228891,0,2,15
5864.0,cluster_12013799525_12013799526_2496228894,0,0,15
5864.0,cluster_12013799527_12013799528_2190601967,2,0,15
5865.0,2496228891,0,2,15
5865.0,cluster_12013799525_12013799526_2496228894,0,0,15
5865.0,cluster_12013799527_12013799528_2190601967,2,0,15
5866.0,2496228891,0,2,15
5866.0,cluster_12013799525_12013799526_2496228894,0,0,15
5866.0,cluster_12013799527_12013799528_2190601967,1,0,15
5867.0,2496228891,0,2,15
5867.0,cluster_12013799525_12013799526_2496228894,0,0,15
5867.0,cluster_12013799527_12013799528_2190601967,1,0,15
5867.0,cluster_12013799529_12013799530_473195061,0,0,15
5868.0,2496228891,0,2,15
5868.0,cluster_12013799525_12013799526_2496228894,0,0,15
5868.0,cluster_12013799527_12013799528_2190601967,0,0,15
5868.0,cluster_12013799529_12013799530_473195061,0,0,15
5869.0,2496228891,0,2,15
5869.0,cluster_12013799525_12013799526_2496228894,0,0,15
5869.0,cluster_12013799527_12013799528_2190601967,0,0,15
5869.0,cluster_12013799529_12013799530_473195061,0,0,15
5870.0,2496228891,0,2,15
5870.0,cluster_12013799525_12013799526_2496228894,0,0,15
5870.0,cluster_12013799527_12013799528_2190601967,0,0,15
5870.0,cluster_12013799529_12013799530_473195061,0,0,15
5871.0,2496228891,0,2,15
5871.0,cluster_12013799525_12013799526_2496228894,0,0,15
5871.0,cluster_12013799527_12013799528_2190601967,0,0,15
5871.0,cluster_12013799529_12013799530_473195061,0,0,15
5872.0,2496228891,0,2,15
5872.0,cluster_12013799525_12013799526_2496228894,0,0,15
5872.0,cluster_12013799527_12013799528_2190601967,0,0,15
5872.0,cluster_12013799529_12013799530_473195061,0,0,15
5873.0,2496228891,0,2,15
5873.0,cluster_12013799525_12013799526_2496228894,0,0,15
5873.0,cluster_12013799527_12013799528_2190601967,0,0,15
5873.0,cluster_12013799529_12013799530_473195061,0,0,15
5874.0,2496228891,0,2,15
5874.0,cluster_12013799525_12013799526_2496228894,0,0,15
5874.0,cluster_12013799527_12013799528_2190601967,0,0,15
5874.0,cluster_12013799529_12013799530_473195061,0,0,15
5875.0,2496228891,0,2,15
5875.0,cluster_12013799525_12013799526_2496228894,0,0,15
5875.0,cluster_12013799527_12013799528_2190601967,0,0,15
5875.0,cluster_12013799529_12013799530_473195061,0,0,15
5876.0,2496228891,0,2,15
5876.0,cluster_12013799525_12013799526_2496228894,0,0,15
5876.0,cluster_12013799527_12013799528_2190601967,0,0,15
5876.0,cluster_12013799529_12013799530_473195061,0,0,15
5877.0,2496228891,0,2,15
5877.0,cluster_12013799529_12013799530_473195061,0,0,15
5878.0,cluster_12013799529_12013799530_473195061,0,0,15
5879.0,cluster_12013799529_12013799530_473195061,0,0,15
5880.0,cluster_12013799525_12013799526_2496228894,1,2,15
5880.0,cluster_12013799527_12013799528_2190601967,1,2,15
5880.0,cluster_12013799529_12013799530_473195061,0,0,15
5881.0,2496228891,0,0,15
5881.0,cluster_12013799525_12013799526_2496228894,0,2,15
5881.0,cluster_12013799527_12013799528_2190601967,0,2,15
5881.0,cluster_12013799529_12013799530_473195061,0,0,15
5882.0,2496228891,0,0,15
5882.0,cluster_12013799525_12013799526_2496228894,0,2,15
5882.0,cluster_12013799527_12013799528_2190601967,0,2,15
5882.0,cluster_12013799529_12013799530_473195061,0,0,15
5883.0,2496228891,0,0,15
5883.0,cluster_12013799525_12013799526_2496228894,0,2,15
5883.0,cluster_12013799527_12013799528_2190601967,0,2,15
5884.0,2496228891,0,0,15
5884.0,cluster_12013799525_12013799526_2496228894,0,2,15
5884.0,cluster_12013799527_12013799528_2190601967,0,2,15
5885.0,2496228891,0,0,15
5885.0,cluster_12013799525_12013799526_2496228894,1,2,15
5885.0,cluster_12013799527_12013799528_2190601967,1,2,15
5886.0,2496228891,0,0,15
5886.0,cluster_12013799525_12013799526_2496228894,1,2,15
5886.0,cluster_12013799527_12013799528_2190601967,1,2,15
5886.0,cluster_12013799529_12013799530_473195061,5,2,21
5887.0,2496228891,0,0,15
5887.0,cluster_12013799525_12013799526_2496228894,1,2,15
5887.0,cluster_12013799527_12013799528_2190601967,1,2,15
5887.0,cluster_12013799529_12013799530_473195061,4,2,21
5888.0,2496228891,0,0,15
5888.0,cluster_12013799525_12013799526_2496228894,1,2,15
5888.0,cluster_12013799527_12013799528_2190601967,1,2,15
5888.0,cluster_12013799529_12013799530_473195061,4,2,21
5889.0,2496228891,0,0,15
5889.0,cluster_12013799525_12013799526_2496228894,1,2,15
5889.0,cluster_12013799527_12013799528_2190601967,1,2,15
5889.0,cluster_12013799529_12013799530_473195061,4,2,21
5890.0,2496228891,0,0,15
5890.0,cluster_12013799525_12013799526_2496228894,1,2,15
5890.0,cluster_12013799527_12013799528_2190601967,1,2,15
5890.0,cluster_12013799529_12013799530_473195061,4,2,21
5891.0,2496228891,2,0,15
5891.0,cluster_12013799525_12013799526_2496228894,1,2,15
5891.0,cluster_12013799527_12013799528_2190601967,0,2,15
5891.0,cluster_12013799529_12013799530_473195061,3,2,15
5892.0,2496228891,2,0,15
5892.0,cluster_12013799525_12013799526_2496228894,1,2,15
5892.0,cluster_12013799527_12013799528_2190601967,1,2,15
5892.0,cluster_12013799529_12013799530_473195061,3,2,15
5893.0,2496228891,2,0,15
5893.0,cluster_12013799525_12013799526_2496228894,1,2,15
5893.0,cluster_12013799527_12013799528_2190601967,1,2,15
5893.0,cluster_12013799529_12013799530_473195061,3,2,15
5894.0,2496228891,2,0,15
5894.0,cluster_12013799525_12013799526_2496228894,1,2,15
5894.0,cluster_12013799527_12013799528_2190601967,1,2,15
5894.0,cluster_12013799529_12013799530_473195061,2,2,15
5895.0,2496228891,2,0,15
5895.0,cluster_12013799525_12013799526_2496228894,1,2,15
5895.0,cluster_12013799527_12013799528_2190601967,1,2,15
5895.0,cluster_12013799529_12013799530_473195061,2,2,15
5896.0,2496228891,0,0,15
5896.0,cluster_12013799529_12013799530_473195061,1,2,15
5897.0,cluster_12013799529_12013799530_473195061,0,2,15
5898.0,cluster_12013799529_12013799530_473195061,0,2,15
5899.0,cluster_12013799525_12013799526_2496228894,0,0,15
5899.0,cluster_12013799527_12013799528_2190601967,0,0,15
5899.0,cluster_12013799529_12013799530_473195061,0,2,15
5900.0,2496228891,0,2,15
5900.0,cluster_12013799525_12013799526_2496228894,0,0,15
5900.0,cluster_12013799527_12013799528_2190601967,0,0,15
5900.0,cluster_12013799529_12013799530_473195061,0,2,15
5901.0,2496228891,1,2,15
5901.0,cluster_12013799525_12013799526_2496228894,1,0,15
5901.0,cluster_12013799527_12013799528_2190601967,1,0,15
5901.0,cluster_12013799529_12013799530_473195061,1,2,15
5902.0,2496228891,1,2,15
5902.0,cluster_12013799525_12013799526_2496228894,1,0,15
5902.0,cluster_12013799527_12013799528_2190601967,1,0,15
5902.0,cluster_12013799529_12013799530_473195061,1,2,15
5903.0,2496228891,1,2,15
5903.0,cluster_12013799525_12013799526_2496228894,1,0,15
5903.0,cluster_12013799527_12013799528_2190601967,1,0,15
5903.0,cluster_12013799529_12013799530_473195061,1,2,15
5904.0,2496228891,1,2,15
5904.0,cluster_12013799525_12013799526_2496228894,1,0,15
5904.0,cluster_12013799527_12013799528_2190601967,1,0,15
5904.0,cluster_12013799529_12013799530_473195061,1,2,15
5905.0,2496228891,2,2,15
5905.0,cluster_12013799525_12013799526_2496228894,2,0,15
5905.0,cluster_12013799527_12013799528_2190601967,2,0,15
5905.0,cluster_12013799529_12013799530_473195061,2,2,15
5906.0,2496228891,2,2,15
5906.0,cluster_12013799525_12013799526_2496228894,2,0,15
5906.0,cluster_12013799527_12013799528_2190601967,2,0,15
5906.0,cluster_12013799529_12013799530_473195061,2,2,15
5907.0,2496228891,2,2,15
5907.0,cluster_12013799525_12013799526_2496228894,2,0,15
5907.0,cluster_12013799527_12013799528_2190601967,2,0,15
5907.0,cluster_12013799529_12013799530_473195061,2,2,15
5908.0,2496228891,2,2,15
5908.0,cluster_12013799525_12013799526_2496228894,2,0,15
5908.0,cluster_12013799527_12013799528_2190601967,2,0,15
5909.0,2496228891,2,2,15
5909.0,cluster_12013799525_12013799526_2496228894,3,0,15
5909.0,cluster_12013799527_12013799528_2190601967,3,0,15
5910.0,2496228891,3,2,15
5910.0,cluster_12013799525_12013799526_2496228894,3,0,15
5910.0,cluster_12013799527_12013799528_2190601967,3,0,15
5911.0,2496228891,3,2,15
5911.0,cluster_12013799525_12013799526_2496228894,2,0,15
5911.0,cluster_12013799527_12013799528_2190601967,3,0,15
5911.0,cluster_12013799529_12013799530_473195061,3,0,15
5912.0,2496228891,3,2,15
5912.0,cluster_12013799525_12013799526_2496228894,3,0,15
5912.0,cluster_12013799527_12013799528_2190601967,3,0,15
5912.0,cluster_12013799529_12013799530_473195061,3,0,15
5913.0,2496228891,2,2,15
5913.0,cluster_12013799525_12013799526_2496228894,3,0,15
5913.0,cluster_12013799527_12013799528_2190601967,4,0,23
5913.0,cluster_12013799529_12013799530_473195061,4,0,23
5914.0,2496228891,3,2,15
5914.0,cluster_12013799525_12013799526_2496228894,3,0,15
5914.0,cluster_12013799527_12013799528_2190601967,4,0,21
5914.0,cluster_12013799529_12013799530_473195061,4,0,21
5915.0,2496228891,3,2,15
5915.0,cluster_12013799529_12013799530_473195061,4,0,21
5916.0,cluster_12013799529_12013799530_473195061,4,0,21
5917.0,cluster_12013799529_12013799530_473195061,5,0,23
5918.0,cluster_12013799525_12013799526_2496228894,3,2,15
5918.0,cluster_12013799527_12013799528_2190601967,5,2,21
5918.0,cluster_12013799529_12013799530_473195061,5,0,21
5919.0,2496228891,6,0,21
5919.0,cluster_12013799525_12013799526_2496228894,3,2,15
5919.0,cluster_12013799527_12013799528_2190601967,3,2,15
5919.0,cluster_12013799529_12013799530_473195061,4,0,21
5920.0,2496228891,5,0,21
5920.0,cluster_12013799525_12013799526_2496228894,3,2,15
5920.0,cluster_12013799527_12013799528_2190601967,4,2,23
5920.0,cluster_12013799529_12013799530_473195061,4,0,21
5921.0,2496228891,7,0,23
5921.0,cluster_12013799525_12013799526_2496228894,3,2,15
5921.0,cluster_12013799527_12013799528_2190601967,4,2,21
5921.0,cluster_12013799529_12013799530_473195061,4,0,21
5922.0,2496228891,6,0,21
5922.0,cluster_12013799525_12013799526_2496228894,3,2,15
5922.0,cluster_12013799527_12013799528_2190601967,4,2,21
5922.0,cluster_12013799529_12013799530_473195061,3,0,15
5923.0,2496228891,5,0,21
5923.0,cluster_12013799525_12013799526_2496228894,3,2,15
5923.0,cluster_12013799527_12013799528_2190601967,3,2,15
5923.0,cluster_12013799529_12013799530_473195061,3,0,15
5924.0,2496228891,7,0,23
5924.0,cluster_12013799525_12013799526_2496228894,4,2,23
5924.0,cluster_12013799527_12013799528_2190601967,4,2,23
5924.0,cluster_12013799529_12013799530_473195061,3,0,15
5925.0,2496228891,5,0,21
5925.0,cluster_12013799525_12013799526_2496228894,5,2,23
5925.0,cluster_12013799527_12013799528_2190601967,3,2,15
5925.0,cluster_12013799529_12013799530_473195061,3,0,15
5926.0,2496228891,4,0,21
5926.0,cluster_12013799525_12013799526_2496228894,5,2,23
5926.0,cluster_12013799527_12013799528_2190601967,3,2,15
5926.0,cluster_12013799529_12013799530_473195061,2,0,15
5927.0,2496228891,5,0,23
5927.0,cluster_12013799525_12013799526_2496228894,5,2,21
5927.0,cluster_12013799527_12013799528_2190601967,3,2,15
5928.0,2496228891,5,0,21
5928.0,cluster_12013799525_12013799526_2496228894,5,2,21
5928.0,cluster_12013799527_12013799528_2190601967,3,2,15
5929.0,2496228891,3,0,15
5929.0,cluster_12013799525_12013799526_2496228894,5,2,21
5929.0,cluster_12013799527_12013799528_2190601967,2,2,15
5930.0,2496228891,4,0,23
5930.0,cluster_12013799525_12013799526_2496228894,5,2,21
5930.0,cluster_12013799527_12013799528_2190601967,2,2,15
5930.0,cluster_12013799529_12013799530_473195061,8,2,21
5931.0,2496228891,4,0,21
5931.0,cluster_12013799525_12013799526_2496228894,5,2,21
5931.0,cluster_12013799527_12013799528_2190601967,2,2,15
5931.0,cluster_12013799529_12013799530_473195061,8,2,21
5932.0,2496228891,3,0,15
5932.0,cluster_12013799525_12013799526_2496228894,5,2,21
5932.0,cluster_12013799527_12013799528_2190601967,2,2,15
5932.0,cluster_12013799529_12013799530_473195061,8,2,21
5933.0,2496228891,3,0,15
5933.0,cluster_12013799525_12013799526_2496228894,5,2,21
5933.0,cluster_12013799527_12013799528_2190601967,2,2,15
5933.0,cluster_12013799529_12013799530_473195061,8,2,21
5934.0,2496228891,3,0,15
5934.0,cluster_12013799527_12013799528_2190601967,2,2,15
5934.0,cluster_12013799529_12013799530_473195061,8,2,21
5935.0,2496228891,4,0,23
5935.0,cluster_12013799527_12013799528_2190601967,2,2,15
5935.0,cluster_12013799529_12013799530_473195061,8,2,21
5936.0,2496228891,3,0,15
5936.0,cluster_12013799527_12013799528_2190601967,2,2,15
5936.0,cluster_12013799529_12013799530_473195061,8,2,21
5937.0,2496228891,3,0,15
5937.0,cluster_12013799525_12013799526_2496228894,2,0,15
5937.0,cluster_12013799527_12013799528_2190601967,2,2,15
5937.0,cluster_12013799529_12013799530_473195061,8,2,24
5938.0,2496228891,3,0,15
5938.0,cluster_12013799525_12013799526_2496228894,1,0,15
5938.0,cluster_12013799527_12013799528_2190601967,1,2,15
5938.0,cluster_12013799529_12013799530_473195061,7,2,21
5939.0,2496228891,3,0,15
5939.0,cluster_12013799525_12013799526_2496228894,1,0,15
5939.0,cluster_12013799527_12013799528_2190601967,1,2,15
5939.0,cluster_12013799529_12013799530_473195061,7,2,21
5940.0,2496228891,3,0,15
5940.0,cluster_12013799525_12013799526_2496228894,1,0,15
5940.0,cluster_12013799529_12013799530_473195061,7,2,21
5941.0,cluster_12013799525_12013799526_2496228894,1,0,15
5941.0,cluster_12013799529_12013799530_473195061,7,2,21
5942.0,cluster_12013799525_12013799526_2496228894,0,0,15
5942.0,cluster_12013799529_12013799530_473195061,7,2,21
5943.0,cluster_12013799525_12013799526_2496228894,0,0,15
5943.0,cluster_12013799527_12013799528_2190601967,7,0,21
5943.0,cluster_12013799529_12013799530_473195061,7,2,21
5944.0,2496228891,3,2,15
5944.0,cluster_12013799525_12013799526_2496228894,0,0,15
5944.0,cluster_12013799527_12013799528_2190601967,6,0,21
5944.0,cluster_12013799529_12013799530_473195061,6,2,21
5945.0,2496228891,2,2,15
5945.0,cluster_12013799525_12013799526_2496228894,0,0,15
5945.0,cluster_12013799527_12013799528_2190601967,6,0,21
5945.0,cluster_12013799529_12013799530_473195061,6,2,21
5946.0,2496228891,2,2,15
5946.0,cluster_12013799525_12013799526_2496228894,0,0,15
5946.0,cluster_12013799527_12013799528_2190601967,6,0,21
5946.0,cluster_12013799529_12013799530_473195061,6,2,21
5947.0,2496228891,2,2,15
5947.0,cluster_12013799525_12013799526_2496228894,0,0,15
5947.0,cluster_12013799527_12013799528_2190601967,6,0,21
5947.0,cluster_12013799529_12013799530_473195061,6,2,21
5948.0,2496228891,2,2,15
5948.0,cluster_12013799525_12013799526_2496228894,0,0,15
5948.0,cluster_12013799527_12013799528_2190601967,5,0,21
5948.0,cluster_12013799529_12013799530_473195061,5,2,21
5949.0,2496228891,1,2,15
5949.0,cluster_12013799525_12013799526_2496228894,0,0,15
5949.0,cluster_12013799527_12013799528_2190601967,5,0,21
5949.0,cluster_12013799529_12013799530_473195061,5,2,21
5950.0,2496228891,1,2,15
5950.0,cluster_12013799525_12013799526_2496228894,0,0,15
5950.0,cluster_12013799527_12013799528_2190601967,5,0,21
5950.0,cluster_12013799529_12013799530_473195061,5,2,21
5951.0,2496228891,0,2,15
5951.0,cluster_12013799525_12013799526_2496228894,0,0,15
5951.0,cluster_12013799527_12013799528_2190601967,4,0,21
5951.0,cluster_12013799529_12013799530_473195061,5,2,23
5952.0,2496228891,0,2,15
5952.0,cluster_12013799525_12013799526_2496228894,0,0,15
5952.0,cluster_12013799527_12013799528_2190601967,4,0,21
5953.0,2496228891,0,2,15
5953.0,cluster_12013799527_12013799528_2190601967,4,0,21
5954.0,2496228891,0,2,15
5954.0,cluster_12013799527_12013799528_2190601967,3,0,15
5955.0,2496228891,0,2,15
5955.0,cluster_12013799527_12013799528_2190601967,3,0,15
5955.0,cluster_12013799529_12013799530_473195061,2,0,15
5956.0,2496228891,0,2,15
5956.0,cluster_12013799525_12013799526_2496228894,3,2,15
5956.0,cluster_12013799527_12013799528_2190601967,2,0,15
5956.0,cluster_12013799529_12013799530_473195061,1,0,15
5957.0,2496228891,0,2,15
5957.0,cluster_12013799525_12013799526_2496228894,3,2,15
5957.0,cluster_12013799527_12013799528_2190601967,2,0,15
5957.0,cluster_12013799529_12013799530_473195061,1,0,15
5958.0,2496228891,0,2,15
5958.0,cluster_12013799525_12013799526_2496228894,3,2,15
5958.0,cluster_12013799527_12013799528_2190601967,1,0,15
5958.0,cluster_12013799529_12013799530_473195061,1,0,15
5959.0,2496228891,0,2,15
5959.0,cluster_12013799525_12013799526_2496228894,3,2,15
5959.0,cluster_12013799527_12013799528_2190601967,1,0,15
5959.0,cluster_12013799529_12013799530_473195061,1,0,15
5960.0,cluster_12013799525_12013799526_2496228894,2,2,15
5960.0,cluster_12013799527_12013799528_2190601967,0,0,15
5960.0,cluster_12013799529_12013799530_473195061,0,0,15
5961.0,cluster_12013799525_12013799526_2496228894,2,2,15
5961.0,cluster_12013799527_12013799528_2190601967,0,0,15
5961.0,cluster_12013799529_12013799530_473195061,0,0,15
5962.0,cluster_12013799525_12013799526_2496228894,1,2,15
5962.0,cluster_12013799527_12013799528_2190601967,0,0,15
5962.0,cluster_12013799529_12013799530_473195061,0,0,15
5963.0,2496228891,0,0,15
5963.0,cluster_12013799525_12013799526_2496228894,1,2,15
5963.0,cluster_12013799527_12013799528_2190601967,0,0,15
5963.0,cluster_12013799529_12013799530_473195061,0,0,15
5964.0,2496228891,0,0,15
5964.0,cluster_12013799525_12013799526_2496228894,0,2,15
5964.0,cluster_12013799527_12013799528_2190601967,0,0,15
5964.0,cluster_12013799529_12013799530_473195061,0,0,15
5965.0,2496228891,0,0,15
5965.0,cluster_12013799525_12013799526_2496228894,0,2,15
5965.0,cluster_12013799529_12013799530_473195061,0,0,15
5966.0,2496228891,0,0,15
5966.0,cluster_12013799525_12013799526_2496228894,0,2,15
5966.0,cluster_12013799529_12013799530_473195061,0,0,15
5967.0,2496228891,1,0,15
5967.0,cluster_12013799525_12013799526_2496228894,0,2,15
5967.0,cluster_12013799529_12013799530_473195061,0,0,15
5968.0,2496228891,1,0,15
5968.0,cluster_12013799525_12013799526_2496228894,0,2,15
5968.0,cluster_12013799527_12013799528_2190601967,4,2,21
5968.0,cluster_12013799529_12013799530_473195061,0,0,15
5969.0,2496228891,1,0,15
5969.0,cluster_12013799525_12013799526_2496228894,0,2,15
5969.0,cluster_12013799527_12013799528_2190601967,3,2,15
5969.0,cluster_12013799529_12013799530_473195061,0,0,15
5970.0,2496228891,2,0,15
5970.0,cluster_12013799525_12013799526_2496228894,0,2,15
5970.0,cluster_12013799527_12013799528_2190601967,2,2,15
5970.0,cluster_12013799529_12013799530_473195061,0,0,15
5971.0,2496228891,2,0,15
5971.0,cluster_12013799525_12013799526_2496228894,0,2,15
5971.0,cluster_12013799527_12013799528_2190601967,3,2,15
5972.0,2496228891,2,0,15
5972.0,cluster_12013799527_12013799528_2190601967,1,2,15
5973.0,2496228891,2,0,15
5973.0,cluster_12013799527_12013799528_2190601967,2,2,15
5974.0,2496228891,1,0,15
5974.0,cluster_12013799527_12013799528_2190601967,2,2,15
5974.0,cluster_12013799529_12013799530_473195061,6,2,21
5975.0,2496228891,1,0,15
5975.0,cluster_12013799525_12013799526_2496228894,0,0,15
5975.0,cluster_12013799527_12013799528_2190601967,2,2,15
5975.0,cluster_12013799529_12013799530_473195061,6,2,23
5976.0,2496228891,1,0,15
5976.0,cluster_12013799525_12013799526_2496228894,0,0,15
5976.0,cluster_12013799527_12013799528_2190601967,1,2,15
5976.0,cluster_12013799529_12013799530_473195061,6,2,21
5977.0,2496228891,0,0,15
5977.0,cluster_12013799525_12013799526_2496228894,0,0,15
5977.0,cluster_12013799527_12013799528_2190601967,0,2,15
5977.0,cluster_12013799529_12013799530_473195061,6,2,21
5978.0,2496228891,0,0,15
5978.0,cluster_12013799525_12013799526_2496228894,0,0,15
5978.0,cluster_12013799527_12013799528_2190601967,0,2,15
5978.0,cluster_12013799529_12013799530_473195061,5,2,21
5979.0,cluster_12013799525_12013799526_2496228894,0,0,15
5979.0,cluster_12013799527_12013799528_2190601967,0,2,15
5979.0,cluster_12013799529_12013799530_473195061,5,2,23
5980.0,cluster_12013799525_12013799526_2496228894,0,0,15
5980.0,cluster_12013799527_12013799528_2190601967,0,2,15
5980.0,cluster_12013799529_12013799530_473195061,5,2,21
5981.0,cluster_12013799525_12013799526_2496228894,0,0,15
5981.0,cluster_12013799527_12013799528_2190601967,0,2,15
5981.0,cluster_12013799529_12013799530_473195061,4,2,21
5982.0,2496228891,0,2,15
5982.0,cluster_12013799525_12013799526_2496228894,0,0,15
5982.0,cluster_12013799527_12013799528_2190601967,0,2,15
5982.0,cluster_12013799529_12013799530_473195061,4,2,21
5983.0,2496228891,0,2,15
5983.0,cluster_12013799525_12013799526_2496228894,0,0,15
5983.0,cluster_12013799527_12013799528_2190601967,0,2,15
5983.0,cluster_12013799529_12013799530_473195061,4,2,21
5984.0,2496228891,0,2,15
5984.0,cluster_12013799525_12013799526_2496228894,0,0,15
5984.0,cluster_12013799527_12013799528_2190601967,0,2,15
5984.0,cluster_12013799529_12013799530_473195061,3,2,15
5985.0,2496228891,0,2,15
5985.0,cluster_12013799525_12013799526_2496228894,0,0,15
5985.0,cluster_12013799527_12013799528_2190601967,0,2,15
5985.0,cluster_12013799529_12013799530_473195061,3,2,15
5986.0,2496228891,0,2,15
5986.0,cluster_12013799525_12013799526_2496228894,0,0,15
5986.0,cluster_12013799527_12013799528_2190601967,0,2,15
5986.0,cluster_12013799529_12013799530_473195061,2,2,15
5987.0,2496228891,0,2,15
5987.0,cluster_12013799525_12013799526_2496228894,0,0,15
5987.0,cluster_12013799527_12013799528_2190601967,0,2,15
5987.0,cluster_12013799529_12013799530_473195061,2,2,15
5988.0,2496228891,0,2,15
5988.0,cluster_12013799525_12013799526_2496228894,0,0,15
5988.0,cluster_12013799527_12013799528_2190601967,0,2,15
5988.0,cluster_12013799529_12013799530_473195061,1,2,15
5989.0,2496228891,0,2,15
5989.0,cluster_12013799525_12013799526_2496228894,0,0,15
5989.0,cluster_12013799527_12013799528_2190601967,0,2,15
5989.0,cluster_12013799529_12013799530_473195061,1,2,15
5990.0,2496228891,0,2,15
5990.0,cluster_12013799525_12013799526_2496228894,0,0,15
5990.0,cluster_12013799529_12013799530_473195061,0,2,15
5991.0,2496228891,0,2,15
5991.0,cluster_12013799529_12013799530_473195061,0,2,15
5992.0,2496228891,0,2,15
5992.0,cluster_12013799529_12013799530_473195061,0,2,15
5993.0,2496228891,0,2,15
5993.0,cluster_12013799527_12013799528_2190601967,0,0,15
5993.0,cluster_12013799529_12013799530_473195061,0,2,15
5994.0,2496228891,0,2,15
5994.0,cluster_12013799525_12013799526_2496228894,1,2,15
5994.0,cluster_12013799527_12013799528_2190601967,0,0,15
5994.0,cluster_12013799529_12013799530_473195061,0,2,15
5995.0,2496228891,0,2,15
5995.0,cluster_12013799525_12013799526_2496228894,0,2,15
5995.0,cluster_12013799527_12013799528_2190601967,0,0,15
5995.0,cluster_12013799529_12013799530_473195061,0,2,15
5996.0,2496228891,0,2,15
5996.0,cluster_12013799525_12013799526_2496228894,0,2,15
5996.0,cluster_12013799527_12013799528_2190601967,0,0,15
5997.0,2496228891,0,2,15
5997.0,cluster_12013799525_12013799526_2496228894,0,2,15
5997.0,cluster_12013799527_12013799528_2190601967,0,0,15
5998.0,cluster_12013799525_12013799526_2496228894,0,2,15
5998.0,cluster_12013799527_12013799528_2190601967,0,0,15
5999.0,cluster_12013799525_12013799526_2496228894,0,2,15
5999.0,cluster_12013799527_12013799528_2190601967,0,0,15
5999.0,cluster_12013799529_12013799530_473195061,0,0,15
6000.0,cluster_12013799525_12013799526_2496228894,0,2,15
6000.0,cluster_12013799527_12013799528_2190601967,0,0,15
6000.0,cluster_12013799529_12013799530_473195061,0,0,15
6001.0,2496228891,6,0,21
6001.0,cluster_12013799525_12013799526_2496228894,1,2,15
6001.0,cluster_12013799527_12013799528_2190601967,1,0,15
6001.0,cluster_12013799529_12013799530_473195061,1,0,15
6002.0,2496228891,4,0,21
6002.0,cluster_12013799525_12013799526_2496228894,1,2,15
6002.0,cluster_12013799527_12013799528_2190601967,1,0,15
6002.0,cluster_12013799529_12013799530_473195061,1,0,15
6003.0,2496228891,4,0,23
6003.0,cluster_12013799525_12013799526_2496228894,1,2,15
6003.0,cluster_12013799527_12013799528_2190601967,1,0,15
6003.0,cluster_12013799529_12013799530_473195061,1,0,15
6004.0,2496228891,4,0,21
6004.0,cluster_12013799525_12013799526_2496228894,1,2,15
6004.0,cluster_12013799527_12013799528_2190601967,1,0,15
6004.0,cluster_12013799529_12013799530_473195061,1,0,15
6005.0,2496228891,5,0,23
6005.0,cluster_12013799525_12013799526_2496228894,3,2,15
6005.0,cluster_12013799527_12013799528_2190601967,2,0,15
6005.0,cluster_12013799529_12013799530_473195061,2,0,15
6006.0,2496228891,3,0,15
6006.0,cluster_12013799525_12013799526_2496228894,3,2,15
6006.0,cluster_12013799527_12013799528_2190601967,2,0,15
6006.0,cluster_12013799529_12013799530_473195061,2,0,15
6007.0,2496228891,3,0,15
6007.0,cluster_12013799525_12013799526_2496228894,3,2,15
6007.0,cluster_12013799527_12013799528_2190601967,2,0,15
6007.0,cluster_12013799529_12013799530_473195061,2,0,15
6008.0,2496228891,3,0,15
6008.0,cluster_12013799525_12013799526_2496228894,4,2,23
6008.0,cluster_12013799527_12013799528_2190601967,2,0,15
6008.0,cluster_12013799529_12013799530_473195061,2,0,15
6009.0,2496228891,3,0,15
6009.0,cluster_12013799525_12013799526_2496228894,5,2,23
6009.0,cluster_12013799529_12013799530_473195061,3,0,15
6010.0,2496228891,3,0,15
6010.0,cluster_12013799529_12013799530_473195061,3,0,15
6011.0,2496228891,3,0,15
6011.0,cluster_12013799529_12013799530_473195061,3,0,15
6012.0,2496228891,3,0,15
6012.0,cluster_12013799527_12013799528_2190601967,3,2,15
6012.0,cluster_12013799529_12013799530_473195061,3,0,15
6013.0,2496228891,4,0,23
6013.0,cluster_12013799525_12013799526_2496228894,3,0,15
6013.0,cluster_12013799527_12013799528_2190601967,3,2,15
6013.0,cluster_12013799529_12013799530_473195061,4,0,21
6014.0,2496228891,4,0,21
6014.0,cluster_12013799525_12013799526_2496228894,3,0,15
6014.0,cluster_12013799527_12013799528_2190601967,3,2,15
6014.0,cluster_12013799529_12013799530_473195061,4,0,21
6015.0,2496228891,4,0,21
6015.0,cluster_12013799525_12013799526_2496228894,3,0,15
6015.0,cluster_12013799527_12013799528_2190601967,3,2,15
6016.0,2496228891,4,0,21
6016.0,cluster_12013799525_12013799526_2496228894,3,0,15
6016.0,cluster_12013799527_12013799528_2190601967,3,2,15
6017.0,2496228891,5,0,23
6017.0,cluster_12013799525_12013799526_2496228894,2,0,15
6017.0,cluster_12013799527_12013799528_2190601967,2,2,15
6018.0,2496228891,5,0,21
6018.0,cluster_12013799525_12013799526_2496228894,2,0,15
6018.0,cluster_12013799527_12013799528_2190601967,2,2,15
6018.0,cluster_12013799529_12013799530_473195061,5,2,22
6019.0,2496228891,5,0,21
6019.0,cluster_12013799525_12013799526_2496228894,2,0,15
6019.0,cluster_12013799527_12013799528_2190601967,3,2,15
6019.0,cluster_12013799529_12013799530_473195061,5,2,21
6020.0,2496228891,5,0,21
6020.0,cluster_12013799525_12013799526_2496228894,1,0,15
6020.0,cluster_12013799527_12013799528_2190601967,2,2,15
6020.0,cluster_12013799529_12013799530_473195061,5,2,21
6021.0,2496228891,5,0,21
6021.0,cluster_12013799525_12013799526_2496228894,1,0,15
6021.0,cluster_12013799527_12013799528_2190601967,3,2,15
6021.0,cluster_12013799529_12013799530_473195061,6,2,23
6022.0,2496228891,5,0,21
6022.0,cluster_12013799525_12013799526_2496228894,1,0,15
6022.0,cluster_12013799527_12013799528_2190601967,3,2,15
6022.0,cluster_12013799529_12013799530_473195061,6,2,21
6023.0,cluster_12013799525_12013799526_2496228894,0,0,15
6023.0,cluster_12013799527_12013799528_2190601967,3,2,15
6023.0,cluster_12013799529_12013799530_473195061,6,2,21
6024.0,cluster_12013799525_12013799526_2496228894,0,0,15
6024.0,cluster_12013799527_12013799528_2190601967,3,2,15
6024.0,cluster_12013799529_12013799530_473195061,6,2,21
6025.0,cluster_12013799525_12013799526_2496228894,0,0,15
6025.0,cluster_12013799527_12013799528_2190601967,3,2,15
6025.0,cluster_12013799529_12013799530_473195061,7,2,23
6026.0,2496228891,3,2,15
6026.0,cluster_12013799525_12013799526_2496228894,0,0,15
6026.0,cluster_12013799527_12013799528_2190601967,4,2,23
6026.0,cluster_12013799529_12013799530_473195061,7,2,21
6027.0,2496228891,2,2,15
6027.0,cluster_12013799525_12013799526_2496228894,0,0,15
6027.0,cluster_12013799527_12013799528_2190601967,4,2,23
6027.0,cluster_12013799529_12013799530_473195061,7,2,21
6028.0,2496228891,2,2,15
6028.0,cluster_12013799525_12013799526_2496228894,0,0,15
6028.0,cluster_12013799529_12013799530_473195061,7,2,21
6029.0,2496228891,2,2,15
6029.0,cluster_12013799529_12013799530_473195061,7,2,21
6030.0,2496228891,1,2,15
6030.0,cluster_12013799529_12013799530_473195061,7,2,21
6031.0,2496228891,1,2,15
6031.0,cluster_12013799527_12013799528_2190601967,7,0,21
6031.0,cluster_12013799529_12013799530_473195061,7,2,21
6032.0,2496228891,1,2,15
6032.0,cluster_12013799525_12013799526_2496228894,2,2,15
6032.0,cluster_12013799527_12013799528_2190601967,6,0,21
6032.0,cluster_12013799529_12013799530_473195061,6,2,21
6033.0,2496228891,0,2,15
6033.0,cluster_12013799525_12013799526_2496228894,2,2,15
6033.0,cluster_12013799527_12013799528_2190601967,6,0,21
6033.0,cluster_12013799529_12013799530_473195061,6,2,21
6034.0,2496228891,0,2,15
6034.0,cluster_12013799525_12013799526_2496228894,2,2,15
6034.0,cluster_12013799527_12013799528_2190601967,6,0,21
6034.0,cluster_12013799529_12013799530_473195061,6,2,21
6035.0,2496228891,0,2,15
6035.0,cluster_12013799525_12013799526_2496228894,2,2,15
6035.0,cluster_12013799527_12013799528_2190601967,6,0,21
6035.0,cluster_12013799529_12013799530_473195061,6,2,21
6036.0,2496228891,0,2,15
6036.0,cluster_12013799525_12013799526_2496228894,3,2,15
6036.0,cluster_12013799527_12013799528_2190601967,5,0,21
6036.0,cluster_12013799529_12013799530_473195061,5,2,21
6037.0,2496228891,0,2,15
6037.0,cluster_12013799525_12013799526_2496228894,3,2,15
6037.0,cluster_12013799527_12013799528_2190601967,5,0,21
6037.0,cluster_12013799529_12013799530_473195061,5,2,21
6038.0,2496228891,0,2,15
6038.0,cluster_12013799525_12013799526_2496228894,3,2,15
6038.0,cluster_12013799527_12013799528_2190601967,4,0,21
6038.0,cluster_12013799529_12013799530_473195061,4,2,21
6039.0,2496228891,0,2,15
6039.0,cluster_12013799525_12013799526_2496228894,3,2,15
6039.0,cluster_12013799527_12013799528_2190601967,4,0,21
6039.0,cluster_12013799529_12013799530_473195061,5,2,23
6040.0,2496228891,0,2,15
6040.0,cluster_12013799525_12013799526_2496228894,3,2,15
6040.0,cluster_12013799527_12013799528_2190601967,4,0,21
6040.0,cluster_12013799529_12013799530_473195061,5,2,21
6041.0,2496228891,0,2,15
6041.0,cluster_12013799525_12013799526_2496228894,3,2,15
6041.0,cluster_12013799527_12013799528_2190601967,3,0,15
6042.0,cluster_12013799525_12013799526_2496228894,2,2,15
6042.0,cluster_12013799527_12013799528_2190601967,3,0,15
6043.0,cluster_12013799525_12013799526_2496228894,2,2,15
6043.0,cluster_12013799527_12013799528_2190601967,2,0,15
6044.0,cluster_12013799525_12013799526_2496228894,2,2,15
6044.0,cluster_12013799527_12013799528_2190601967,2,0,15
6044.0,cluster_12013799529_12013799530_473195061,4,0,21
6045.0,2496228891,4,0,21
6045.0,cluster_12013799525_12013799526_2496228894,1,2,15
6045.0,cluster_12013799527_12013799528_2190601967,1,0,15
6045.0,cluster_12013799529_12013799530_473195061,4,0,21
6046.0,2496228891,4,0,21
6046.0,cluster_12013799525_12013799526_2496228894,1,2,15
6046.0,cluster_12013799527_12013799528_2190601967,1,0,15
6046.0,cluster_12013799529_12013799530_473195061,4,0,21
6047.0,2496228891,4,0,21
6047.0,cluster_12013799525_12013799526_2496228894,0,2,15
6047.0,cluster_12013799527_12013799528_2190601967,0,0,15
6047.0,cluster_12013799529_12013799530_473195061,4,0,21
6048.0,2496228891,3,0,15
6048.0,cluster_12013799527_12013799528_2190601967,0,0,15
6048.0,cluster_12013799529_12013799530_473195061,3,0,15
6049.0,2496228891,5,0,23
6049.0,cluster_12013799527_12013799528_2190601967,0,0,15
6049.0,cluster_12013799529_12013799530_473195061,3,0,15
6050.0,2496228891,5,0,21
6050.0,cluster_12013799527_12013799528_2190601967,0,0,15
6050.0,cluster_12013799529_12013799530_473195061,3,0,15
6051.0,2496228891,6,0,23
6051.0,cluster_12013799525_12013799526_2496228894,0,0,15
6051.0,cluster_12013799527_12013799528_2190601967,0,0,15
6051.0,cluster_12013799529_12013799530_473195061,2,0,15
6052.0,2496228891,6,0,21
6052.0,cluster_12013799525_12013799526_2496228894,0,0,15
6052.0,cluster_12013799527_12013799528_2190601967,0,0,15
6052.0,cluster_12013799529_12013799530_473195061,2,0,15
6053.0,2496228891,6,0,21
6053.0,cluster_12013799525_12013799526_2496228894,0,0,15
6053.0,cluster_12013799529_12013799530_473195061,2,0,15
6054.0,2496228891,5,0,21
6054.0,cluster_12013799525_12013799526_2496228894,0,0,15
6054.0,cluster_12013799529_12013799530_473195061,1,0,15
6055.0,2496228891,4,0,23
6055.0,cluster_12013799525_12013799526_2496228894,0,0,15
6055.0,cluster_12013799529_12013799530_473195061,1,0,15
6056.0,2496228891,3,0,15
6056.0,cluster_12013799525_12013799526_2496228894,0,0,15
6056.0,cluster_12013799527_12013799528_2190601967,6,2,21
6056.0,cluster_12013799529_12013799530_473195061,0,0,15
6057.0,2496228891,2,0,15
6057.0,cluster_12013799525_12013799526_2496228894,0,0,15
6057.0,cluster_12013799527_12013799528_2190601967,4,2,21
6057.0,cluster_12013799529_12013799530_473195061,0,0,15
6058.0,2496228891,2,0,15
6058.0,cluster_12013799525_12013799526_2496228894,0,0,15
6058.0,cluster_12013799527_12013799528_2190601967,4,2,21
6058.0,cluster_12013799529_12013799530_473195061,0,0,15
6059.0,2496228891,3,0,15
6059.0,cluster_12013799525_12013799526_2496228894,0,0,15
6059.0,cluster_12013799527_12013799528_2190601967,4,2,21
6059.0,cluster_12013799529_12013799530_473195061,0,0,15
6060.0,2496228891,3,0,15
6060.0,cluster_12013799525_12013799526_2496228894,0,0,15
6060.0,cluster_12013799527_12013799528_2190601967,3,2,15
6060.0,cluster_12013799529_12013799530_473195061,0,0,15
6061.0,2496228891,3,0,15
6061.0,cluster_12013799525_12013799526_2496228894,0,0,15
6061.0,cluster_12013799527_12013799528_2190601967,2,2,15
6061.0,cluster_12013799529_12013799530_473195061,0,0,15
6062.0,2496228891,3,0,15
6062.0,cluster_12013799525_12013799526_2496228894,0,0,15
6062.0,cluster_12013799527_12013799528_2190601967,2,2,15
6062.0,cluster_12013799529_12013799530_473195061,0,0,15
6063.0,2496228891,3,0,15
6063.0,cluster_12013799525_12013799526_2496228894,0,0,15
6063.0,cluster_12013799527_12013799528_2190601967,1,2,15
6063.0,cluster_12013799529_12013799530_473195061,0,0,15
6064.0,2496228891,4,0,23
6064.0,cluster_12013799525_12013799526_2496228894,0,0,15
6064.0,cluster_12013799527_12013799528_2190601967,1,2,15
6064.0,cluster_12013799529_12013799530_473195061,0,0,15
6065.0,2496228891,2,0,15
6065.0,cluster_12013799525_12013799526_2496228894,0,0,15
6065.0,cluster_12013799527_12013799528_2190601967,0,2,15
6065.0,cluster_12013799529_12013799530_473195061,0,0,15
6066.0,2496228891,2,0,15
6066.0,cluster_12013799525_12013799526_2496228894,0,0,15
6066.0,cluster_12013799527_12013799528_2190601967,0,2,15
6067.0,cluster_12013799527_12013799528_2190601967,0,2,15
6068.0,cluster_12013799527_12013799528_2190601967,0,2,15
6069.0,cluster_12013799527_12013799528_2190601967,0,2,15
6069.0,cluster_12013799529_12013799530_473195061,9,2,22
6070.0,2496228891,0,2,15
6070.0,cluster_12013799525_12013799526_2496228894,1,2,15
6070.0,cluster_12013799527_12013799528_2190601967,0,2,15
6070.0,cluster_12013799529_12013799530_473195061,8,2,21
6071.0,2496228891,0,2,15
6071.0,cluster_12013799525_12013799526_2496228894,1,2,15
6071.0,cluster_12013799527_12013799528_2190601967,0,2,15
6071.0,cluster_12013799529_12013799530_473195061,8,2,21
6072.0,2496228891,0,2,15
6072.0,cluster_12013799525_12013799526_2496228894,1,2,15
6072.0,cluster_12013799527_12013799528_2190601967,0,2,15
6072.0,cluster_12013799529_12013799530_473195061,8,2,21
6073.0,2496228891,0,2,15
6073.0,cluster_12013799525_12013799526_2496228894,1,2,15
6073.0,cluster_12013799527_12013799528_2190601967,0,2,15
6073.0,cluster_12013799529_12013799530_473195061,7,2,21
6074.0,2496228891,0,2,15
6074.0,cluster_12013799525_12013799526_2496228894,1,2,15
6074.0,cluster_12013799527_12013799528_2190601967,0,2,15
6074.0,cluster_12013799529_12013799530_473195061,6,2,21
6075.0,2496228891,0,2,15
6075.0,cluster_12013799525_12013799526_2496228894,1,2,15
6075.0,cluster_12013799527_12013799528_2190601967,0,2,15
6075.0,cluster_12013799529_12013799530_473195061,6,2,21
6076.0,2496228891,0,2,15
6076.0,cluster_12013799525_12013799526_2496228894,0,2,15
6076.0,cluster_12013799527_12013799528_2190601967,0,2,15
6076.0,cluster_12013799529_12013799530_473195061,5,2,21
6077.0,2496228891,0,2,15
6077.0,cluster_12013799525_12013799526_2496228894,0,2,15
6077.0,cluster_12013799527_12013799528_2190601967,0,2,15
6077.0,cluster_12013799529_12013799530_473195061,4,2,21
6078.0,2496228891,0,2,15
6078.0,cluster_12013799525_12013799526_2496228894,0,2,15
6078.0,cluster_12013799529_12013799530_473195061,3,2,15
6079.0,2496228891,0,2,15
6079.0,cluster_12013799525_12013799526_2496228894,0,2,15
6079.0,cluster_12013799529_12013799530_473195061,3,2,15
6080.0,2496228891,0,2,15
6080.0,cluster_12013799525_12013799526_2496228894,0,2,15
6080.0,cluster_12013799529_12013799530_473195061,3,2,15
6081.0,2496228891,0,2,15
6081.0,cluster_12013799525_12013799526_2496228894,0,2,15
6081.0,cluster_12013799527_12013799528_2190601967,0,0,15
6081.0,cluster_12013799529_12013799530_473195061,2,2,15
6082.0,2496228891,0,2,15
6082.0,cluster_12013799525_12013799526_2496228894,0,2,15
6082.0,cluster_12013799527_12013799528_2190601967,0,0,15
6082.0,cluster_12013799529_12013799530_473195061,2,2,15
6083.0,2496228891,0,2,15
6083.0,cluster_12013799525_12013799526_2496228894,0,2,15
6083.0,cluster_12013799527_12013799528_2190601967,0,0,15
6083.0,cluster_12013799529_12013799530_473195061,2,2,15
6084.0,2496228891,0,2,15
6084.0,cluster_12013799525_12013799526_2496228894,0,2,15
6084.0,cluster_12013799527_12013799528_2190601967,0,0,15
6084.0,cluster_12013799529_12013799530_473195061,1,2,15
6085.0,2496228891,0,2,15
6085.0,cluster_12013799525_12013799526_2496228894,0,2,15
6085.0,cluster_12013799527_12013799528_2190601967,0,0,15
6085.0,cluster_12013799529_12013799530_473195061,0,2,15
6086.0,cluster_12013799527_12013799528_2190601967,0,0,15
6086.0,cluster_12013799529_12013799530_473195061,0,2,15
6087.0,cluster_12013799527_12013799528_2190601967,0,0,15
6087.0,cluster_12013799529_12013799530_473195061,0,2,15
6088.0,cluster_12013799527_12013799528_2190601967,0,0,15
6088.0,cluster_12013799529_12013799530_473195061,0,2,15
6089.0,2496228891,6,0,21
6089.0,cluster_12013799525_12013799526_2496228894,0,0,15
6089.0,cluster_12013799527_12013799528_2190601967,0,0,15
6089.0,cluster_12013799529_12013799530_473195061,0,2,15
6090.0,2496228891,4,0,21
6090.0,cluster_12013799525_12013799526_2496228894,0,0,15
6090.0,cluster_12013799527_12013799528_2190601967,0,0,15
6090.0,cluster_12013799529_12013799530_473195061,0,2,15
6091.0,2496228891,4,0,23
6091.0,cluster_12013799525_12013799526_2496228894,0,0,15
6091.0,cluster_12013799527_12013799528_2190601967,0,0,15
6091.0,cluster_12013799529_12013799530_473195061,0,2,15
6092.0,2496228891,5,0,23
6092.0,cluster_12013799525_12013799526_2496228894,0,0,15
6092.0,cluster_12013799527_12013799528_2190601967,0,0,15
6093.0,2496228891,4,0,21
6093.0,cluster_12013799525_12013799526_2496228894,0,0,15
6093.0,cluster_12013799527_12013799528_2190601967,0,0,15
6094.0,2496228891,4,0,23
6094.0,cluster_12013799525_12013799526_2496228894,0,0,15
6094.0,cluster_12013799527_12013799528_2190601967,0,0,15
6095.0,2496228891,3,0,15
6095.0,cluster_12013799525_12013799526_2496228894,0,0,15
6095.0,cluster_12013799527_12013799528_2190601967,0,0,15
6095.0,cluster_12013799529_12013799530_473195061,0,0,15
6096.0,2496228891,2,0,15
6096.0,cluster_12013799525_12013799526_2496228894,0,0,15
6096.0,cluster_12013799527_12013799528_2190601967,0,0,15
6096.0,cluster_12013799529_12013799530_473195061,0,0,15
6097.0,2496228891,2,0,15
6097.0,cluster_12013799525_12013799526_2496228894,0,0,15
6097.0,cluster_12013799529_12013799530_473195061,0,0,15
6098.0,2496228891,2,0,15
6098.0,cluster_12013799525_12013799526_2496228894,0,0,15
6098.0,cluster_12013799529_12013799530_473195061,0,0,15
6099.0,2496228891,1,0,15
6099.0,cluster_12013799525_12013799526_2496228894,0,0,15
6099.0,cluster_12013799529_12013799530_473195061,0,0,15
6100.0,2496228891,1,0,15
6100.0,cluster_12013799525_12013799526_2496228894,0,0,15
6100.0,cluster_12013799527_12013799528_2190601967,0,2,15
6100.0,cluster_12013799529_12013799530_473195061,0,0,15
6101.0,2496228891,1,0,15
6101.0,cluster_12013799525_12013799526_2496228894,1,0,15
6101.0,cluster_12013799527_12013799528_2190601967,1,2,15
6101.0,cluster_12013799529_12013799530_473195061,1,0,15
6102.0,2496228891,1,0,15
6102.0,cluster_12013799525_12013799526_2496228894,1,0,15
6102.0,cluster_12013799527_12013799528_2190601967,1,2,15
6102.0,cluster_12013799529_12013799530_473195061,1,0,15
6103.0,2496228891,1,0,15
6103.0,cluster_12013799525_12013799526_2496228894,1,0,15
6103.0,cluster_12013799527_12013799528_2190601967,1,2,15
6103.0,cluster_12013799529_12013799530_473195061,1,0,15
6104.0,2496228891,1,0,15
6104.0,cluster_12013799525_12013799526_2496228894,1,0,15
6104.0,cluster_12013799527_12013799528_2190601967,1,2,15
6104.0,cluster_12013799529_12013799530_473195061,1,0,15
6105.0,2496228891,2,0,15
6105.0,cluster_12013799527_12013799528_2190601967,2,2,15
6105.0,cluster_12013799529_12013799530_473195061,2,0,15
6106.0,2496228891,2,0,15
6106.0,cluster_12013799527_12013799528_2190601967,2,2,15
6106.0,cluster_12013799529_12013799530_473195061,2,0,15
6107.0,2496228891,2,0,15
6107.0,cluster_12013799527_12013799528_2190601967,2,2,15
6107.0,cluster_12013799529_12013799530_473195061,2,0,15
6108.0,2496228891,2,0,15
6108.0,cluster_12013799525_12013799526_2496228894,5,2,21
6108.0,cluster_12013799527_12013799528_2190601967,2,2,15
6108.0,cluster_12013799529_12013799530_473195061,2,0,15
6109.0,2496228891,3,0,15
6109.0,cluster_12013799525_12013799526_2496228894,5,2,21
6109.0,cluster_12013799527_12013799528_2190601967,3,2,15
6109.0,cluster_12013799529_12013799530_473195061,3,0,15
6110.0,2496228891,3,0,15
6110.0,cluster_12013799525_12013799526_2496228894,6,2,23
6110.0,cluster_12013799527_12013799528_2190601967,3,2,15
6110.0,cluster_12013799529_12013799530_473195061,3,0,15
6111.0,cluster_12013799525_12013799526_2496228894,5,2,21
6111.0,cluster_12013799527_12013799528_2190601967,4,2,23
6112.0,cluster_12013799525_12013799526_2496228894,5,2,21
6112.0,cluster_12013799527_12013799528_2190601967,4,2,23
6113.0,cluster_12013799525_12013799526_2496228894,4,2,21
6113.0,cluster_12013799527_12013799528_2190601967,5,2,23
6114.0,2496228891,3,2,15
6114.0,cluster_12013799525_12013799526_2496228894,4,2,21
6114.0,cluster_12013799527_12013799528_2190601967,5,2,21
6114.0,cluster_12013799529_12013799530_473195061,4,2,21
6115.0,2496228891,3,2,15
6115.0,cluster_12013799525_12013799526_2496228894,4,2,21
6115.0,cluster_12013799527_12013799528_2190601967,5,2,21
6115.0,cluster_12013799529_12013799530_473195061,4,2,21
6116.0,2496228891,3,2,15
6116.0,cluster_12013799525_12013799526_2496228894,3,2,15
6116.0,cluster_12013799529_12013799530_473195061,5,2,23
6117.0,2496228891,2,2,15
6117.0,cluster_12013799525_12013799526_2496228894,2,2,15
6117.0,cluster_12013799529_12013799530_473195061,5,2,21
6118.0,2496228891,3,2,15
6118.0,cluster_12013799525_12013799526_2496228894,3,2,15
6118.0,cluster_12013799529_12013799530_473195061,5,2,21
6119.0,2496228891,2,2,15
6119.0,cluster_12013799525_12013799526_2496228894,2,2,15
6119.0,cluster_12013799527_12013799528_2190601967,4,0,21
6119.0,cluster_12013799529_12013799530_473195061,4,2,21
6120.0,2496228891,2,2,15
6120.0,cluster_12013799525_12013799526_2496228894,2,2,15
6120.0,cluster_12013799527_12013799528_2190601967,4,0,21
6120.0,cluster_12013799529_12013799530_473195061,4,2,21
6121.0,2496228891,2,2,15
6121.0,cluster_12013799525_12013799526_2496228894,3,2,15
6121.0,cluster_12013799527_12013799528_2190601967,5,0,23
6121.0,cluster_12013799529_12013799530_473195061,5,2,21
6122.0,2496228891,1,2,15
6122.0,cluster_12013799525_12013799526_2496228894,2,2,15
6122.0,cluster_12013799527_12013799528_2190601967,4,0,21
6122.0,cluster_12013799529_12013799530_473195061,4,2,21
6123.0,2496228891,1,2,15
6123.0,cluster_12013799525_12013799526_2496228894,3,2,15
6123.0,cluster_12013799527_12013799528_2190601967,4,0,21
6123.0,cluster_12013799529_12013799530_473195061,4,2,21
6124.0,2496228891,1,2,15
6124.0,cluster_12013799525_12013799526_2496228894,3,2,15
6124.0,cluster_12013799527_12013799528_2190601967,4,0,21
6124.0,cluster_12013799529_12013799530_473195061,5,2,23
6125.0,2496228891,0,2,15
6125.0,cluster_12013799525_12013799526_2496228894,2,2,15
6125.0,cluster_12013799527_12013799528_2190601967,5,0,23
6125.0,cluster_12013799529_12013799530_473195061,6,2,21
6126.0,2496228891,0,2,15
6126.0,cluster_12013799525_12013799526_2496228894,2,2,15
6126.0,cluster_12013799527_12013799528_2190601967,5,0,21
6126.0,cluster_12013799529_12013799530_473195061,6,2,21
6127.0,2496228891,0,2,15
6127.0,cluster_12013799525_12013799526_2496228894,3,2,15
6127.0,cluster_12013799527_12013799528_2190601967,5,0,21
6127.0,cluster_12013799529_12013799530_473195061,6,2,21
6128.0,2496228891,0,2,15
6128.0,cluster_12013799525_12013799526_2496228894,3,2,15
6128.0,cluster_12013799527_12013799528_2190601967,5,0,21
6128.0,cluster_12013799529_12013799530_473195061,6,2,21
6129.0,2496228891,0,2,15
6129.0,cluster_12013799525_12013799526_2496228894,3,2,15
6129.0,cluster_12013799527_12013799528_2190601967,5,0,21
6129.0,cluster_12013799529_12013799530_473195061,6,2,21
6130.0,cluster_12013799527_12013799528_2190601967,5,0,21
6130.0,cluster_12013799529_12013799530_473195061,6,2,21
6131.0,cluster_12013799527_12013799528_2190601967,5,0,21
6131.0,cluster_12013799529_12013799530_473195061,6,2,21
6132.0,cluster_12013799527_12013799528_2190601967,5,0,21
6132.0,cluster_12013799529_12013799530_473195061,6,2,21
6133.0,2496228891,5,0,21
6133.0,cluster_12013799525_12013799526_2496228894,4,0,21
6133.0,cluster_12013799527_12013799528_2190601967,5,0,21
6133.0,cluster_12013799529_12013799530_473195061,6,2,21
6134.0,2496228891,5,0,21
6134.0,cluster_12013799525_12013799526_2496228894,3,0,15
6134.0,cluster_12013799527_12013799528_2190601967,5,0,21
6134.0,cluster_12013799529_12013799530_473195061,5,2,21
6135.0,2496228891,5,0,21
6135.0,cluster_12013799525_12013799526_2496228894,3,0,15
6135.0,cluster_12013799527_12013799528_2190601967,4,0,21
6135.0,cluster_12013799529_12013799530_473195061,4,2,21
6136.0,2496228891,5,0,21
6136.0,cluster_12013799525_12013799526_2496228894,3,0,15
6136.0,cluster_12013799527_12013799528_2190601967,4,0,21
6137.0,2496228891,5,0,21
6137.0,cluster_12013799525_12013799526_2496228894,3,0,15
6137.0,cluster_12013799527_12013799528_2190601967,3,0,15
6138.0,2496228891,5,0,21
6138.0,cluster_12013799525_12013799526_2496228894,2,0,15
6138.0,cluster_12013799527_12013799528_2190601967,3,0,15
6139.0,2496228891,5,0,21
6139.0,cluster_12013799525_12013799526_2496228894,2,0,15
6139.0,cluster_12013799527_12013799528_2190601967,3,0,15
6139.0,cluster_12013799529_12013799530_473195061,5,0,21
6140.0,2496228891,4,0,21
6140.0,cluster_12013799525_12013799526_2496228894,2,0,15
6140.0,cluster_12013799527_12013799528_2190601967,2,0,15
6140.0,cluster_12013799529_12013799530_473195061,4,0,21
6141.0,2496228891,4,0,21
6141.0,cluster_12013799525_12013799526_2496228894,1,0,15
6141.0,cluster_12013799529_12013799530_473195061,4,0,21
6142.0,2496228891,4,0,21
6142.0,cluster_12013799525_12013799526_2496228894,1,0,15
6142.0,cluster_12013799529_12013799530_473195061,4,0,21
6143.0,2496228891,4,0,21
6143.0,cluster_12013799525_12013799526_2496228894,0,0,15
6143.0,cluster_12013799529_12013799530_473195061,4,0,21
6144.0,2496228891,3,0,15
6144.0,cluster_12013799525_12013799526_2496228894,0,0,15
6144.0,cluster_12013799527_12013799528_2190601967,3,2,15
6144.0,cluster_12013799529_12013799530_473195061,3,0,15
6145.0,2496228891,5,0,23
6145.0,cluster_12013799525_12013799526_2496228894,0,0,15
6145.0,cluster_12013799527_12013799528_2190601967,2,2,15
6145.0,cluster_12013799529_12013799530_473195061,3,0,15
6146.0,2496228891,5,0,21
6146.0,cluster_12013799525_12013799526_2496228894,0,0,15
6146.0,cluster_12013799527_12013799528_2190601967,4,2,23
6146.0,cluster_12013799529_12013799530_473195061,3,0,15
6147.0,2496228891,6,0,23
6147.0,cluster_12013799525_12013799526_2496228894,0,0,15
6147.0,cluster_12013799527_12013799528_2190601967,3,2,15
6147.0,cluster_12013799529_12013799530_473195061,2,0,15
6148.0,2496228891,6,0,21
6148.0,cluster_12013799525_12013799526_2496228894,0,0,15
6148.0,cluster_12013799527_12013799528_2190601967,4,2,23
6148.0,cluster_12013799529_12013799530_473195061,2,0,15
6149.0,2496228891,3,0,15
6149.0,cluster_12013799525_12013799526_2496228894,0,0,15
6149.0,cluster_12013799527_12013799528_2190601967,3,2,15
6149.0,cluster_12013799529_12013799530_473195061,1,0,15
6150.0,2496228891,3,0,15
6150.0,cluster_12013799525_12013799526_2496228894,0,0,15
6150.0,cluster_12013799527_12013799528_2190601967,4,2,23
6150.0,cluster_12013799529_12013799530_473195061,1,0,15
6151.0,2496228891,4,0,23
6151.0,cluster_12013799525_12013799526_2496228894,0,0,15
6151.0,cluster_12013799527_12013799528_2190601967,3,2,15
6151.0,cluster_12013799529_12013799530_473195061,1,0,15
6152.0,2496228891,1,0,15
6152.0,cluster_12013799525_12013799526_2496228894,0,0,15
6152.0,cluster_12013799527_12013799528_2190601967,2,2,15
6152.0,cluster_12013799529_12013799530_473195061,0,0,15
6153.0,2496228891,1,0,15
6153.0,cluster_12013799525_12013799526_2496228894,0,0,15
6153.0,cluster_12013799527_12013799528_2190601967,2,2,15
6153.0,cluster_12013799529_12013799530_473195061,0,0,15
6154.0,2496228891,2,0,15
6154.0,cluster_12013799525_12013799526_2496228894,0,0,15
6154.0,cluster_12013799527_12013799528_2190601967,1,2,15
6154.0,cluster_12013799529_12013799530_473195061,0,0,15
6155.0,cluster_12013799527_12013799528_2190601967,1,2,15
6155.0,cluster_12013799529_12013799530_473195061,0,0,15
6156.0,cluster_12013799527_12013799528_2190601967,1,2,15
6156.0,cluster_12013799529_12013799530_473195061,0,0,15
6157.0,cluster_12013799527_12013799528_2190601967,0,2,15
6157.0,cluster_12013799529_12013799530_473195061,0,0,15
6158.0,2496228891,0,2,15
6158.0,cluster_12013799525_12013799526_2496228894,2,2,15
6158.0,cluster_12013799527_12013799528_2190601967,0,2,15
6158.0,cluster_12013799529_12013799530_473195061,0,0,15
6159.0,2496228891,0,2,15
6159.0,cluster_12013799525_12013799526_2496228894,1,2,15
6159.0,cluster_12013799527_12013799528_2190601967,0,2,15
6159.0,cluster_12013799529_12013799530_473195061,0,0,15
6160.0,2496228891,0,2,15
6160.0,cluster_12013799525_12013799526_2496228894,1,2,15
6160.0,cluster_12013799529_12013799530_473195061,0,0,15
6161.0,2496228891,0,2,15
6161.0,cluster_12013799525_12013799526_2496228894,1,2,15
6162.0,2496228891,0,2,15
6162.0,cluster_12013799525_12013799526_2496228894,1,2,15
6163.0,2496228891,0,2,15
6163.0,cluster_12013799525_12013799526_2496228894,0,2,15
6163.0,cluster_12013799527_12013799528_2190601967,2,0,15
6164.0,2496228891,0,2,15
6164.0,cluster_12013799525_12013799526_2496228894,0,2,15
6164.0,cluster_12013799527_12013799528_2190601967,1,0,15
6164.0,cluster_12013799529_12013799530_473195061,7,2,21
6165.0,2496228891,0,2,15
6165.0,cluster_12013799525_12013799526_2496228894,0,2,15
6165.0,cluster_12013799527_12013799528_2190601967,1,0,15
6165.0,cluster_12013799529_12013799530_473195061,6,2,21
6166.0,2496228891,0,2,15
6166.0,cluster_12013799525_12013799526_2496228894,0,2,15
6166.0,cluster_12013799527_12013799528_2190601967,1,0,15
6166.0,cluster_12013799529_12013799530_473195061,6,2,21
6167.0,2496228891,0,2,15
6167.0,cluster_12013799525_12013799526_2496228894,0,2,15
6167.0,cluster_12013799527_12013799528_2190601967,0,0,15
6167.0,cluster_12013799529_12013799530_473195061,5,2,21
6168.0,2496228891,0,2,15
6168.0,cluster_12013799525_12013799526_2496228894,0,2,15
6168.0,cluster_12013799527_12013799528_2190601967,0,0,15
6168.0,cluster_12013799529_12013799530_473195061,5,2,21
6169.0,2496228891,0,2,15
6169.0,cluster_12013799525_12013799526_2496228894,0,2,15
6169.0,cluster_12013799527_12013799528_2190601967,0,0,15
6169.0,cluster_12013799529_12013799530_473195061,4,2,21
6170.0,2496228891,0,2,15
6170.0,cluster_12013799525_12013799526_2496228894,0,2,15
6170.0,cluster_12013799527_12013799528_2190601967,0,0,15
6170.0,cluster_12013799529_12013799530_473195061,4,2,21
6171.0,2496228891,0,2,15
6171.0,cluster_12013799525_12013799526_2496228894,0,2,15
6171.0,cluster_12013799527_12013799528_2190601967,0,0,15
6171.0,cluster_12013799529_12013799530_473195061,5,2,23
6172.0,2496228891,0,2,15
6172.0,cluster_12013799525_12013799526_2496228894,0,2,15
6172.0,cluster_12013799527_12013799528_2190601967,0,0,15
6172.0,cluster_12013799529_12013799530_473195061,4,2,21
6173.0,2496228891,0,2,15
6173.0,cluster_12013799525_12013799526_2496228894,0,2,15
6173.0,cluster_12013799527_12013799528_2190601967,0,0,15
6173.0,cluster_12013799529_12013799530_473195061,4,2,21
6174.0,cluster_12013799527_12013799528_2190601967,0,0,15
6174.0,cluster_12013799529_12013799530_473195061,3,2,15
6175.0,cluster_12013799527_12013799528_2190601967,0,0,15
6175.0,cluster_12013799529_12013799530_473195061,3,2,15
6176.0,cluster_12013799527_12013799528_2190601967,0,0,15
6176.0,cluster_12013799529_12013799530_473195061,3,2,15
6177.0,2496228891,5,0,21
6177.0,cluster_12013799525_12013799526_2496228894,0,0,15
6177.0,cluster_12013799527_12013799528_2190601967,0,0,15
6177.0,cluster_12013799529_12013799530_473195061,2,2,15
6178.0,2496228891,4,0,21
6178.0,cluster_12013799525_12013799526_2496228894,0,0,15
6178.0,cluster_12013799527_12013799528_2190601967,0,0,15
6178.0,cluster_12013799529_12013799530_473195061,2,2,15
6179.0,2496228891,6,0,23
6179.0,cluster_12013799525_12013799526_2496228894,0,0,15
6179.0,cluster_12013799529_12013799530_473195061,1,2,15
6180.0,2496228891,6,0,21
6180.0,cluster_12013799525_12013799526_2496228894,0,0,15
6180.0,cluster_12013799529_12013799530_473195061,1,2,15
6181.0,2496228891,4,0,23
6181.0,cluster_12013799525_12013799526_2496228894,0,0,15
6181.0,cluster_12013799529_12013799530_473195061,0,2,15
6182.0,2496228891,4,0,21
6182.0,cluster_12013799525_12013799526_2496228894,0,0,15
6182.0,cluster_12013799527_12013799528_2190601967,2,2,15
6182.0,cluster_12013799529_12013799530_473195061,0,2,15
6183.0,2496228891,5,0,23
6183.0,cluster_12013799525_12013799526_2496228894,0,0,15
6183.0,cluster_12013799527_12013799528_2190601967,0,2,15
6183.0,cluster_12013799529_12013799530_473195061,0,2,15
6184.0,2496228891,5,0,23
6184.0,cluster_12013799525_12013799526_2496228894,0,0,15
6184.0,cluster_12013799527_12013799528_2190601967,0,2,15
6184.0,cluster_12013799529_12013799530_473195061,0,2,15
6185.0,2496228891,5,0,23
6185.0,cluster_12013799525_12013799526_2496228894,0,0,15
6185.0,cluster_12013799527_12013799528_2190601967,0,2,15
6185.0,cluster_12013799529_12013799530_473195061,0,2,15
6186.0,2496228891,5,0,21
6186.0,cluster_12013799525_12013799526_2496228894,0,0,15
6186.0,cluster_12013799527_12013799528_2190601967,0,2,15
6187.0,2496228891,4,0,21
6187.0,cluster_12013799525_12013799526_2496228894,0,0,15
6187.0,cluster_12013799527_12013799528_2190601967,0,2,15
6188.0,2496228891,4,0,23
6188.0,cluster_12013799525_12013799526_2496228894,0,0,15
6188.0,cluster_12013799527_12013799528_2190601967,0,2,15
6189.0,2496228891,2,0,15
6189.0,cluster_12013799525_12013799526_2496228894,0,0,15
6189.0,cluster_12013799527_12013799528_2190601967,0,2,15
6189.0,cluster_12013799529_12013799530_473195061,0,0,15
6190.0,2496228891,2,0,15
6190.0,cluster_12013799525_12013799526_2496228894,0,0,15
6190.0,cluster_12013799527_12013799528_2190601967,0,2,15
6190.0,cluster_12013799529_12013799530_473195061,0,0,15
6191.0,2496228891,1,0,15
6191.0,cluster_12013799525_12013799526_2496228894,0,0,15
6191.0,cluster_12013799527_12013799528_2190601967,0,2,15
6191.0,cluster_12013799529_12013799530_473195061,0,0,15
6192.0,2496228891,0,0,15
6192.0,cluster_12013799525_12013799526_2496228894,0,0,15
6192.0,cluster_12013799527_12013799528_2190601967,0,2,15
6192.0,cluster_12013799529_12013799530_473195061,0,0,15
6193.0,2496228891,0,0,15
6193.0,cluster_12013799527_12013799528_2190601967,0,2,15
6193.0,cluster_12013799529_12013799530_473195061,0,0,15
6194.0,2496228891,0,0,15
6194.0,cluster_12013799527_12013799528_2190601967,0,2,15
6194.0,cluster_12013799529_12013799530_473195061,0,0,15
6195.0,2496228891,0,0,15
6195.0,cluster_12013799527_12013799528_2190601967,0,2,15
6195.0,cluster_12013799529_12013799530_473195061,0,0,15
6196.0,2496228891,0,0,15
6196.0,cluster_12013799525_12013799526_2496228894,4,2,21
6196.0,cluster_12013799527_12013799528_2190601967,0,2,15
6196.0,cluster_12013799529_12013799530_473195061,0,0,15
6197.0,2496228891,0,0,15
6197.0,cluster_12013799525_12013799526_2496228894,4,2,21
6197.0,cluster_12013799527_12013799528_2190601967,0,2,15
6197.0,cluster_12013799529_12013799530_473195061,0,0,15
6198.0,2496228891,0,0,15
6198.0,cluster_12013799525_12013799526_2496228894,4,2,21
6198.0,cluster_12013799529_12013799530_473195061,0,0,15
6199.0,cluster_12013799525_12013799526_2496228894,3,2,15
6199.0,cluster_12013799529_12013799530_473195061,0,0,15
6200.0,cluster_12013799525_12013799526_2496228894,3,2,15
6200.0,cluster_12013799529_12013799530_473195061,0,0,15
6201.0,cluster_12013799525_12013799526_2496228894,4,2,23
6201.0,cluster_12013799527_12013799528_2190601967,1,0,15
6201.0,cluster_12013799529_12013799530_473195061,1,0,15
6202.0,2496228891,1,2,15
6202.0,cluster_12013799525_12013799526_2496228894,3,2,15
6202.0,cluster_12013799527_12013799528_2190601967,1,0,15
6202.0,cluster_12013799529_12013799530_473195061,1,0,15
6203.0,2496228891,1,2,15
6203.0,cluster_12013799525_12013799526_2496228894,3,2,15
6203.0,cluster_12013799527_12013799528_2190601967,1,0,15
6203.0,cluster_12013799529_12013799530_473195061,1,0,15
6204.0,2496228891,1,2,15
6204.0,cluster_12013799525_12013799526_2496228894,2,2,15
6204.0,cluster_12013799527_12013799528_2190601967,1,0,15
6204.0,cluster_12013799529_12013799530_473195061,1,0,15
6205.0,2496228891,2,2,15
6205.0,cluster_12013799525_12013799526_2496228894,2,2,15
6205.0,cluster_12013799527_12013799528_2190601967,2,0,15
6206.0,2496228891,2,2,15
6206.0,cluster_12013799525_12013799526_2496228894,2,2,15
6206.0,cluster_12013799527_12013799528_2190601967,2,0,15
6207.0,2496228891,2,2,15
6207.0,cluster_12013799525_12013799526_2496228894,2,2,15
6207.0,cluster_12013799527_12013799528_2190601967,2,0,15
6208.0,2496228891,2,2,15
6208.0,cluster_12013799525_12013799526_2496228894,2,2,15
6208.0,cluster_12013799527_12013799528_2190601967,2,0,15
6208.0,cluster_12013799529_12013799530_473195061,2,2,15
6209.0,2496228891,2,2,15
6209.0,cluster_12013799525_12013799526_2496228894,2,2,15
6209.0,cluster_12013799527_12013799528_2190601967,3,0,15
6209.0,cluster_12013799529_12013799530_473195061,3,2,15
6210.0,2496228891,3,2,15
6210.0,cluster_12013799525_12013799526_2496228894,3,2,15
6210.0,cluster_12013799527_12013799528_2190601967,3,0,15
6210.0,cluster_12013799529_12013799530_473195061,3,2,15
6211.0,2496228891,3,2,15
6211.0,cluster_12013799525_12013799526_2496228894,3,2,15
6211.0,cluster_12013799527_12013799528_2190601967,3,0,15
6211.0,cluster_12013799529_12013799530_473195061,3,2,15
6212.0,2496228891,3,2,15
6212.0,cluster_12013799525_12013799526_2496228894,3,2,15
6212.0,cluster_12013799527_12013799528_2190601967,3,0,15
6212.0,cluster_12013799529_12013799530_473195061,3,2,15
6213.0,2496228891,2,2,15
6213.0,cluster_12013799525_12013799526_2496228894,2,2,15
6213.0,cluster_12013799527_12013799528_2190601967,4,0,23
6213.0,cluster_12013799529_12013799530_473195061,4,2,21
6214.0,2496228891,3,2,15
6214.0,cluster_12013799525_12013799526_2496228894,3,2,15
6214.0,cluster_12013799527_12013799528_2190601967,4,0,21
6214.0,cluster_12013799529_12013799530_473195061,4,2,21
6215.0,2496228891,3,2,15
6215.0,cluster_12013799525_12013799526_2496228894,3,2,15
6215.0,cluster_12013799527_12013799528_2190601967,4,0,21
6215.0,cluster_12013799529_12013799530_473195061,4,2,21
6216.0,2496228891,3,2,15
6216.0,cluster_12013799525_12013799526_2496228894,3,2,15
6216.0,cluster_12013799527_12013799528_2190601967,4,0,21
6216.0,cluster_12013799529_12013799530_473195061,4,2,21
6217.0,2496228891,2,2,15
6217.0,cluster_12013799525_12013799526_2496228894,2,2,15
6217.0,cluster_12013799529_12013799530_473195061,5,2,23
6218.0,cluster_12013799529_12013799530_473195061,5,2,21
6219.0,cluster_12013799529_12013799530_473195061,5,2,21
6220.0,cluster_12013799527_12013799528_2190601967,4,2,21
6220.0,cluster_12013799529_12013799530_473195061,5,2,21
6221.0,2496228891,5,0,21
6221.0,cluster_12013799525_12013799526_2496228894,4,0,21
6221.0,cluster_12013799527_12013799528_2190601967,4,2,21
6221.0,cluster_12013799529_12013799530_473195061,6,2,23
6222.0,2496228891,5,0,21
6222.0,cluster_12013799525_12013799526_2496228894,3,0,15
6222.0,cluster_12013799527_12013799528_2190601967,3,2,15
6222.0,cluster_12013799529_12013799530_473195061,6,2,21
6223.0,2496228891,5,0,21
6223.0,cluster_12013799525_12013799526_2496228894,3,0,15
6223.0,cluster_12013799527_12013799528_2190601967,3,2,15
6223.0,cluster_12013799529_12013799530_473195061,6,2,21
6224.0,2496228891,5,0,21
6224.0,cluster_12013799525_12013799526_2496228894,3,0,15
6224.0,cluster_12013799527_12013799528_2190601967,3,2,15
6225.0,2496228891,5,0,21
6225.0,cluster_12013799525_12013799526_2496228894,3,0,15
6225.0,cluster_12013799527_12013799528_2190601967,3,2,15
6226.0,2496228891,5,0,21
6226.0,cluster_12013799525_12013799526_2496228894,2,0,15
6226.0,cluster_12013799527_12013799528_2190601967,2,2,15
6227.0,2496228891,5,0,21
6227.0,cluster_12013799525_12013799526_2496228894,2,0,15
6227.0,cluster_12013799527_12013799528_2190601967,3,2,15
6227.0,cluster_12013799529_12013799530_473195061,5,0,21
6228.0,2496228891,4,0,21
6228.0,cluster_12013799525_12013799526_2496228894,2,0,15
6228.0,cluster_12013799527_12013799528_2190601967,3,2,15
6228.0,cluster_12013799529_12013799530_473195061,4,0,21
6229.0,2496228891,4,0,21
6229.0,cluster_12013799525_12013799526_2496228894,1,0,15
6229.0,cluster_12013799527_12013799528_2190601967,3,2,15
6229.0,cluster_12013799529_12013799530_473195061,4,0,21
6230.0,2496228891,4,0,21
6230.0,cluster_12013799525_12013799526_2496228894,1,0,15
6230.0,cluster_12013799527_12013799528_2190601967,3,2,15
6230.0,cluster_12013799529_12013799530_473195061,4,0,21
6231.0,2496228891,4,0,21
6231.0,cluster_12013799525_12013799526_2496228894,0,0,15
6231.0,cluster_12013799527_12013799528_2190601967,2,2,15
6231.0,cluster_12013799529_12013799530_473195061,4,0,21
6232.0,2496228891,3,0,15
6232.0,cluster_12013799525_12013799526_2496228894,0,0,15
6232.0,cluster_12013799527_12013799528_2190601967,2,2,15
6232.0,cluster_12013799529_12013799530_473195061,3,0,15
6233.0,2496228891,5,0,23
6233.0,cluster_12013799525_12013799526_2496228894,0,0,15
6233.0,cluster_12013799527_12013799528_2190601967,3,2,15
6233.0,cluster_12013799529_12013799530_473195061,3,0,15
6234.0,2496228891,4,0,21
6234.0,cluster_12013799525_12013799526_2496228894,0,0,15
6234.0,cluster_12013799527_12013799528_2190601967,4,2,23
6234.0,cluster_12013799529_12013799530_473195061,2,0,15
6235.0,2496228891,6,0,23
6235.0,cluster_12013799525_12013799526_2496228894,0,0,15
6235.0,cluster_12013799527_12013799528_2190601967,3,2,15
6235.0,cluster_12013799529_12013799530_473195061,2,0,15
6236.0,2496228891,6,0,21
6236.0,cluster_12013799525_12013799526_2496228894,0,0,15
6236.0,cluster_12013799527_12013799528_2190601967,4,2,23
6236.0,cluster_12013799529_12013799530_473195061,2,0,15
6237.0,2496228891,5,0,21
6237.0,cluster_12013799525_12013799526_2496228894,0,0,15
6237.0,cluster_12013799527_12013799528_2190601967,3,2,15
6237.0,cluster_12013799529_12013799530_473195061,1,0,15
6238.0,2496228891,3,0,15
6238.0,cluster_12013799525_12013799526_2496228894,0,0,15
6238.0,cluster_12013799527_12013799528_2190601967,3,2,15
6238.0,cluster_12013799529_12013799530_473195061,1,0,15
6239.0,2496228891,3,0,15
6239.0,cluster_12013799525_12013799526_2496228894,0,0,15
6239.0,cluster_12013799527_12013799528_2190601967,3,2,15
6239.0,cluster_12013799529_12013799530_473195061,0,0,15
6240.0,2496228891,1,0,15
6240.0,cluster_12013799525_12013799526_2496228894,0,0,15
6240.0,cluster_12013799527_12013799528_2190601967,2,2,15
6240.0,cluster_12013799529_12013799530_473195061,0,0,15
6241.0,2496228891,1,0,15
6241.0,cluster_12013799525_12013799526_2496228894,0,0,15
6241.0,cluster_12013799527_12013799528_2190601967,2,2,15
6241.0,cluster_12013799529_12013799530_473195061,0,0,15
6242.0,2496228891,2,0,15
6242.0,cluster_12013799525_12013799526_2496228894,0,0,15
6242.0,cluster_12013799529_12013799530_473195061,0,0,15
6243.0,cluster_12013799529_12013799530_473195061,0,0,15
6244.0,cluster_12013799529_12013799530_473195061,0,0,15
6245.0,cluster_12013799527_12013799528_2190601967,7,0,21
6245.0,cluster_12013799529_12013799530_473195061,0,0,15
6246.0,2496228891,3,2,15
6246.0,cluster_12013799525_12013799526_2496228894,3,2,15
6246.0,cluster_12013799527_12013799528_2190601967,6,0,21
6246.0,cluster_12013799529_12013799530_473195061,0,0,15
6247.0,2496228891,2,2,15
6247.0,cluster_12013799525_12013799526_2496228894,2,2,15
6247.0,cluster_12013799527_12013799528_2190601967,6,0,21
6247.0,cluster_12013799529_12013799530_473195061,0,0,15
6248.0,2496228891,2,2,15
6248.0,cluster_12013799525_12013799526_2496228894,2,2,15
6248.0,cluster_12013799527_12013799528_2190601967,6,0,21
6248.0,cluster_12013799529_12013799530_473195061,0,0,15
6249.0,2496228891,2,2,15
6249.0,cluster_12013799525_12013799526_2496228894,2,2,15
6249.0,cluster_12013799527_12013799528_2190601967,5,0,21
6250.0,2496228891,2,2,15
6250.0,cluster_12013799525_12013799526_2496228894,2,2,15
6250.0,cluster_12013799527_12013799528_2190601967,5,0,21
6251.0,2496228891,1,2,15
6251.0,cluster_12013799525_12013799526_2496228894,2,2,15
6251.0,cluster_12013799527_12013799528_2190601967,5,0,21
6252.0,2496228891,1,2,15
6252.0,cluster_12013799525_12013799526_2496228894,2,2,15
6252.0,cluster_12013799527_12013799528_2190601967,5,0,21
6252.0,cluster_12013799529_12013799530_473195061,5,2,21
6253.0,2496228891,1,2,15
6253.0,cluster_12013799525_12013799526_2496228894,3,2,15
6253.0,cluster_12013799527_12013799528_2190601967,4,0,21
6253.0,cluster_12013799529_12013799530_473195061,5,2,23
6254.0,2496228891,0,2,15
6254.0,cluster_12013799525_12013799526_2496228894,2,2,15
6254.0,cluster_12013799527_12013799528_2190601967,4,0,21
6254.0,cluster_12013799529_12013799530_473195061,5,2,21
6255.0,2496228891,0,2,15
6255.0,cluster_12013799525_12013799526_2496228894,2,2,15
6255.0,cluster_12013799527_12013799528_2190601967,3,0,15
6255.0,cluster_12013799529_12013799530_473195061,5,2,23
6256.0,2496228891,0,2,15
6256.0,cluster_12013799525_12013799526_2496228894,3,2,15
6256.0,cluster_12013799527_12013799528_2190601967,3,0,15
6256.0,cluster_12013799529_12013799530_473195061,5,2,21
6257.0,2496228891,0,2,15
6257.0,cluster_12013799525_12013799526_2496228894,3,2,15
6257.0,cluster_12013799527_12013799528_2190601967,2,0,15
6257.0,cluster_12013799529_12013799530_473195061,4,2,21
6258.0,2496228891,0,2,15
6258.0,cluster_12013799525_12013799526_2496228894,3,2,15
6258.0,cluster_12013799527_12013799528_2190601967,2,0,15
6258.0,cluster_12013799529_12013799530_473195061,5,2,23
6259.0,2496228891,0,2,15
6259.0,cluster_12013799525_12013799526_2496228894,3,2,15
6259.0,cluster_12013799527_12013799528_2190601967,2,0,15
6259.0,cluster_12013799529_12013799530_473195061,5,2,21
6260.0,2496228891,0,2,15
6260.0,cluster_12013799525_12013799526_2496228894,3,2,15
6260.0,cluster_12013799527_12013799528_2190601967,1,0,15
6260.0,cluster_12013799529_12013799530_473195061,5,2,23
6261.0,2496228891,0,2,15
6261.0,cluster_12013799525_12013799526_2496228894,3,2,15
6261.0,cluster_12013799527_12013799528_2190601967,1,0,15
6261.0,cluster_12013799529_12013799530_473195061,5,2,21
6262.0,cluster_12013799527_12013799528_2190601967,0,0,15
6262.0,cluster_12013799529_12013799530_473195061,5,2,23
6263.0,cluster_12013799527_12013799528_2190601967,0,0,15
6263.0,cluster_12013799529_12013799530_473195061,4,2,21
6264.0,cluster_12013799527_12013799528_2190601967,0,0,15
6264.0,cluster_12013799529_12013799530_473195061,4,2,21
6265.0,2496228891,3,0,15
6265.0,cluster_12013799525_12013799526_2496228894,0,0,15
6265.0,cluster_12013799527_12013799528_2190601967,0,0,15
6265.0,cluster_12013799529_12013799530_473195061,5,2,23
6266.0,2496228891,2,0,15
6266.0,cluster_12013799525_12013799526_2496228894,0,0,15
6266.0,cluster_12013799527_12013799528_2190601967,0,0,15
6266.0,cluster_12013799529_12013799530_473195061,5,2,21
6267.0,2496228891,2,0,15
6267.0,cluster_12013799525_12013799526_2496228894,0,0,15
6267.0,cluster_12013799529_12013799530_473195061,4,2,21
6268.0,2496228891,2,0,15
6268.0,cluster_12013799525_12013799526_2496228894,0,0,15
6268.0,cluster_12013799529_12013799530_473195061,4,2,21
6269.0,2496228891,4,0,23
6269.0,cluster_12013799525_12013799526_2496228894,0,0,15
6269.0,cluster_12013799529_12013799530_473195061,3,2,15
6270.0,2496228891,3,0,15
6270.0,cluster_12013799525_12013799526_2496228894,0,0,15
6270.0,cluster_12013799527_12013799528_2190601967,2,2,15
6270.0,cluster_12013799529_12013799530_473195061,3,2,15
6271.0,2496228891,3,0,15
6271.0,cluster_12013799525_12013799526_2496228894,0,0,15
6271.0,cluster_12013799527_12013799528_2190601967,1,2,15
6271.0,cluster_12013799529_12013799530_473195061,2,2,15
6272.0,2496228891,3,0,15
6272.0,cluster_12013799525_12013799526_2496228894,0,0,15
6272.0,cluster_12013799527_12013799528_2190601967,1,2,15
6272.0,cluster_12013799529_12013799530_473195061,1,2,15
6273.0,2496228891,2,0,15
6273.0,cluster_12013799525_12013799526_2496228894,0,0,15
6273.0,cluster_12013799527_12013799528_2190601967,1,2,15
6273.0,cluster_12013799529_12013799530_473195061,1,2,15
6274.0,2496228891,1,0,15
6274.0,cluster_12013799525_12013799526_2496228894,0,0,15
6274.0,cluster_12013799527_12013799528_2190601967,0,2,15
6275.0,2496228891,1,0,15
6275.0,cluster_12013799525_12013799526_2496228894,0,0,15
6275.0,cluster_12013799527_12013799528_2190601967,0,2,15
6276.0,2496228891,2,0,15
6276.0,cluster_12013799525_12013799526_2496228894,0,0,15
6276.0,cluster_12013799527_12013799528_2190601967,0,2,15
6277.0,2496228891,2,0,15
6277.0,cluster_12013799525_12013799526_2496228894,0,0,15
6277.0,cluster_12013799527_12013799528_2190601967,0,2,15
6277.0,cluster_12013799529_12013799530_473195061,0,0,15
6278.0,2496228891,2,0,15
6278.0,cluster_12013799525_12013799526_2496228894,0,0,15
6278.0,cluster_12013799527_12013799528_2190601967,0,2,15
6278.0,cluster_12013799529_12013799530_473195061,0,0,15
6279.0,2496228891,3,0,15
6279.0,cluster_12013799525_12013799526_2496228894,0,0,15
6279.0,cluster_12013799527_12013799528_2190601967,0,2,15
6279.0,cluster_12013799529_12013799530_473195061,0,0,15
6280.0,2496228891,2,0,15
6280.0,cluster_12013799525_12013799526_2496228894,0,0,15
6280.0,cluster_12013799527_12013799528_2190601967,0,2,15
6280.0,cluster_12013799529_12013799530_473195061,0,0,15
6281.0,cluster_12013799527_12013799528_2190601967,0,2,15
6281.0,cluster_12013799529_12013799530_473195061,0,0,15
6282.0,cluster_12013799527_12013799528_2190601967,0,2,15
6282.0,cluster_12013799529_12013799530_473195061,0,0,15
6283.0,cluster_12013799527_12013799528_2190601967,0,2,15
6283.0,cluster_12013799529_12013799530_473195061,0,0,15
6284.0,2496228891,0,2,15
6284.0,cluster_12013799525_12013799526_2496228894,5,2,21
6284.0,cluster_12013799527_12013799528_2190601967,0,2,15
6284.0,cluster_12013799529_12013799530_473195061,0,0,15
6285.0,2496228891,0,2,15
6285.0,cluster_12013799525_12013799526_2496228894,5,2,21
6285.0,cluster_12013799527_12013799528_2190601967,0,2,15
6285.0,cluster_12013799529_12013799530_473195061,0,0,15
6286.0,2496228891,0,2,15
6286.0,cluster_12013799525_12013799526_2496228894,5,2,21
6286.0,cluster_12013799529_12013799530_473195061,0,0,15
6287.0,2496228891,0,2,15
6287.0,cluster_12013799525_12013799526_2496228894,5,2,21
6287.0,cluster_12013799529_12013799530_473195061,0,0,15
6288.0,2496228891,0,2,15
6288.0,cluster_12013799525_12013799526_2496228894,4,2,21
6288.0,cluster_12013799529_12013799530_473195061,0,0,15
6289.0,2496228891,0,2,15
6289.0,cluster_12013799525_12013799526_2496228894,3,2,15
6289.0,cluster_12013799527_12013799528_2190601967,0,0,15
6289.0,cluster_12013799529_12013799530_473195061,0,0,15
6290.0,2496228891,0,2,15
6290.0,cluster_12013799525_12013799526_2496228894,3,2,15
6290.0,cluster_12013799527_12013799528_2190601967,0,0,15
6290.0,cluster_12013799529_12013799530_473195061,0,0,15
6291.0,2496228891,0,2,15
6291.0,cluster_12013799525_12013799526_2496228894,2,2,15
6291.0,cluster_12013799527_12013799528_2190601967,0,0,15
6291.0,cluster_12013799529_12013799530_473195061,0,0,15
6292.0,2496228891,0,2,15
6292.0,cluster_12013799525_12013799526_2496228894,2,2,15
6292.0,cluster_12013799527_12013799528_2190601967,0,0,15
6292.0,cluster_12013799529_12013799530_473195061,0,0,15
6293.0,2496228891,0,2,15
6293.0,cluster_12013799525_12013799526_2496228894,2,2,15
6293.0,cluster_12013799527_12013799528_2190601967,0,0,15
6294.0,2496228891,0,2,15
6294.0,cluster_12013799525_12013799526_2496228894,1,2,15
6294.0,cluster_12013799527_12013799528_2190601967,0,0,15
6295.0,2496228891,0,2,15
6295.0,cluster_12013799525_12013799526_2496228894,1,2,15
6295.0,cluster_12013799527_12013799528_2190601967,0,0,15
6296.0,2496228891,0,2,15
6296.0,cluster_12013799525_12013799526_2496228894,0,2,15
6296.0,cluster_12013799527_12013799528_2190601967,0,0,15
6296.0,cluster_12013799529_12013799530_473195061,3,2,15
6297.0,2496228891,0,2,15
6297.0,cluster_12013799525_12013799526_2496228894,0,2,15
6297.0,cluster_12013799527_12013799528_2190601967,0,0,15
6297.0,cluster_12013799529_12013799530_473195061,2,2,15
6298.0,2496228891,0,2,15
6298.0,cluster_12013799525_12013799526_2496228894,0,2,15
6298.0,cluster_12013799527_12013799528_2190601967,0,0,15
6298.0,cluster_12013799529_12013799530_473195061,2,2,15
6299.0,2496228891,0,2,15
6299.0,cluster_12013799525_12013799526_2496228894,0,2,15
6299.0,cluster_12013799527_12013799528_2190601967,0,0,15
6299.0,cluster_12013799529_12013799530_473195061,2,2,15
6300.0,cluster_12013799525_12013799526_2496228894,0,2,15
6300.0,cluster_12013799527_12013799528_2190601967,0,0,15
6300.0,cluster_12013799529_12013799530_473195061,2,2,15
6301.0,cluster_12013799525_12013799526_2496228894,1,2,15
6301.0,cluster_12013799527_12013799528_2190601967,1,0,15
6301.0,cluster_12013799529_12013799530_473195061,2,2,15
6302.0,cluster_12013799525_12013799526_2496228894,1,2,15
6302.0,cluster_12013799527_12013799528_2190601967,1,0,15
6302.0,cluster_12013799529_12013799530_473195061,2,2,15
6303.0,2496228891,1,0,15
6303.0,cluster_12013799525_12013799526_2496228894,1,2,15
6303.0,cluster_12013799527_12013799528_2190601967,1,0,15
6303.0,cluster_12013799529_12013799530_473195061,1,2,15
6304.0,2496228891,3,0,15
6304.0,cluster_12013799525_12013799526_2496228894,1,2,15
6304.0,cluster_12013799527_12013799528_2190601967,1,0,15
6304.0,cluster_12013799529_12013799530_473195061,1,2,15
6305.0,2496228891,4,0,23
6305.0,cluster_12013799525_12013799526_2496228894,2,2,15
6305.0,cluster_12013799529_12013799530_473195061,2,2,15
6306.0,2496228891,4,0,21
6306.0,cluster_12013799529_12013799530_473195061,2,2,15
6307.0,2496228891,4,0,21
6307.0,cluster_12013799529_12013799530_473195061,2,2,15
6308.0,2496228891,2,0,15
6308.0,cluster_12013799527_12013799528_2190601967,4,2,21
6308.0,cluster_12013799529_12013799530_473195061,2,2,15
6309.0,2496228891,4,0,23
6309.0,cluster_12013799525_12013799526_2496228894,3,0,15
6309.0,cluster_12013799527_12013799528_2190601967,4,2,21
6309.0,cluster_12013799529_12013799530_473195061,3,2,15
6310.0,2496228891,4,0,21
6310.0,cluster_12013799525_12013799526_2496228894,3,0,15
6310.0,cluster_12013799527_12013799528_2190601967,4,2,21
6310.0,cluster_12013799529_12013799530_473195061,3,2,15
6311.0,2496228891,5,0,23
6311.0,cluster_12013799525_12013799526_2496228894,2,0,15
6311.0,cluster_12013799527_12013799528_2190601967,3,2,15
6311.0,cluster_12013799529_12013799530_473195061,3,2,15
6312.0,2496228891,5,0,23
6312.0,cluster_12013799525_12013799526_2496228894,2,0,15
6312.0,cluster_12013799527_12013799528_2190601967,3,2,15
6313.0,2496228891,6,0,23
6313.0,cluster_12013799525_12013799526_2496228894,3,0,15
6313.0,cluster_12013799527_12013799528_2190601967,4,2,23
6314.0,2496228891,6,0,23
6314.0,cluster_12013799525_12013799526_2496228894,2,0,15
6314.0,cluster_12013799527_12013799528_2190601967,3,2,15
6315.0,2496228891,5,0,21
6315.0,cluster_12013799525_12013799526_2496228894,2,0,15
6315.0,cluster_12013799527_12013799528_2190601967,3,2,15
6315.0,cluster_12013799529_12013799530_473195061,4,0,21
6316.0,2496228891,5,0,21
6316.0,cluster_12013799525_12013799526_2496228894,2,0,15
6316.0,cluster_12013799527_12013799528_2190601967,3,2,15
6316.0,cluster_12013799529_12013799530_473195061,4,0,21
6317.0,2496228891,6,0,23
6317.0,cluster_12013799525_12013799526_2496228894,2,0,15
6317.0,cluster_12013799527_12013799528_2190601967,4,2,23
6317.0,cluster_12013799529_12013799530_473195061,5,0,21
6318.0,2496228891,5,0,23
6318.0,cluster_12013799525_12013799526_2496228894,2,0,15
6318.0,cluster_12013799527_12013799528_2190601967,4,2,21
6318.0,cluster_12013799529_12013799530_473195061,4,0,21
6319.0,cluster_12013799525_12013799526_2496228894,1,0,15
6319.0,cluster_12013799527_12013799528_2190601967,3,2,15
6319.0,cluster_12013799529_12013799530_473195061,4,0,21
6320.0,cluster_12013799525_12013799526_2496228894,1,0,15
6320.0,cluster_12013799527_12013799528_2190601967,3,2,15
6320.0,cluster_12013799529_12013799530_473195061,4,0,21
6321.0,cluster_12013799525_12013799526_2496228894,1,0,15
6321.0,cluster_12013799527_12013799528_2190601967,3,2,15
6321.0,cluster_12013799529_12013799530_473195061,4,0,21
6322.0,2496228891,3,2,15
6322.0,cluster_12013799525_12013799526_2496228894,1,0,15
6322.0,cluster_12013799527_12013799528_2190601967,4,2,23
6322.0,cluster_12013799529_12013799530_473195061,4,0,21
6323.0,2496228891,2,2,15
6323.0,cluster_12013799525_12013799526_2496228894,1,0,15
6323.0,cluster_12013799527_12013799528_2190601967,4,2,21
6323.0,cluster_12013799529_12013799530_473195061,3,0,15
6324.0,2496228891,2,2,15
6324.0,cluster_12013799525_12013799526_2496228894,0,0,15
6324.0,cluster_12013799527_12013799528_2190601967,1,2,15
6324.0,cluster_12013799529_12013799530_473195061,3,0,15
6325.0,2496228891,2,2,15
6325.0,cluster_12013799527_12013799528_2190601967,2,2,15
6325.0,cluster_12013799529_12013799530_473195061,2,0,15
6326.0,2496228891,1,2,15
6326.0,cluster_12013799527_12013799528_2190601967,3,2,15
6326.0,cluster_12013799529_12013799530_473195061,2,0,15
6327.0,2496228891,1,2,15
6327.0,cluster_12013799527_12013799528_2190601967,3,2,15
6327.0,cluster_12013799529_12013799530_473195061,2,0,15
6328.0,2496228891,1,2,15
6328.0,cluster_12013799525_12013799526_2496228894,4,2,21
6328.0,cluster_12013799527_12013799528_2190601967,3,2,15
6328.0,cluster_12013799529_12013799530_473195061,2,0,15
6329.0,2496228891,0,2,15
6329.0,cluster_12013799525_12013799526_2496228894,2,2,15
6329.0,cluster_12013799527_12013799528_2190601967,3,2,15
6329.0,cluster_12013799529_12013799530_473195061,2,0,15
6330.0,2496228891,0,2,15
6330.0,cluster_12013799525_12013799526_2496228894,3,2,15
6330.0,cluster_12013799529_12013799530_473195061,1,0,15
6331.0,2496228891,0,2,15
6331.0,cluster_12013799525_12013799526_2496228894,3,2,15
6331.0,cluster_12013799529_12013799530_473195061,1,0,15
6332.0,2496228891,0,2,15
6332.0,cluster_12013799525_12013799526_2496228894,4,2,23
6332.0,cluster_12013799529_12013799530_473195061,1,0,15
6333.0,2496228891,0,2,15
6333.0,cluster_12013799525_12013799526_2496228894,3,2,15
6333.0,cluster_12013799527_12013799528_2190601967,7,0,21
6333.0,cluster_12013799529_12013799530_473195061,1,0,15
6334.0,2496228891,0,2,15
6334.0,cluster_12013799525_12013799526_2496228894,3,2,15
6334.0,cluster_12013799527_12013799528_2190601967,6,0,21
6334.0,cluster_12013799529_12013799530_473195061,0,0,15
6335.0,2496228891,0,2,15
6335.0,cluster_12013799525_12013799526_2496228894,3,2,15
6335.0,cluster_12013799527_12013799528_2190601967,6,0,21
6335.0,cluster_12013799529_12013799530_473195061,0,0,15
6336.0,2496228891,0,2,15
6336.0,cluster_12013799525_12013799526_2496228894,3,2,15
6336.0,cluster_12013799527_12013799528_2190601967,6,0,21
6336.0,cluster_12013799529_12013799530_473195061,0,0,15
6337.0,2496228891,0,2,15
6337.0,cluster_12013799525_12013799526_2496228894,3,2,15
6337.0,cluster_12013799527_12013799528_2190601967,5,0,21
6338.0,cluster_12013799525_12013799526_2496228894,2,2,15
6338.0,cluster_12013799527_12013799528_2190601967,5,0,21
6339.0,cluster_12013799525_12013799526_2496228894,2,2,15
6339.0,cluster_12013799527_12013799528_2190601967,5,0,21
6340.0,cluster_12013799525_12013799526_2496228894,2,2,15
6340.0,cluster_12013799527_12013799528_2190601967,4,0,21
6340.0,cluster_12013799529_12013799530_473195061,6,2,21
6341.0,2496228891,2,0,15
6341.0,cluster_12013799525_12013799526_2496228894,1,2,15
6341.0,cluster_12013799527_12013799528_2190601967,4,0,21
6341.0,cluster_12013799529_12013799530_473195061,5,2,21
6342.0,2496228891,2,0,15
6342.0,cluster_12013799525_12013799526_2496228894,1,2,15
6342.0,cluster_12013799527_12013799528_2190601967,4,0,21
6342.0,cluster_12013799529_12013799530_473195061,5,2,21
6343.0,2496228891,2,0,15
6343.0,cluster_12013799525_12013799526_2496228894,0,2,15
6343.0,cluster_12013799527_12013799528_2190601967,3,0,15
6343.0,cluster_12013799529_12013799530_473195061,5,2,23
6344.0,2496228891,2,0,15
6344.0,cluster_12013799525_12013799526_2496228894,1,2,15
6344.0,cluster_12013799527_12013799528_2190601967,3,0,15
6344.0,cluster_12013799529_12013799530_473195061,5,2,21
6345.0,2496228891,1,0,15
6345.0,cluster_12013799525_12013799526_2496228894,1,2,15
6345.0,cluster_12013799527_12013799528_2190601967,2,0,15
6345.0,cluster_12013799529_12013799530_473195061,5,2,23
6346.0,2496228891,1,0,15
6346.0,cluster_12013799525_12013799526_2496228894,1,2,15
6346.0,cluster_12013799527_12013799528_2190601967,2,0,15
6346.0,cluster_12013799529_12013799530_473195061,5,2,21
6347.0,2496228891,1,0,15
6347.0,cluster_12013799525_12013799526_2496228894,2,2,15
6347.0,cluster_12013799527_12013799528_2190601967,1,0,15
6347.0,cluster_12013799529_12013799530_473195061,5,2,23
6348.0,2496228891,0,0,15
6348.0,cluster_12013799525_12013799526_2496228894,2,2,15
6348.0,cluster_12013799527_12013799528_2190601967,1,0,15
6348.0,cluster_12013799529_12013799530_473195061,5,2,21
6349.0,2496228891,0,0,15
6349.0,cluster_12013799525_12013799526_2496228894,2,2,15
6349.0,cluster_12013799527_12013799528_2190601967,0,0,15
6349.0,cluster_12013799529_12013799530_473195061,5,2,23
6350.0,2496228891,0,0,15
6350.0,cluster_12013799527_12013799528_2190601967,0,0,15
6350.0,cluster_12013799529_12013799530_473195061,4,2,21
6351.0,2496228891,0,0,15
6351.0,cluster_12013799527_12013799528_2190601967,0,0,15
6351.0,cluster_12013799529_12013799530_473195061,5,2,23
6352.0,2496228891,0,0,15
6352.0,cluster_12013799527_12013799528_2190601967,0,0,15
6352.0,cluster_12013799529_12013799530_473195061,4,2,21
6353.0,2496228891,0,0,15
6353.0,cluster_12013799525_12013799526_2496228894,0,0,15
6353.0,cluster_12013799527_12013799528_2190601967,0,0,15
6353.0,cluster_12013799529_12013799530_473195061,4,2,21
6354.0,2496228891,2,0,15
6354.0,cluster_12013799525_12013799526_2496228894,0,0,15
6354.0,cluster_12013799527_12013799528_2190601967,0,0,15
6354.0,cluster_12013799529_12013799530_473195061,3,2,15
6355.0,2496228891,2,0,15
6355.0,cluster_12013799525_12013799526_2496228894,0,0,15
6355.0,cluster_12013799529_12013799530_473195061,3,2,15
6356.0,2496228891,2,0,15
6356.0,cluster_12013799525_12013799526_2496228894,0,0,15
6356.0,cluster_12013799529_12013799530_473195061,3,2,15
6357.0,cluster_12013799525_12013799526_2496228894,0,0,15
6357.0,cluster_12013799529_12013799530_473195061,2,2,15
6358.0,cluster_12013799525_12013799526_2496228894,0,0,15
6358.0,cluster_12013799527_12013799528_2190601967,5,2,21
6358.0,cluster_12013799529_12013799530_473195061,2,2,15
6359.0,cluster_12013799525_12013799526_2496228894,0,0,15
6359.0,cluster_12013799527_12013799528_2190601967,3,2,15
6359.0,cluster_12013799529_12013799530_473195061,1,2,15
6360.0,2496228891,0,2,15
6360.0,cluster_12013799525_12013799526_2496228894,0,0,15
6360.0,cluster_12013799527_12013799528_2190601967,3,2,15
6360.0,cluster_12013799529_12013799530_473195061,0,2,15
6361.0,2496228891,0,2,15
6361.0,cluster_12013799525_12013799526_2496228894,0,0,15
6361.0,cluster_12013799527_12013799528_2190601967,3,2,15
6361.0,cluster_12013799529_12013799530_473195061,0,2,15
6362.0,2496228891,0,2,15
6362.0,cluster_12013799525_12013799526_2496228894,0,0,15
6362.0,cluster_12013799527_12013799528_2190601967,3,2,15
6363.0,2496228891,0,2,15
6363.0,cluster_12013799525_12013799526_2496228894,0,0,15
6363.0,cluster_12013799527_12013799528_2190601967,1,2,15
6364.0,2496228891,0,2,15
6364.0,cluster_12013799525_12013799526_2496228894,0,0,15
6364.0,cluster_12013799527_12013799528_2190601967,1,2,15
6365.0,2496228891,0,2,15
6365.0,cluster_12013799525_12013799526_2496228894,0,0,15
6365.0,cluster_12013799527_12013799528_2190601967,1,2,15
6365.0,cluster_12013799529_12013799530_473195061,0,0,15
6366.0,2496228891,0,2,15
6366.0,cluster_12013799525_12013799526_2496228894,0,0,15
6366.0,cluster_12013799527_12013799528_2190601967,0,2,15
6366.0,cluster_12013799529_12013799530_473195061,0,0,15
6367.0,2496228891,0,2,15
6367.0,cluster_12013799525_12013799526_2496228894,0,0,15
6367.0,cluster_12013799527_12013799528_2190601967,0,2,15
6367.0,cluster_12013799529_12013799530_473195061,0,0,15
6368.0,2496228891,0,2,15
6368.0,cluster_12013799525_12013799526_2496228894,0,0,15
6368.0,cluster_12013799527_12013799528_2190601967,0,2,15
6368.0,cluster_12013799529_12013799530_473195061,0,0,15
6369.0,2496228891,0,2,15
6369.0,cluster_12013799527_12013799528_2190601967,0,2,15
6369.0,cluster_12013799529_12013799530_473195061,0,0,15
6370.0,2496228891,0,2,15
6370.0,cluster_12013799527_12013799528_2190601967,0,2,15
6370.0,cluster_12013799529_12013799530_473195061,0,0,15
6371.0,2496228891,0,2,15
6371.0,cluster_12013799527_12013799528_2190601967,0,2,15
6371.0,cluster_12013799529_12013799530_473195061,0,0,15
6372.0,2496228891,0,2,15
6372.0,cluster_12013799525_12013799526_2496228894,1,2,15
6372.0,cluster_12013799527_12013799528_2190601967,0,2,15
6372.0,cluster_12013799529_12013799530_473195061,0,0,15
6373.0,2496228891,0,2,15
6373.0,cluster_12013799525_12013799526_2496228894,0,2,15
6373.0,cluster_12013799527_12013799528_2190601967,0,2,15
6373.0,cluster_12013799529_12013799530_473195061,0,0,15
6374.0,2496228891,0,2,15
6374.0,cluster_12013799525_12013799526_2496228894,0,2,15
6374.0,cluster_12013799527_12013799528_2190601967,0,2,15
6374.0,cluster_12013799529_12013799530_473195061,0,0,15
6375.0,2496228891,0,2,15
6375.0,cluster_12013799525_12013799526_2496228894,0,2,15
6375.0,cluster_12013799527_12013799528_2190601967,0,2,15
6375.0,cluster_12013799529_12013799530_473195061,0,0,15
6376.0,cluster_12013799525_12013799526_2496228894,0,2,15
6376.0,cluster_12013799527_12013799528_2190601967,0,2,15
6376.0,cluster_12013799529_12013799530_473195061,0,0,15
6377.0,cluster_12013799525_12013799526_2496228894,0,2,15
6377.0,cluster_12013799527_12013799528_2190601967,1,2,15
6377.0,cluster_12013799529_12013799530_473195061,0,0,15
6378.0,cluster_12013799525_12013799526_2496228894,0,2,15
6378.0,cluster_12013799527_12013799528_2190601967,1,2,15
6378.0,cluster_12013799529_12013799530_473195061,0,0,15
6379.0,2496228891,2,0,15
6379.0,cluster_12013799525_12013799526_2496228894,0,2,15
6379.0,cluster_12013799527_12013799528_2190601967,1,2,15
6379.0,cluster_12013799529_12013799530_473195061,0,0,15
6380.0,2496228891,1,0,15
6380.0,cluster_12013799525_12013799526_2496228894,0,2,15
6380.0,cluster_12013799529_12013799530_473195061,0,0,15
6381.0,2496228891,1,0,15
6381.0,cluster_12013799525_12013799526_2496228894,0,2,15
6382.0,2496228891,1,0,15
6382.0,cluster_12013799525_12013799526_2496228894,0,2,15
6383.0,2496228891,0,0,15
6383.0,cluster_12013799525_12013799526_2496228894,1,2,15
6383.0,cluster_12013799527_12013799528_2190601967,0,0,15
6384.0,2496228891,0,0,15
6384.0,cluster_12013799525_12013799526_2496228894,1,2,15
6384.0,cluster_12013799527_12013799528_2190601967,0,0,15
6384.0,cluster_12013799529_12013799530_473195061,1,2,15
6385.0,2496228891,0,0,15
6385.0,cluster_12013799525_12013799526_2496228894,2,2,15
6385.0,cluster_12013799527_12013799528_2190601967,0,0,15
6385.0,cluster_12013799529_12013799530_473195061,1,2,15
6386.0,2496228891,0,0,15
6386.0,cluster_12013799525_12013799526_2496228894,2,2,15
6386.0,cluster_12013799527_12013799528_2190601967,0,0,15
6386.0,cluster_12013799529_12013799530_473195061,1,2,15
6387.0,2496228891,0,0,15
6387.0,cluster_12013799525_12013799526_2496228894,2,2,15
6387.0,cluster_12013799527_12013799528_2190601967,0,0,15
6387.0,cluster_12013799529_12013799530_473195061,1,2,15
6388.0,2496228891,0,0,15
6388.0,cluster_12013799527_12013799528_2190601967,0,0,15
6388.0,cluster_12013799529_12013799530_473195061,0,2,15
6389.0,2496228891,0,0,15
6389.0,cluster_12013799527_12013799528_2190601967,0,0,15
6389.0,cluster_12013799529_12013799530_473195061,0,2,15
6390.0,2496228891,2,0,15
6390.0,cluster_12013799527_12013799528_2190601967,0,0,15
6390.0,cluster_12013799529_12013799530_473195061,0,2,15
6391.0,2496228891,2,0,15
6391.0,cluster_12013799525_12013799526_2496228894,0,0,15
6391.0,cluster_12013799527_12013799528_2190601967,0,0,15
6391.0,cluster_12013799529_12013799530_473195061,0,2,15
6392.0,2496228891,2,0,15
6392.0,cluster_12013799525_12013799526_2496228894,0,0,15
6392.0,cluster_12013799527_12013799528_2190601967,0,0,15
6392.0,cluster_12013799529_12013799530_473195061,0,2,15
6393.0,2496228891,0,0,15
6393.0,cluster_12013799525_12013799526_2496228894,0,0,15
6393.0,cluster_12013799527_12013799528_2190601967,0,0,15
6393.0,cluster_12013799529_12013799530_473195061,0,2,15
6394.0,2496228891,0,0,15
6394.0,cluster_12013799525_12013799526_2496228894,0,0,15
6394.0,cluster_12013799527_12013799528_2190601967,0,0,15
6394.0,cluster_12013799529_12013799530_473195061,0,2,15
6395.0,cluster_12013799525_12013799526_2496228894,0,0,15
6395.0,cluster_12013799527_12013799528_2190601967,0,0,15
6395.0,cluster_12013799529_12013799530_473195061,0,2,15
6396.0,cluster_12013799525_12013799526_2496228894,0,0,15
6396.0,cluster_12013799527_12013799528_2190601967,0,0,15
6396.0,cluster_12013799529_12013799530_473195061,0,2,15
6397.0,cluster_12013799525_12013799526_2496228894,0,0,15
6397.0,cluster_12013799527_12013799528_2190601967,0,0,15
6397.0,cluster_12013799529_12013799530_473195061,0,2,15
6398.0,2496228891,0,2,15
6398.0,cluster_12013799525_12013799526_2496228894,0,0,15
6398.0,cluster_12013799527_12013799528_2190601967,0,0,15
6398.0,cluster_12013799529_12013799530_473195061,0,2,15
6399.0,2496228891,0,2,15
6399.0,cluster_12013799525_12013799526_2496228894,0,0,15
6399.0,cluster_12013799529_12013799530_473195061,0,2,15
6400.0,2496228891,0,2,15
6400.0,cluster_12013799525_12013799526_2496228894,0,0,15
6401.0,2496228891,1,2,15
6401.0,cluster_12013799525_12013799526_2496228894,1,0,15
6402.0,2496228891,1,2,15
6402.0,cluster_12013799525_12013799526_2496228894,1,0,15
6402.0,cluster_12013799527_12013799528_2190601967,1,2,15
6403.0,2496228891,1,2,15
6403.0,cluster_12013799525_12013799526_2496228894,1,0,15
6403.0,cluster_12013799527_12013799528_2190601967,1,2,15
6403.0,cluster_12013799529_12013799530_473195061,1,0,15
6404.0,2496228891,1,2,15
6404.0,cluster_12013799525_12013799526_2496228894,1,0,15
6404.0,cluster_12013799527_12013799528_2190601967,1,2,15
6404.0,cluster_12013799529_12013799530_473195061,1,0,15
6405.0,2496228891,2,2,15
6405.0,cluster_12013799525_12013799526_2496228894,2,0,15
6405.0,cluster_12013799527_12013799528_2190601967,2,2,15
6405.0,cluster_12013799529_12013799530_473195061,2,0,15
6406.0,2496228891,2,2,15
6406.0,cluster_12013799525_12013799526_2496228894,2,0,15
6406.0,cluster_12013799527_12013799528_2190601967,2,2,15
6406.0,cluster_12013799529_12013799530_473195061,2,0,15
6407.0,2496228891,2,2,15
6407.0,cluster_12013799527_12013799528_2190601967,2,2,15
6407.0,cluster_12013799529_12013799530_473195061,2,0,15
6408.0,2496228891,2,2,15
6408.0,cluster_12013799527_12013799528_2190601967,2,2,15
6408.0,cluster_12013799529_12013799530_473195061,2,0,15
6409.0,2496228891,2,2,15
6409.0,cluster_12013799527_12013799528_2190601967,3,2,15
6409.0,cluster_12013799529_12013799530_473195061,3,0,15
6410.0,2496228891,3,2,15
6410.0,cluster_12013799525_12013799526_2496228894,4,2,21
6410.0,cluster_12013799527_12013799528_2190601967,3,2,15
6410.0,cluster_12013799529_12013799530_473195061,3,0,15
6411.0,2496228891,3,2,15
6411.0,cluster_12013799525_12013799526_2496228894,3,2,15
6411.0,cluster_12013799527_12013799528_2190601967,3,2,15
6411.0,cluster_12013799529_12013799530_473195061,3,0,15
6412.0,2496228891,3,2,15
6412.0,cluster_12013799525_12013799526_2496228894,3,2,15
6412.0,cluster_12013799527_12013799528_2190601967,3,2,15
6412.0,cluster_12013799529_12013799530_473195061,3,0,15
6413.0,2496228891,2,2,15
6413.0,cluster_12013799525_12013799526_2496228894,2,2,15
6413.0,cluster_12013799527_12013799528_2190601967,4,2,23
6413.0,cluster_12013799529_12013799530_473195061,4,0,23
6414.0,cluster_12013799525_12013799526_2496228894,3,2,15
6414.0,cluster_12013799527_12013799528_2190601967,4,2,21
6414.0,cluster_12013799529_12013799530_473195061,4,0,21
6415.0,cluster_12013799525_12013799526_2496228894,3,2,15
6415.0,cluster_12013799527_12013799528_2190601967,4,2,21
6415.0,cluster_12013799529_12013799530_473195061,4,0,21
6416.0,cluster_12013799525_12013799526_2496228894,3,2,15
6416.0,cluster_12013799527_12013799528_2190601967,4,2,21
6416.0,cluster_12013799529_12013799530_473195061,4,0,21
6417.0,2496228891,7,0,22
6417.0,cluster_12013799525_12013799526_2496228894,2,2,15
6417.0,cluster_12013799527_12013799528_2190601967,4,2,21
6417.0,cluster_12013799529_12013799530_473195061,5,0,21
6418.0,2496228891,4,0,21
6418.0,cluster_12013799525_12013799526_2496228894,3,2,15
6418.0,cluster_12013799529_12013799530_473195061,4,0,21
6419.0,2496228891,4,0,21
6419.0,cluster_12013799525_12013799526_2496228894,3,2,15
6420.0,2496228891,6,0,23
6420.0,cluster_12013799525_12013799526_2496228894,4,2,23
6421.0,2496228891,6,0,21
6421.0,cluster_12013799525_12013799526_2496228894,4,2,23
6421.0,cluster_12013799527_12013799528_2190601967,4,0,21
6422.0,2496228891,6,0,21
6422.0,cluster_12013799525_12013799526_2496228894,4,2,21
6422.0,cluster_12013799527_12013799528_2190601967,5,0,23
6422.0,cluster_12013799529_12013799530_473195061,5,2,21
6423.0,2496228891,6,0,21
6423.0,cluster_12013799525_12013799526_2496228894,4,2,21
6423.0,cluster_12013799527_12013799528_2190601967,5,0,21
6423.0,cluster_12013799529_12013799530_473195061,5,2,21
6424.0,2496228891,4,0,21
6424.0,cluster_12013799525_12013799526_2496228894,4,2,21
6424.0,cluster_12013799527_12013799528_2190601967,5,0,21
6424.0,cluster_12013799529_12013799530_473195061,5,2,21
6425.0,2496228891,5,0,23
6425.0,cluster_12013799525_12013799526_2496228894,4,2,21
6425.0,cluster_12013799527_12013799528_2190601967,4,0,21
6425.0,cluster_12013799529_12013799530_473195061,4,2,21
6426.0,2496228891,5,0,21
6426.0,cluster_12013799525_12013799526_2496228894,4,2,21
6426.0,cluster_12013799527_12013799528_2190601967,5,0,23
6426.0,cluster_12013799529_12013799530_473195061,5,2,21
6427.0,2496228891,5,0,21
6427.0,cluster_12013799525_12013799526_2496228894,4,2,21
6427.0,cluster_12013799527_12013799528_2190601967,4,0,21
6427.0,cluster_12013799529_12013799530_473195061,4,2,21
6428.0,2496228891,5,0,21
6428.0,cluster_12013799525_12013799526_2496228894,4,2,21
6428.0,cluster_12013799527_12013799528_2190601967,4,0,21
6428.0,cluster_12013799529_12013799530_473195061,5,2,23
6429.0,2496228891,5,0,21
6429.0,cluster_12013799525_12013799526_2496228894,4,2,21
6429.0,cluster_12013799527_12013799528_2190601967,4,0,21
6429.0,cluster_12013799529_12013799530_473195061,5,2,21
6430.0,2496228891,4,0,21
6430.0,cluster_12013799525_12013799526_2496228894,4,2,21
6430.0,cluster_12013799527_12013799528_2190601967,3,0,15
6430.0,cluster_12013799529_12013799530_473195061,5,2,23
6431.0,2496228891,4,0,21
6431.0,cluster_12013799525_12013799526_2496228894,3,2,15
6431.0,cluster_12013799527_12013799528_2190601967,3,0,15
6431.0,cluster_12013799529_12013799530_473195061,5,2,21
6432.0,2496228891,4,0,21
6432.0,cluster_12013799527_12013799528_2190601967,3,0,15
6432.0,cluster_12013799529_12013799530_473195061,6,2,23
6433.0,2496228891,4,0,21
6433.0,cluster_12013799527_12013799528_2190601967,3,0,15
6433.0,cluster_12013799529_12013799530_473195061,6,2,21
6434.0,2496228891,4,0,21
6434.0,cluster_12013799527_12013799528_2190601967,2,0,15
6434.0,cluster_12013799529_12013799530_473195061,5,2,21
6435.0,2496228891,4,0,21
6435.0,cluster_12013799525_12013799526_2496228894,3,0,15
6435.0,cluster_12013799527_12013799528_2190601967,2,0,15
6435.0,cluster_12013799529_12013799530_473195061,5,2,21
6436.0,2496228891,4,0,21
6436.0,cluster_12013799525_12013799526_2496228894,3,0,15
6436.0,cluster_12013799527_12013799528_2190601967,2,0,15
6436.0,cluster_12013799529_12013799530_473195061,6,2,23
6437.0,2496228891,4,0,21
6437.0,cluster_12013799525_12013799526_2496228894,3,0,15
6437.0,cluster_12013799527_12013799528_2190601967,1,0,15
6437.0,cluster_12013799529_12013799530_473195061,4,2,21
6438.0,2496228891,4,0,21
6438.0,cluster_12013799525_12013799526_2496228894,3,0,15
6438.0,cluster_12013799527_12013799528_2190601967,1,0,15
6438.0,cluster_12013799529_12013799530_473195061,4,2,21
6439.0,2496228891,4,0,21
6439.0,cluster_12013799525_12013799526_2496228894,2,0,15
6439.0,cluster_12013799527_12013799528_2190601967,1,0,15
6439.0,cluster_12013799529_12013799530_473195061,4,2,23
6440.0,cluster_12013799525_12013799526_2496228894,2,0,15
6440.0,cluster_12013799527_12013799528_2190601967,1,0,15
6440.0,cluster_12013799529_12013799530_473195061,4,2,21
6441.0,cluster_12013799525_12013799526_2496228894,2,0,15
6441.0,cluster_12013799527_12013799528_2190601967,0,0,15
6441.0,cluster_12013799529_12013799530_473195061,2,2,15
6442.0,cluster_12013799525_12013799526_2496228894,1,0,15
6442.0,cluster_12013799527_12013799528_2190601967,0,0,15
6442.0,cluster_12013799529_12013799530_473195061,2,2,15
6443.0,2496228891,3,2,15
6443.0,cluster_12013799525_12013799526_2496228894,1,0,15
6443.0,cluster_12013799529_12013799530_473195061,3,2,15
6444.0,2496228891,2,2,15
6444.0,cluster_12013799525_12013799526_2496228894,0,0,15
6445.0,2496228891,2,2,15
6445.0,cluster_12013799525_12013799526_2496228894,0,0,15
6446.0,2496228891,2,2,15
6446.0,cluster_12013799525_12013799526_2496228894,0,0,15
6446.0,cluster_12013799527_12013799528_2190601967,3,2,15
6447.0,2496228891,2,2,15
6447.0,cluster_12013799525_12013799526_2496228894,0,0,15
6447.0,cluster_12013799527_12013799528_2190601967,4,2,23
6447.0,cluster_12013799529_12013799530_473195061,4,0,21
6448.0,2496228891,1,2,15
6448.0,cluster_12013799525_12013799526_2496228894,0,0,15
6448.0,cluster_12013799527_12013799528_2190601967,3,2,15
6448.0,cluster_12013799529_12013799530_473195061,3,0,15
6449.0,2496228891,1,2,15
6449.0,cluster_12013799525_12013799526_2496228894,0,0,15
6449.0,cluster_12013799527_12013799528_2190601967,4,2,23
6449.0,cluster_12013799529_12013799530_473195061,3,0,15
6450.0,2496228891,0,2,15
6450.0,cluster_12013799525_12013799526_2496228894,0,0,15
6450.0,cluster_12013799527_12013799528_2190601967,3,2,15
6450.0,cluster_12013799529_12013799530_473195061,3,0,15
6451.0,2496228891,0,2,15
6451.0,cluster_12013799527_12013799528_2190601967,3,2,15
6451.0,cluster_12013799529_12013799530_473195061,3,0,15
6452.0,2496228891,0,2,15
6452.0,cluster_12013799527_12013799528_2190601967,3,2,15
6452.0,cluster_12013799529_12013799530_473195061,2,0,15
6453.0,2496228891,0,2,15
6453.0,cluster_12013799527_12013799528_2190601967,3,2,15
6453.0,cluster_12013799529_12013799530_473195061,2,0,15
6454.0,2496228891,0,2,15
6454.0,cluster_12013799525_12013799526_2496228894,3,2,15
6454.0,cluster_12013799527_12013799528_2190601967,1,2,15
6454.0,cluster_12013799529_12013799530_473195061,1,0,15
6455.0,2496228891,0,2,15
6455.0,cluster_12013799525_12013799526_2496228894,3,2,15
6455.0,cluster_12013799527_12013799528_2190601967,2,2,15
6455.0,cluster_12013799529_12013799530_473195061,1,0,15
6456.0,2496228891,0,2,15
6456.0,cluster_12013799525_12013799526_2496228894,3,2,15
6456.0,cluster_12013799527_12013799528_2190601967,1,2,15
6456.0,cluster_12013799529_12013799530_473195061,1,0,15
6457.0,2496228891,0,2,15
6457.0,cluster_12013799525_12013799526_2496228894,2,2,15
6457.0,cluster_12013799527_12013799528_2190601967,1,2,15
6457.0,cluster_12013799529_12013799530_473195061,0,0,15
6458.0,2496228891,0,2,15
6458.0,cluster_12013799525_12013799526_2496228894,2,2,15
6458.0,cluster_12013799527_12013799528_2190601967,1,2,15
6458.0,cluster_12013799529_12013799530_473195061,0,0,15
6459.0,cluster_12013799525_12013799526_2496228894,2,2,15
6459.0,cluster_12013799527_12013799528_2190601967,1,2,15
6459.0,cluster_12013799529_12013799530_473195061,0,0,15
6460.0,cluster_12013799525_12013799526_2496228894,1,2,15
6460.0,cluster_12013799527_12013799528_2190601967,1,2,15
6460.0,cluster_12013799529_12013799530_473195061,0,0,15
6461.0,cluster_12013799525_12013799526_2496228894,1,2,15
6461.0,cluster_12013799527_12013799528_2190601967,0,2,15
6461.0,cluster_12013799529_12013799530_473195061,0,0,15
6462.0,2496228891,5,0,21
6462.0,cluster_12013799525_12013799526_2496228894,0,2,15
6462.0,cluster_12013799529_12013799530_473195061,0,0,15
6463.0,2496228891,4,0,23
6463.0,cluster_12013799525_12013799526_2496228894,0,2,15
6463.0,cluster_12013799529_12013799530_473195061,0,0,15
6464.0,2496228891,4,0,23
6464.0,cluster_12013799525_12013799526_2496228894,0,2,15
6464.0,cluster_12013799529_12013799530_473195061,0,0,15
6465.0,2496228891,4,0,23
6465.0,cluster_12013799525_12013799526_2496228894,0,2,15
6465.0,cluster_12013799527_12013799528_2190601967,0,0,15
6465.0,cluster_12013799529_12013799530_473195061,0,0,15
6466.0,2496228891,5,0,23
6466.0,cluster_12013799525_12013799526_2496228894,1,2,15
6466.0,cluster_12013799527_12013799528_2190601967,0,0,15
6466.0,cluster_12013799529_12013799530_473195061,0,0,15
6467.0,2496228891,3,0,15
6467.0,cluster_12013799525_12013799526_2496228894,1,2,15
6467.0,cluster_12013799527_12013799528_2190601967,0,0,15
6467.0,cluster_12013799529_12013799530_473195061,0,0,15
6468.0,2496228891,3,0,15
6468.0,cluster_12013799525_12013799526_2496228894,2,2,15
6468.0,cluster_12013799527_12013799528_2190601967,0,0,15
6468.0,cluster_12013799529_12013799530_473195061,0,0,15
6469.0,2496228891,2,0,15
6469.0,cluster_12013799525_12013799526_2496228894,2,2,15
6469.0,cluster_12013799527_12013799528_2190601967,0,0,15
6470.0,2496228891,2,0,15
6470.0,cluster_12013799527_12013799528_2190601967,0,0,15
6471.0,2496228891,2,0,15
6471.0,cluster_12013799527_12013799528_2190601967,0,0,15
6472.0,2496228891,1,0,15
6472.0,cluster_12013799527_12013799528_2190601967,0,0,15
6472.0,cluster_12013799529_12013799530_473195061,3,2,15
6473.0,2496228891,1,0,15
6473.0,cluster_12013799525_12013799526_2496228894,0,0,15
6473.0,cluster_12013799527_12013799528_2190601967,0,0,15
6473.0,cluster_12013799529_12013799530_473195061,2,2,15
6474.0,2496228891,0,0,15
6474.0,cluster_12013799525_12013799526_2496228894,0,0,15
6474.0,cluster_12013799527_12013799528_2190601967,0,0,15
6474.0,cluster_12013799529_12013799530_473195061,2,2,15
6475.0,2496228891,0,0,15
6475.0,cluster_12013799525_12013799526_2496228894,0,0,15
6475.0,cluster_12013799527_12013799528_2190601967,0,0,15
6475.0,cluster_12013799529_12013799530_473195061,2,2,15
6476.0,2496228891,0,0,15
6476.0,cluster_12013799525_12013799526_2496228894,0,0,15
6476.0,cluster_12013799527_12013799528_2190601967,0,0,15
6476.0,cluster_12013799529_12013799530_473195061,2,2,15
6477.0,2496228891,0,0,15
6477.0,cluster_12013799525_12013799526_2496228894,0,0,15
6477.0,cluster_12013799527_12013799528_2190601967,0,0,15
6477.0,cluster_12013799529_12013799530_473195061,1,2,15
6478.0,2496228891,0,0,15
6478.0,cluster_12013799525_12013799526_2496228894,0,0,15
6478.0,cluster_12013799527_12013799528_2190601967,0,0,15
6478.0,cluster_12013799529_12013799530_473195061,1,2,15
6479.0,2496228891,0,0,15
6479.0,cluster_12013799525_12013799526_2496228894,0,0,15
6479.0,cluster_12013799527_12013799528_2190601967,0,0,15
6479.0,cluster_12013799529_12013799530_473195061,0,2,15
6480.0,2496228891,2,0,15
6480.0,cluster_12013799525_12013799526_2496228894,0,0,15
6480.0,cluster_12013799527_12013799528_2190601967,0,0,15
6480.0,cluster_12013799529_12013799530_473195061,0,2,15
6481.0,2496228891,2,0,15
6481.0,cluster_12013799525_12013799526_2496228894,0,0,15
6481.0,cluster_12013799529_12013799530_473195061,0,2,15
6482.0,2496228891,2,0,15
6482.0,cluster_12013799525_12013799526_2496228894,0,0,15
6482.0,cluster_12013799529_12013799530_473195061,0,2,15
6483.0,2496228891,2,0,15
6483.0,cluster_12013799525_12013799526_2496228894,0,0,15
6483.0,cluster_12013799529_12013799530_473195061,0,2,15
6484.0,cluster_12013799525_12013799526_2496228894,0,0,15
6484.0,cluster_12013799527_12013799528_2190601967,1,2,15
6484.0,cluster_12013799529_12013799530_473195061,0,2,15
6485.0,cluster_12013799525_12013799526_2496228894,0,0,15
6485.0,cluster_12013799527_12013799528_2190601967,0,2,15
6485.0,cluster_12013799529_12013799530_473195061,0,2,15
6486.0,cluster_12013799525_12013799526_2496228894,0,0,15
6486.0,cluster_12013799527_12013799528_2190601967,0,2,15
6486.0,cluster_12013799529_12013799530_473195061,0,2,15
6487.0,2496228891,0,2,15
6487.0,cluster_12013799525_12013799526_2496228894,0,0,15
6487.0,cluster_12013799527_12013799528_2190601967,0,2,15
6487.0,cluster_12013799529_12013799530_473195061,0,2,15
6488.0,2496228891,0,2,15
6488.0,cluster_12013799525_12013799526_2496228894,0,0,15
6488.0,cluster_12013799527_12013799528_2190601967,0,2,15
6489.0,2496228891,0,2,15
6489.0,cluster_12013799527_12013799528_2190601967,0,2,15
6490.0,2496228891,0,2,15
6490.0,cluster_12013799527_12013799528_2190601967,0,2,15
6491.0,2496228891,0,2,15
6491.0,cluster_12013799527_12013799528_2190601967,0,2,15
6491.0,cluster_12013799529_12013799530_473195061,0,0,15
6492.0,2496228891,0,2,15
6492.0,cluster_12013799525_12013799526_2496228894,3,2,15
6492.0,cluster_12013799527_12013799528_2190601967,0,2,15
6492.0,cluster_12013799529_12013799530_473195061,0,0,15
6493.0,2496228891,0,2,15
6493.0,cluster_12013799525_12013799526_2496228894,1,2,15
6493.0,cluster_12013799527_12013799528_2190601967,0,2,15
6493.0,cluster_12013799529_12013799530_473195061,0,0,15
6494.0,2496228891,0,2,15
6494.0,cluster_12013799525_12013799526_2496228894,1,2,15
6494.0,cluster_12013799527_12013799528_2190601967,0,2,15
6494.0,cluster_12013799529_12013799530_473195061,0,0,15
6495.0,2496228891,0,2,15
6495.0,cluster_12013799525_12013799526_2496228894,1,2,15
6495.0,cluster_12013799527_12013799528_2190601967,0,2,15
6495.0,cluster_12013799529_12013799530_473195061,0,0,15
6496.0,2496228891,0,2,15
6496.0,cluster_12013799525_12013799526_2496228894,1,2,15
6496.0,cluster_12013799527_12013799528_2190601967,0,2,15
6496.0,cluster_12013799529_12013799530_473195061,0,0,15
6497.0,2496228891,0,2,15
6497.0,cluster_12013799525_12013799526_2496228894,0,2,15
6497.0,cluster_12013799527_12013799528_2190601967,0,2,15
6497.0,cluster_12013799529_12013799530_473195061,0,0,15
6498.0,2496228891,0,2,15
6498.0,cluster_12013799525_12013799526_2496228894,0,2,15
6498.0,cluster_12013799527_12013799528_2190601967,0,2,15
6498.0,cluster_12013799529_12013799530_473195061,0,0,15
6499.0,2496228891,0,2,15
6499.0,cluster_12013799525_12013799526_2496228894,0,2,15
6499.0,cluster_12013799527_12013799528_2190601967,0,2,15
6499.0,cluster_12013799529_12013799530_473195061,0,0,15
6500.0,2496228891,0,2,15
6500.0,cluster_12013799525_12013799526_2496228894,0,2,15
6500.0,cluster_12013799529_12013799530_473195061,0,0,15
6501.0,2496228891,1,2,15
6501.0,cluster_12013799525_12013799526_2496228894,1,2,15
6501.0,cluster_12013799529_12013799530_473195061,1,0,15
6502.0,2496228891,1,2,15
6502.0,cluster_12013799525_12013799526_2496228894,1,2,15
6502.0,cluster_12013799529_12013799530_473195061,1,0,15
6503.0,cluster_12013799525_12013799526_2496228894,1,2,15
6503.0,cluster_12013799527_12013799528_2190601967,1,0,15
6503.0,cluster_12013799529_12013799530_473195061,1,0,15
6504.0,cluster_12013799525_12013799526_2496228894,1,2,15
6504.0,cluster_12013799527_12013799528_2190601967,1,0,15
6504.0,cluster_12013799529_12013799530_473195061,1,0,15
6505.0,cluster_12013799525_12013799526_2496228894,2,2,15
6505.0,cluster_12013799527_12013799528_2190601967,2,0,15
6505.0,cluster_12013799529_12013799530_473195061,2,0,15
6506.0,2496228891,3,0,15
6506.0,cluster_12013799525_12013799526_2496228894,2,2,15
6506.0,cluster_12013799527_12013799528_2190601967,2,0,15
6506.0,cluster_12013799529_12013799530_473195061,2,0,15
6507.0,2496228891,2,0,15
6507.0,cluster_12013799525_12013799526_2496228894,2,2,15
6507.0,cluster_12013799527_12013799528_2190601967,2,0,15
6508.0,2496228891,2,0,15
6508.0,cluster_12013799527_12013799528_2190601967,2,0,15
6509.0,2496228891,3,0,15
6509.0,cluster_12013799527_12013799528_2190601967,3,0,15
6510.0,2496228891,3,0,15
6510.0,cluster_12013799527_12013799528_2190601967,3,0,15
6510.0,cluster_12013799529_12013799530_473195061,3,2,15
6511.0,2496228891,3,0,15
6511.0,cluster_12013799525_12013799526_2496228894,2,0,15
6511.0,cluster_12013799527_12013799528_2190601967,3,0,15
6511.0,cluster_12013799529_12013799530_473195061,3,2,15
6512.0,2496228891,3,0,15
6512.0,cluster_12013799525_12013799526_2496228894,2,0,15
6512.0,cluster_12013799527_12013799528_2190601967,3,0,15
6512.0,cluster_12013799529_12013799530_473195061,3,2,15
6513.0,2496228891,4,0,23
6513.0,cluster_12013799525_12013799526_2496228894,3,0,15
6513.0,cluster_12013799527_12013799528_2190601967,3,0,15
6513.0,cluster_12013799529_12013799530_473195061,3,2,15
6514.0,2496228891,4,0,21
6514.0,cluster_12013799525_12013799526_2496228894,3,0,15
6514.0,cluster_12013799527_12013799528_2190601967,4,0,23
6514.0,cluster_12013799529_12013799530_473195061,4,2,21
6515.0,2496228891,4,0,21
6515.0,cluster_12013799525_12013799526_2496228894,2,0,15
6515.0,cluster_12013799527_12013799528_2190601967,4,0,21
6515.0,cluster_12013799529_12013799530_473195061,4,2,21
6516.0,2496228891,4,0,21
6516.0,cluster_12013799525_12013799526_2496228894,2,0,15
6516.0,cluster_12013799527_12013799528_2190601967,4,0,21
6516.0,cluster_12013799529_12013799530_473195061,4,2,21
6517.0,2496228891,5,0,23
6517.0,cluster_12013799525_12013799526_2496228894,2,0,15
6517.0,cluster_12013799527_12013799528_2190601967,4,0,21
6517.0,cluster_12013799529_12013799530_473195061,4,2,21
6518.0,2496228891,5,0,21
6518.0,cluster_12013799525_12013799526_2496228894,1,0,15
6518.0,cluster_12013799527_12013799528_2190601967,5,0,23
6518.0,cluster_12013799529_12013799530_473195061,5,2,21
6519.0,2496228891,5,0,21
6519.0,cluster_12013799525_12013799526_2496228894,1,0,15
6519.0,cluster_12013799529_12013799530_473195061,5,2,21
6520.0,2496228891,5,0,21
6520.0,cluster_12013799525_12013799526_2496228894,1,0,15
6520.0,cluster_12013799529_12013799530_473195061,5,2,21
6521.0,2496228891,5,0,21
6521.0,cluster_12013799525_12013799526_2496228894,1,0,15
6521.0,cluster_12013799529_12013799530_473195061,5,2,21
6522.0,cluster_12013799525_12013799526_2496228894,1,0,15
6522.0,cluster_12013799527_12013799528_2190601967,5,2,21
6522.0,cluster_12013799529_12013799530_473195061,6,2,23
6523.0,cluster_12013799525_12013799526_2496228894,0,0,15
6523.0,cluster_12013799527_12013799528_2190601967,3,2,15
6523.0,cluster_12013799529_12013799530_473195061,6,2,21
6524.0,cluster_12013799525_12013799526_2496228894,0,0,15
6524.0,cluster_12013799527_12013799528_2190601967,2,2,15
6524.0,cluster_12013799529_12013799530_473195061,6,2,21
6525.0,2496228891,3,2,15
6525.0,cluster_12013799525_12013799526_2496228894,0,0,15
6525.0,cluster_12013799527_12013799528_2190601967,3,2,15
6525.0,cluster_12013799529_12013799530_473195061,6,2,21
6526.0,2496228891,2,2,15
6526.0,cluster_12013799525_12013799526_2496228894,0,0,15
6526.0,cluster_12013799527_12013799528_2190601967,2,2,15
6527.0,2496228891,2,2,15
6527.0,cluster_12013799527_12013799528_2190601967,3,2,15
6528.0,2496228891,2,2,15
6528.0,cluster_12013799527_12013799528_2190601967,3,2,15
6529.0,2496228891,2,2,15
6529.0,cluster_12013799527_12013799528_2190601967,3,2,15
6529.0,cluster_12013799529_12013799530_473195061,5,0,21
6530.0,2496228891,1,2,15
6530.0,cluster_12013799525_12013799526_2496228894,2,2,15
6530.0,cluster_12013799527_12013799528_2190601967,1,2,15
6530.0,cluster_12013799529_12013799530_473195061,4,0,21
6531.0,2496228891,1,2,15
6531.0,cluster_12013799525_12013799526_2496228894,2,2,15
6531.0,cluster_12013799527_12013799528_2190601967,2,2,15
6531.0,cluster_12013799529_12013799530_473195061,4,0,21
6532.0,2496228891,0,2,15
6532.0,cluster_12013799525_12013799526_2496228894,2,2,15
6532.0,cluster_12013799527_12013799528_2190601967,1,2,15
6532.0,cluster_12013799529_12013799530_473195061,4,0,21
6533.0,2496228891,0,2,15
6533.0,cluster_12013799525_12013799526_2496228894,2,2,15
6533.0,cluster_12013799527_12013799528_2190601967,1,2,15
6533.0,cluster_12013799529_12013799530_473195061,3,0,15
6534.0,2496228891,0,2,15
6534.0,cluster_12013799525_12013799526_2496228894,3,2,15
6534.0,cluster_12013799527_12013799528_2190601967,1,2,15
6534.0,cluster_12013799529_12013799530_473195061,3,0,15
6535.0,2496228891,0,2,15
6535.0,cluster_12013799525_12013799526_2496228894,3,2,15
6535.0,cluster_12013799527_12013799528_2190601967,0,2,15
6535.0,cluster_12013799529_12013799530_473195061,3,0,15
6536.0,2496228891,0,2,15
6536.0,cluster_12013799525_12013799526_2496228894,3,2,15
6536.0,cluster_12013799527_12013799528_2190601967,0,2,15
6536.0,cluster_12013799529_12013799530_473195061,2,0,15
6537.0,2496228891,0,2,15
6537.0,cluster_12013799525_12013799526_2496228894,3,2,15
6537.0,cluster_12013799527_12013799528_2190601967,0,2,15
6537.0,cluster_12013799529_12013799530_473195061,2,0,15
6538.0,2496228891,0,2,15
6538.0,cluster_12013799525_12013799526_2496228894,3,2,15
6538.0,cluster_12013799527_12013799528_2190601967,0,2,15
6538.0,cluster_12013799529_12013799530_473195061,2,0,15
6539.0,2496228891,0,2,15
6539.0,cluster_12013799525_12013799526_2496228894,3,2,15
6539.0,cluster_12013799527_12013799528_2190601967,0,2,15
6539.0,cluster_12013799529_12013799530_473195061,1,0,15
6540.0,2496228891,0,2,15
6540.0,cluster_12013799525_12013799526_2496228894,3,2,15
6540.0,cluster_12013799527_12013799528_2190601967,0,2,15
6540.0,cluster_12013799529_12013799530_473195061,1,0,15
6541.0,cluster_12013799525_12013799526_2496228894,2,2,15
6541.0,cluster_12013799527_12013799528_2190601967,0,2,15
6541.0,cluster_12013799529_12013799530_473195061,0,0,15
6542.0,cluster_12013799525_12013799526_2496228894,1,2,15
6542.0,cluster_12013799527_12013799528_2190601967,0,2,15
6542.0,cluster_12013799529_12013799530_473195061,0,0,15
6543.0,cluster_12013799525_12013799526_2496228894,1,2,15
6543.0,cluster_12013799527_12013799528_2190601967,0,2,15
6543.0,cluster_12013799529_12013799530_473195061,0,0,15
6544.0,2496228891,3,0,15
6544.0,cluster_12013799525_12013799526_2496228894,0,2,15
6544.0,cluster_12013799529_12013799530_473195061,0,0,15
6545.0,2496228891,2,0,15
6545.0,cluster_12013799525_12013799526_2496228894,0,2,15
6545.0,cluster_12013799529_12013799530_473195061,0,0,15
6546.0,2496228891,2,0,15
6546.0,cluster_12013799529_12013799530_473195061,0,0,15
6547.0,2496228891,3,0,15
6547.0,cluster_12013799527_12013799528_2190601967,7,0,21
6547.0,cluster_12013799529_12013799530_473195061,0,0,15
6548.0,2496228891,2,0,15
6548.0,cluster_12013799527_12013799528_2190601967,6,0,21
6548.0,cluster_12013799529_12013799530_473195061,0,0,15
6549.0,2496228891,2,0,15
6549.0,cluster_12013799525_12013799526_2496228894,0,0,15
6549.0,cluster_12013799527_12013799528_2190601967,6,0,21
6549.0,cluster_12013799529_12013799530_473195061,0,0,15
6550.0,2496228891,2,0,15
6550.0,cluster_12013799525_12013799526_2496228894,0,0,15
6550.0,cluster_12013799527_12013799528_2190601967,6,0,21
6550.0,cluster_12013799529_12013799530_473195061,0,0,15
6551.0,2496228891,2,0,15
6551.0,cluster_12013799525_12013799526_2496228894,0,0,15
6551.0,cluster_12013799527_12013799528_2190601967,6,0,21
6552.0,2496228891,2,0,15
6552.0,cluster_12013799525_12013799526_2496228894,0,0,15
6552.0,cluster_12013799527_12013799528_2190601967,5,0,21
6553.0,2496228891,2,0,15
6553.0,cluster_12013799525_12013799526_2496228894,0,0,15
6553.0,cluster_12013799527_12013799528_2190601967,5,0,21
6554.0,2496228891,1,0,15
6554.0,cluster_12013799525_12013799526_2496228894,0,0,15
6554.0,cluster_12013799527_12013799528_2190601967,5,0,21
6554.0,cluster_12013799529_12013799530_473195061,7,2,21
6555.0,2496228891,1,0,15
6555.0,cluster_12013799525_12013799526_2496228894,0,0,15
6555.0,cluster_12013799527_12013799528_2190601967,4,0,21
6555.0,cluster_12013799529_12013799530_473195061,6,2,21
6556.0,2496228891,0,0,15
6556.0,cluster_12013799525_12013799526_2496228894,0,0,15
6556.0,cluster_12013799527_12013799528_2190601967,4,0,21
6556.0,cluster_12013799529_12013799530_473195061,6,2,21
6557.0,2496228891,0,0,15
6557.0,cluster_12013799525_12013799526_2496228894,0,0,15
6557.0,cluster_12013799527_12013799528_2190601967,3,0,15
6557.0,cluster_12013799529_12013799530_473195061,6,2,23
6558.0,2496228891,0,0,15
6558.0,cluster_12013799525_12013799526_2496228894,0,0,15
6558.0,cluster_12013799527_12013799528_2190601967,3,0,15
6558.0,cluster_12013799529_12013799530_473195061,5,2,21
6559.0,2496228891,2,0,15
6559.0,cluster_12013799525_12013799526_2496228894,0,0,15
6559.0,cluster_12013799527_12013799528_2190601967,2,0,15
6559.0,cluster_12013799529_12013799530_473195061,4,2,21
6560.0,cluster_12013799525_12013799526_2496228894,0,0,15
6560.0,cluster_12013799527_12013799528_2190601967,2,0,15
6560.0,cluster_12013799529_12013799530_473195061,5,2,23
6561.0,cluster_12013799525_12013799526_2496228894,0,0,15
6561.0,cluster_12013799527_12013799528_2190601967,2,0,15
6561.0,cluster_12013799529_12013799530_473195061,5,2,21
6562.0,cluster_12013799525_12013799526_2496228894,0,0,15
6562.0,cluster_12013799527_12013799528_2190601967,1,0,15
6562.0,cluster_12013799529_12013799530_473195061,5,2,23
6563.0,2496228891,0,2,15
6563.0,cluster_12013799525_12013799526_2496228894,0,0,15
6563.0,cluster_12013799527_12013799528_2190601967,1,0,15
6563.0,cluster_12013799529_12013799530_473195061,5,2,21
6564.0,2496228891,0,2,15
6564.0,cluster_12013799525_12013799526_2496228894,0,0,15
6564.0,cluster_12013799527_12013799528_2190601967,0,0,15
6564.0,cluster_12013799529_12013799530_473195061,3,2,15
6565.0,2496228891,0,2,15
6565.0,cluster_12013799527_12013799528_2190601967,0,0,15
6565.0,cluster_12013799529_12013799530_473195061,4,2,23
6566.0,2496228891,0,2,15
6566.0,cluster_12013799527_12013799528_2190601967,0,0,15
6566.0,cluster_12013799529_12013799530_473195061,3,2,15
6567.0,2496228891,0,2,15
6567.0,cluster_12013799527_12013799528_2190601967,0,0,15
6567.0,cluster_12013799529_12013799530_473195061,4,2,23
6568.0,2496228891,0,2,15
6568.0,cluster_12013799525_12013799526_2496228894,0,2,15
6568.0,cluster_12013799527_12013799528_2190601967,0,0,15
6568.0,cluster_12013799529_12013799530_473195061,4,2,21
6569.0,2496228891,0,2,15
6569.0,cluster_12013799525_12013799526_2496228894,0,2,15
6569.0,cluster_12013799529_12013799530_473195061,3,2,15
6570.0,2496228891,0,2,15
6570.0,cluster_12013799525_12013799526_2496228894,0,2,15
6570.0,cluster_12013799529_12013799530_473195061,3,2,15
6571.0,2496228891,0,2,15
6571.0,cluster_12013799525_12013799526_2496228894,0,2,15
6571.0,cluster_12013799529_12013799530_473195061,3,2,15
6572.0,2496228891,0,2,15
6572.0,cluster_12013799525_12013799526_2496228894,0,2,15
6572.0,cluster_12013799527_12013799528_2190601967,2,2,15
6572.0,cluster_12013799529_12013799530_473195061,2,2,15
6573.0,2496228891,0,2,15
6573.0,cluster_12013799525_12013799526_2496228894,0,2,15
6573.0,cluster_12013799527_12013799528_2190601967,1,2,15
6573.0,cluster_12013799529_12013799530_473195061,2,2,15
6574.0,2496228891,0,2,15
6574.0,cluster_12013799525_12013799526_2496228894,0,2,15
6574.0,cluster_12013799527_12013799528_2190601967,1,2,15
6574.0,cluster_12013799529_12013799530_473195061,2,2,15
6575.0,2496228891,0,2,15
6575.0,cluster_12013799525_12013799526_2496228894,0,2,15
6575.0,cluster_12013799527_12013799528_2190601967,1,2,15
6575.0,cluster_12013799529_12013799530_473195061,2,2,15
6576.0,2496228891,0,2,15
6576.0,cluster_12013799525_12013799526_2496228894,0,2,15
6576.0,cluster_12013799527_12013799528_2190601967,1,2,15
6577.0,2496228891,0,2,15
6577.0,cluster_12013799525_12013799526_2496228894,0,2,15
6577.0,cluster_12013799527_12013799528_2190601967,1,2,15
6578.0,2496228891,0,2,15
6578.0,cluster_12013799525_12013799526_2496228894,0,2,15
6578.0,cluster_12013799527_12013799528_2190601967,1,2,15
6579.0,cluster_12013799525_12013799526_2496228894,0,2,15
6579.0,cluster_12013799527_12013799528_2190601967,1,2,15
6579.0,cluster_12013799529_12013799530_473195061,0,0,15
6580.0,cluster_12013799525_12013799526_2496228894,0,2,15
6580.0,cluster_12013799527_12013799528_2190601967,1,2,15
6580.0,cluster_12013799529_12013799530_473195061,0,0,15
6581.0,cluster_12013799525_12013799526_2496228894,0,2,15
6581.0,cluster_12013799527_12013799528_2190601967,0,2,15
6581.0,cluster_12013799529_12013799530_473195061,0,0,15
6582.0,2496228891,4,0,21
6582.0,cluster_12013799525_12013799526_2496228894,0,2,15
6582.0,cluster_12013799527_12013799528_2190601967,0,2,15
6582.0,cluster_12013799529_12013799530_473195061,0,0,15
6583.0,2496228891,3,0,15
6583.0,cluster_12013799525_12013799526_2496228894,0,2,15
6583.0,cluster_12013799527_12013799528_2190601967,0,2,15
6583.0,cluster_12013799529_12013799530_473195061,0,0,15
6584.0,2496228891,3,0,15
6584.0,cluster_12013799527_12013799528_2190601967,0,2,15
6584.0,cluster_12013799529_12013799530_473195061,0,0,15
6585.0,2496228891,3,0,15
6585.0,cluster_12013799527_12013799528_2190601967,0,2,15
6585.0,cluster_12013799529_12013799530_473195061,0,0,15
6586.0,2496228891,2,0,15
6586.0,cluster_12013799527_12013799528_2190601967,0,2,15
6586.0,cluster_12013799529_12013799530_473195061,0,0,15
6587.0,2496228891,1,0,15
6587.0,cluster_12013799525_12013799526_2496228894,0,0,15
6587.0,cluster_12013799527_12013799528_2190601967,0,2,15
6587.0,cluster_12013799529_12013799530_473195061,0,0,15
6588.0,2496228891,1,0,15
6588.0,cluster_12013799525_12013799526_2496228894,0,0,15
6588.0,cluster_12013799529_12013799530_473195061,0,0,15
6589.0,2496228891,1,0,15
6589.0,cluster_12013799525_12013799526_2496228894,0,0,15
6589.0,cluster_12013799529_12013799530_473195061,0,0,15
6590.0,2496228891,0,0,15
6590.0,cluster_12013799525_12013799526_2496228894,0,0,15
6590.0,cluster_12013799529_12013799530_473195061,0,0,15
6591.0,2496228891,0,0,15
6591.0,cluster_12013799525_12013799526_2496228894,0,0,15
6591.0,cluster_12013799527_12013799528_2190601967,0,0,15
6591.0,cluster_12013799529_12013799530_473195061,0,0,15
6592.0,2496228891,0,0,15
6592.0,cluster_12013799525_12013799526_2496228894,0,0,15
6592.0,cluster_12013799527_12013799528_2190601967,0,0,15
6592.0,cluster_12013799529_12013799530_473195061,0,0,15
6593.0,2496228891,0,0,15
6593.0,cluster_12013799525_12013799526_2496228894,0,0,15
6593.0,cluster_12013799527_12013799528_2190601967,0,0,15
6593.0,cluster_12013799529_12013799530_473195061,0,0,15
6594.0,2496228891,0,0,15
6594.0,cluster_12013799525_12013799526_2496228894,0,0,15
6594.0,cluster_12013799527_12013799528_2190601967,0,0,15
6594.0,cluster_12013799529_12013799530_473195061,0,0,15
6595.0,2496228891,0,0,15
6595.0,cluster_12013799525_12013799526_2496228894,0,0,15
6595.0,cluster_12013799527_12013799528_2190601967,0,0,15
6596.0,2496228891,0,0,15
6596.0,cluster_12013799525_12013799526_2496228894,0,0,15
6596.0,cluster_12013799527_12013799528_2190601967,0,0,15
6597.0,2496228891,0,0,15
6597.0,cluster_12013799525_12013799526_2496228894,0,0,15
6597.0,cluster_12013799527_12013799528_2190601967,0,0,15
6598.0,2496228891,0,0,15
6598.0,cluster_12013799525_12013799526_2496228894,0,0,15
6598.0,cluster_12013799527_12013799528_2190601967,0,0,15
6598.0,cluster_12013799529_12013799530_473195061,1,2,15
6599.0,2496228891,0,0,15
6599.0,cluster_12013799525_12013799526_2496228894,0,0,15
6599.0,cluster_12013799527_12013799528_2190601967,0,0,15
6599.0,cluster_12013799529_12013799530_473195061,0,2,15
6600.0,2496228891,0,0,15
6600.0,cluster_12013799525_12013799526_2496228894,0,0,15
6600.0,cluster_12013799527_12013799528_2190601967,0,0,15
6600.0,cluster_12013799529_12013799530_473195061,0,2,15
6601.0,2496228891,1,0,15
6601.0,cluster_12013799525_12013799526_2496228894,1,0,15
6601.0,cluster_12013799527_12013799528_2190601967,1,0,15
6601.0,cluster_12013799529_12013799530_473195061,1,2,15
6602.0,2496228891,1,0,15
6602.0,cluster_12013799525_12013799526_2496228894,1,0,15
6602.0,cluster_12013799527_12013799528_2190601967,1,0,15
6602.0,cluster_12013799529_12013799530_473195061,1,2,15
6603.0,2496228891,1,0,15
6603.0,cluster_12013799527_12013799528_2190601967,1,0,15
6603.0,cluster_12013799529_12013799530_473195061,1,2,15
6604.0,cluster_12013799527_12013799528_2190601967,1,0,15
6604.0,cluster_12013799529_12013799530_473195061,1,2,15
6605.0,cluster_12013799527_12013799528_2190601967,2,0,15
6605.0,cluster_12013799529_12013799530_473195061,2,2,15
6606.0,cluster_12013799525_12013799526_2496228894,3,2,15
6606.0,cluster_12013799527_12013799528_2190601967,2,0,15
6606.0,cluster_12013799529_12013799530_473195061,2,2,15
6607.0,2496228891,2,2,15
6607.0,cluster_12013799525_12013799526_2496228894,2,2,15
6607.0,cluster_12013799529_12013799530_473195061,2,2,15
6608.0,2496228891,2,2,15
6608.0,cluster_12013799525_12013799526_2496228894,2,2,15
6608.0,cluster_12013799529_12013799530_473195061,2,2,15
6609.0,2496228891,2,2,15
6609.0,cluster_12013799525_12013799526_2496228894,2,2,15
6609.0,cluster_12013799529_12013799530_473195061,3,2,15
6610.0,2496228891,3,2,15
6610.0,cluster_12013799525_12013799526_2496228894,3,2,15
6610.0,cluster_12013799527_12013799528_2190601967,3,2,15
6610.0,cluster_12013799529_12013799530_473195061,3,2,15
6611.0,2496228891,3,2,15
6611.0,cluster_12013799525_12013799526_2496228894,3,2,15
6611.0,cluster_12013799527_12013799528_2190601967,3,2,15
6611.0,cluster_12013799529_12013799530_473195061,3,2,15
6612.0,2496228891,3,2,15
6612.0,cluster_12013799525_12013799526_2496228894,3,2,15
6612.0,cluster_12013799527_12013799528_2190601967,3,2,15
6612.0,cluster_12013799529_12013799530_473195061,3,2,15
6613.0,2496228891,2,2,15
6613.0,cluster_12013799525_12013799526_2496228894,2,2,15
6613.0,cluster_12013799527_12013799528_2190601967,4,2,23
6613.0,cluster_12013799529_12013799530_473195061,4,2,23
6614.0,2496228891,3,2,15
6614.0,cluster_12013799525_12013799526_2496228894,3,2,15
6614.0,cluster_12013799527_12013799528_2190601967,4,2,21
6615.0,2496228891,3,2,15
6615.0,cluster_12013799525_12013799526_2496228894,3,2,15
6615.0,cluster_12013799527_12013799528_2190601967,4,2,21
6616.0,2496228891,3,2,15
6616.0,cluster_12013799525_12013799526_2496228894,3,2,15
6616.0,cluster_12013799527_12013799528_2190601967,4,2,21
6617.0,2496228891,2,2,15
6617.0,cluster_12013799525_12013799526_2496228894,2,2,15
6617.0,cluster_12013799527_12013799528_2190601967,4,2,21
6617.0,cluster_12013799529_12013799530_473195061,5,0,22
6618.0,2496228891,2,2,15
6618.0,cluster_12013799525_12013799526_2496228894,2,2,15
6618.0,cluster_12013799527_12013799528_2190601967,4,2,21
6618.0,cluster_12013799529_12013799530_473195061,4,0,21
6619.0,2496228891,2,2,15
6619.0,cluster_12013799525_12013799526_2496228894,2,2,15
6619.0,cluster_12013799527_12013799528_2190601967,4,2,21
6619.0,cluster_12013799529_12013799530_473195061,4,0,21
6620.0,2496228891,2,2,15
6620.0,cluster_12013799525_12013799526_2496228894,3,2,15
6620.0,cluster_12013799527_12013799528_2190601967,4,2,21
6620.0,cluster_12013799529_12013799530_473195061,4,0,21
6621.0,2496228891,1,2,15
6621.0,cluster_12013799525_12013799526_2496228894,2,2,15
6621.0,cluster_12013799527_12013799528_2190601967,4,2,21
6621.0,cluster_12013799529_12013799530_473195061,4,0,21
6622.0,2496228891,1,2,15
6622.0,cluster_12013799527_12013799528_2190601967,4,2,21
6622.0,cluster_12013799529_12013799530_473195061,4,0,21
6623.0,cluster_12013799527_12013799528_2190601967,4,2,21
6623.0,cluster_12013799529_12013799530_473195061,3,0,15
6624.0,cluster_12013799527_12013799528_2190601967,4,2,21
6624.0,cluster_12013799529_12013799530_473195061,3,0,15
6625.0,cluster_12013799525_12013799526_2496228894,3,0,15
6625.0,cluster_12013799527_12013799528_2190601967,3,2,15
6625.0,cluster_12013799529_12013799530_473195061,3,0,15
6626.0,2496228891,6,0,21
6626.0,cluster_12013799525_12013799526_2496228894,3,0,15
6626.0,cluster_12013799529_12013799530_473195061,3,0,15
6627.0,2496228891,5,0,21
6627.0,cluster_12013799525_12013799526_2496228894,3,0,15
6627.0,cluster_12013799529_12013799530_473195061,2,0,15
6628.0,2496228891,5,0,21
6628.0,cluster_12013799525_12013799526_2496228894,3,0,15
6628.0,cluster_12013799529_12013799530_473195061,2,0,15
6629.0,2496228891,4,0,21
6629.0,cluster_12013799525_12013799526_2496228894,2,0,15
6629.0,cluster_12013799527_12013799528_2190601967,6,0,21
6629.0,cluster_12013799529_12013799530_473195061,2,0,15
6630.0,2496228891,1,0,15
6630.0,cluster_12013799525_12013799526_2496228894,2,0,15
6630.0,cluster_12013799527_12013799528_2190601967,6,0,21
6630.0,cluster_12013799529_12013799530_473195061,1,0,15
6631.0,2496228891,1,0,15
6631.0,cluster_12013799525_12013799526_2496228894,2,0,15
6631.0,cluster_12013799527_12013799528_2190601967,6,0,21
6631.0,cluster_12013799529_12013799530_473195061,1,0,15
6632.0,2496228891,2,0,15
6632.0,cluster_12013799525_12013799526_2496228894,1,0,15
6632.0,cluster_12013799527_12013799528_2190601967,6,0,21
6632.0,cluster_12013799529_12013799530_473195061,1,0,15
6633.0,2496228891,2,0,15
6633.0,cluster_12013799525_12013799526_2496228894,1,0,15
6633.0,cluster_12013799527_12013799528_2190601967,5,0,21
6633.0,cluster_12013799529_12013799530_473195061,1,0,15
6634.0,2496228891,1,0,15
6634.0,cluster_12013799525_12013799526_2496228894,1,0,15
6634.0,cluster_12013799527_12013799528_2190601967,5,0,21
6634.0,cluster_12013799529_12013799530_473195061,0,0,15
6635.0,2496228891,2,0,15
6635.0,cluster_12013799525_12013799526_2496228894,0,0,15
6635.0,cluster_12013799527_12013799528_2190601967,5,0,21
6635.0,cluster_12013799529_12013799530_473195061,0,0,15
6636.0,2496228891,2,0,15
6636.0,cluster_12013799525_12013799526_2496228894,0,0,15
6636.0,cluster_12013799527_12013799528_2190601967,5,0,21
6636.0,cluster_12013799529_12013799530_473195061,0,0,15
6637.0,2496228891,3,0,15
6637.0,cluster_12013799525_12013799526_2496228894,0,0,15
6637.0,cluster_12013799527_12013799528_2190601967,4,0,21
6637.0,cluster_12013799529_12013799530_473195061,0,0,15
6638.0,2496228891,2,0,15
6638.0,cluster_12013799525_12013799526_2496228894,0,0,15
6638.0,cluster_12013799527_12013799528_2190601967,4,0,21
6638.0,cluster_12013799529_12013799530_473195061,0,0,15
6639.0,2496228891,2,0,15
6639.0,cluster_12013799525_12013799526_2496228894,0,0,15
6639.0,cluster_12013799527_12013799528_2190601967,3,0,15
6639.0,cluster_12013799529_12013799530_473195061,0,0,15
6640.0,2496228891,2,0,15
6640.0,cluster_12013799525_12013799526_2496228894,0,0,15
6640.0,cluster_12013799527_12013799528_2190601967,3,0,15
6641.0,2496228891,3,0,15
6641.0,cluster_12013799527_12013799528_2190601967,2,0,15
6642.0,2496228891,2,0,15
6642.0,cluster_12013799527_12013799528_2190601967,2,0,15
6643.0,2496228891,2,0,15
6643.0,cluster_12013799527_12013799528_2190601967,2,0,15
6643.0,cluster_12013799529_12013799530_473195061,5,2,21
6644.0,2496228891,1,0,15
6644.0,cluster_12013799525_12013799526_2496228894,4,2,21
6644.0,cluster_12013799527_12013799528_2190601967,1,0,15
6644.0,cluster_12013799529_12013799530_473195061,5,2,23
6645.0,2496228891,1,0,15
6645.0,cluster_12013799525_12013799526_2496228894,2,2,15
6645.0,cluster_12013799527_12013799528_2190601967,1,0,15
6645.0,cluster_12013799529_12013799530_473195061,5,2,21
6646.0,2496228891,1,0,15
6646.0,cluster_12013799525_12013799526_2496228894,3,2,15
6646.0,cluster_12013799527_12013799528_2190601967,0,0,15
6646.0,cluster_12013799529_12013799530_473195061,5,2,23
6647.0,2496228891,0,0,15
6647.0,cluster_12013799525_12013799526_2496228894,3,2,15
6647.0,cluster_12013799527_12013799528_2190601967,0,0,15
6647.0,cluster_12013799529_12013799530_473195061,4,2,21
6648.0,cluster_12013799525_12013799526_2496228894,4,2,23
6648.0,cluster_12013799527_12013799528_2190601967,0,0,15
6648.0,cluster_12013799529_12013799530_473195061,5,2,23
6649.0,cluster_12013799525_12013799526_2496228894,4,2,21
6649.0,cluster_12013799527_12013799528_2190601967,0,0,15
6649.0,cluster_12013799529_12013799530_473195061,5,2,21
6650.0,cluster_12013799525_12013799526_2496228894,4,2,21
6650.0,cluster_12013799527_12013799528_2190601967,0,0,15
6650.0,cluster_12013799529_12013799530_473195061,5,2,21
6651.0,2496228891,1,2,15
6651.0,cluster_12013799525_12013799526_2496228894,4,2,21
6651.0,cluster_12013799529_12013799530_473195061,5,2,21
6652.0,2496228891,0,2,15
6652.0,cluster_12013799525_12013799526_2496228894,3,2,15
6652.0,cluster_12013799529_12013799530_473195061,4,2,21
6653.0,2496228891,0,2,15
6653.0,cluster_12013799525_12013799526_2496228894,3,2,15
6653.0,cluster_12013799529_12013799530_473195061,4,2,21
6654.0,2496228891,0,2,15
6654.0,cluster_12013799525_12013799526_2496228894,2,2,15
6654.0,cluster_12013799527_12013799528_2190601967,4,2,21
6654.0,cluster_12013799529_12013799530_473195061,2,2,15
6655.0,2496228891,0,2,15
6655.0,cluster_12013799525_12013799526_2496228894,2,2,15
6655.0,cluster_12013799527_12013799528_2190601967,2,2,15
6655.0,cluster_12013799529_12013799530_473195061,2,2,15
6656.0,2496228891,0,2,15
6656.0,cluster_12013799525_12013799526_2496228894,2,2,15
6656.0,cluster_12013799527_12013799528_2190601967,3,2,15
6656.0,cluster_12013799529_12013799530_473195061,1,2,15
6657.0,2496228891,0,2,15
6657.0,cluster_12013799525_12013799526_2496228894,2,2,15
6657.0,cluster_12013799527_12013799528_2190601967,3,2,15
6657.0,cluster_12013799529_12013799530_473195061,1,2,15
6658.0,2496228891,0,2,15
6658.0,cluster_12013799525_12013799526_2496228894,1,2,15
6658.0,cluster_12013799527_12013799528_2190601967,3,2,15
6658.0,cluster_12013799529_12013799530_473195061,1,2,15
6659.0,2496228891,0,2,15
6659.0,cluster_12013799525_12013799526_2496228894,1,2,15
6659.0,cluster_12013799527_12013799528_2190601967,2,2,15
6659.0,cluster_12013799529_12013799530_473195061,1,2,15
6660.0,2496228891,0,2,15
6660.0,cluster_12013799525_12013799526_2496228894,1,2,15
6660.0,cluster_12013799527_12013799528_2190601967,2,2,15
6660.0,cluster_12013799529_12013799530_473195061,1,2,15
6661.0,2496228891,0,2,15
6661.0,cluster_12013799525_12013799526_2496228894,1,2,15
6661.0,cluster_12013799527_12013799528_2190601967,1,2,15
6661.0,cluster_12013799529_12013799530_473195061,2,2,15
6662.0,2496228891,0,2,15
6662.0,cluster_12013799525_12013799526_2496228894,1,2,15
6662.0,cluster_12013799527_12013799528_2190601967,1,2,15
6662.0,cluster_12013799529_12013799530_473195061,2,2,15
6663.0,2496228891,0,2,15
6663.0,cluster_12013799525_12013799526_2496228894,1,2,15
6663.0,cluster_12013799527_12013799528_2190601967,1,2,15
6663.0,cluster_12013799529_12013799530_473195061,2,2,15
6664.0,2496228891,0,2,15
6664.0,cluster_12013799525_12013799526_2496228894,1,2,15
6664.0,cluster_12013799527_12013799528_2190601967,1,2,15
6664.0,cluster_12013799529_12013799530_473195061,3,2,15
6665.0,2496228891,0,2,15
6665.0,cluster_12013799525_12013799526_2496228894,1,2,15
6665.0,cluster_12013799527_12013799528_2190601967,0,2,15
6666.0,2496228891,0,2,15
6666.0,cluster_12013799527_12013799528_2190601967,1,2,15
6667.0,cluster_12013799527_12013799528_2190601967,1,2,15
6668.0,cluster_12013799527_12013799528_2190601967,1,2,15
6668.0,cluster_12013799529_12013799530_473195061,0,0,15
6669.0,cluster_12013799525_12013799526_2496228894,0,0,15
6669.0,cluster_12013799527_12013799528_2190601967,1,2,15
6669.0,cluster_12013799529_12013799530_473195061,0,0,15
6670.0,2496228891,2,0,15
6670.0,cluster_12013799525_12013799526_2496228894,0,0,15
6670.0,cluster_12013799527_12013799528_2190601967,0,2,15
6670.0,cluster_12013799529_12013799530_473195061,0,0,15
6671.0,2496228891,1,0,15
6671.0,cluster_12013799525_12013799526_2496228894,0,0,15
6671.0,cluster_12013799527_12013799528_2190601967,0,2,15
6671.0,cluster_12013799529_12013799530_473195061,0,0,15
6672.0,2496228891,1,0,15
6672.0,cluster_12013799525_12013799526_2496228894,0,0,15
6672.0,cluster_12013799527_12013799528_2190601967,0,2,15
6672.0,cluster_12013799529_12013799530_473195061,0,0,15
6673.0,2496228891,1,0,15
6673.0,cluster_12013799525_12013799526_2496228894,0,0,15
6673.0,cluster_12013799527_12013799528_2190601967,0,2,15
6673.0,cluster_12013799529_12013799530_473195061,0,0,15
6674.0,2496228891,1,0,15
6674.0,cluster_12013799525_12013799526_2496228894,0,0,15
6674.0,cluster_12013799527_12013799528_2190601967,0,2,15
6674.0,cluster_12013799529_12013799530_473195061,0,0,15
6675.0,2496228891,0,0,15
6675.0,cluster_12013799525_12013799526_2496228894,0,0,15
6675.0,cluster_12013799527_12013799528_2190601967,0,2,15
6675.0,cluster_12013799529_12013799530_473195061,0,0,15
6676.0,2496228891,0,0,15
6676.0,cluster_12013799525_12013799526_2496228894,0,0,15
6676.0,cluster_12013799529_12013799530_473195061,0,0,15
6677.0,2496228891,0,0,15
6677.0,cluster_12013799525_12013799526_2496228894,0,0,15
6677.0,cluster_12013799529_12013799530_473195061,0,0,15
6678.0,2496228891,0,0,15
6678.0,cluster_12013799525_12013799526_2496228894,0,0,15
6678.0,cluster_12013799529_12013799530_473195061,0,0,15
6679.0,2496228891,0,0,15
6679.0,cluster_12013799525_12013799526_2496228894,0,0,15
6679.0,cluster_12013799527_12013799528_2190601967,0,0,15
6679.0,cluster_12013799529_12013799530_473195061,0,0,15
6680.0,2496228891,0,0,15
6680.0,cluster_12013799525_12013799526_2496228894,0,0,15
6680.0,cluster_12013799527_12013799528_2190601967,0,0,15
6680.0,cluster_12013799529_12013799530_473195061,0,0,15
6681.0,2496228891,0,0,15
6681.0,cluster_12013799525_12013799526_2496228894,0,0,15
6681.0,cluster_12013799527_12013799528_2190601967,0,0,15
6681.0,cluster_12013799529_12013799530_473195061,0,0,15
6682.0,2496228891,0,0,15
6682.0,cluster_12013799525_12013799526_2496228894,0,0,15
6682.0,cluster_12013799527_12013799528_2190601967,0,0,15
6682.0,cluster_12013799529_12013799530_473195061,0,0,15
6683.0,2496228891,0,0,15
6683.0,cluster_12013799525_12013799526_2496228894,0,0,15
6683.0,cluster_12013799527_12013799528_2190601967,0,0,15
6683.0,cluster_12013799529_12013799530_473195061,0,0,15
6684.0,2496228891,0,0,15
6684.0,cluster_12013799525_12013799526_2496228894,0,0,15
6684.0,cluster_12013799527_12013799528_2190601967,0,0,15
6685.0,2496228891,0,0,15
6685.0,cluster_12013799527_12013799528_2190601967,0,0,15
6686.0,cluster_12013799527_12013799528_2190601967,0,0,15
6687.0,cluster_12013799527_12013799528_2190601967,0,0,15
6687.0,cluster_12013799529_12013799530_473195061,2,2,15
6688.0,cluster_12013799525_12013799526_2496228894,3,2,15
6688.0,cluster_12013799527_12013799528_2190601967,0,0,15
6688.0,cluster_12013799529_12013799530_473195061,1,2,15
6689.0,2496228891,0,2,15
6689.0,cluster_12013799525_12013799526_2496228894,2,2,15
6689.0,cluster_12013799527_12013799528_2190601967,0,0,15
6689.0,cluster_12013799529_12013799530_473195061,1,2,15
6690.0,2496228891,0,2,15
6690.0,cluster_12013799525_12013799526_2496228894,1,2,15
6690.0,cluster_12013799527_12013799528_2190601967,0,0,15
6690.0,cluster_12013799529_12013799530_473195061,1,2,15
6691.0,2496228891,0,2,15
6691.0,cluster_12013799525_12013799526_2496228894,1,2,15
6691.0,cluster_12013799527_12013799528_2190601967,0,0,15
6691.0,cluster_12013799529_12013799530_473195061,0,2,15
6692.0,2496228891,0,2,15
6692.0,cluster_12013799525_12013799526_2496228894,1,2,15
6692.0,cluster_12013799527_12013799528_2190601967,0,0,15
6692.0,cluster_12013799529_12013799530_473195061,0,2,15
6693.0,2496228891,0,2,15
6693.0,cluster_12013799525_12013799526_2496228894,0,2,15
6693.0,cluster_12013799527_12013799528_2190601967,0,0,15
6693.0,cluster_12013799529_12013799530_473195061,0,2,15
6694.0,2496228891,0,2,15
6694.0,cluster_12013799525_12013799526_2496228894,0,2,15
6694.0,cluster_12013799527_12013799528_2190601967,0,0,15
6694.0,cluster_12013799529_12013799530_473195061,0,2,15
6695.0,2496228891,0,2,15
6695.0,cluster_12013799525_12013799526_2496228894,0,2,15
6695.0,cluster_12013799529_12013799530_473195061,0,2,15
6696.0,2496228891,0,2,15
6696.0,cluster_12013799525_12013799526_2496228894,0,2,15
6696.0,cluster_12013799529_12013799530_473195061,0,2,15
6697.0,2496228891,0,2,15
6697.0,cluster_12013799525_12013799526_2496228894,0,2,15
6697.0,cluster_12013799529_12013799530_473195061,0,2,15
6698.0,2496228891,0,2,15
6698.0,cluster_12013799525_12013799526_2496228894,0,2,15
6698.0,cluster_12013799527_12013799528_2190601967,1,2,15
6698.0,cluster_12013799529_12013799530_473195061,0,2,15
6699.0,2496228891,0,2,15
6699.0,cluster_12013799525_12013799526_2496228894,0,2,15
6699.0,cluster_12013799527_12013799528_2190601967,0,2,15
6699.0,cluster_12013799529_12013799530_473195061,0,2,15
6700.0,2496228891,0,2,15
6700.0,cluster_12013799525_12013799526_2496228894,0,2,15
6700.0,cluster_12013799527_12013799528_2190601967,1,2,15
6700.0,cluster_12013799529_12013799530_473195061,0,2,15
6701.0,2496228891,1,2,15
6701.0,cluster_12013799525_12013799526_2496228894,1,2,15
6701.0,cluster_12013799527_12013799528_2190601967,2,2,15
6701.0,cluster_12013799529_12013799530_473195061,1,2,15
6702.0,2496228891,1,2,15
6702.0,cluster_12013799525_12013799526_2496228894,1,2,15
6702.0,cluster_12013799527_12013799528_2190601967,2,2,15
6702.0,cluster_12013799529_12013799530_473195061,1,2,15
6703.0,2496228891,1,2,15
6703.0,cluster_12013799525_12013799526_2496228894,1,2,15
6703.0,cluster_12013799527_12013799528_2190601967,2,2,15
6704.0,2496228891,1,2,15
6704.0,cluster_12013799527_12013799528_2190601967,2,2,15
6705.0,cluster_12013799527_12013799528_2190601967,2,2,15
6706.0,cluster_12013799527_12013799528_2190601967,2,2,15
6706.0,cluster_12013799529_12013799530_473195061,2,0,15
6707.0,cluster_12013799525_12013799526_2496228894,2,0,15
6707.0,cluster_12013799527_12013799528_2190601967,2,2,15
6707.0,cluster_12013799529_12013799530_473195061,2,0,15
6708.0,2496228891,3,0,15
6708.0,cluster_12013799525_12013799526_2496228894,2,0,15
6708.0,cluster_12013799527_12013799528_2190601967,2,2,15
6708.0,cluster_12013799529_12013799530_473195061,2,0,15
6709.0,2496228891,3,0,15
6709.0,cluster_12013799525_12013799526_2496228894,3,0,15
6709.0,cluster_12013799527_12013799528_2190601967,3,2,15
6709.0,cluster_12013799529_12013799530_473195061,3,0,15
6710.0,2496228891,3,0,15
6710.0,cluster_12013799525_12013799526_2496228894,3,0,15
6710.0,cluster_12013799527_12013799528_2190601967,3,2,15
6710.0,cluster_12013799529_12013799530_473195061,3,0,15
6711.0,2496228891,3,0,15
6711.0,cluster_12013799525_12013799526_2496228894,2,0,15
6711.0,cluster_12013799527_12013799528_2190601967,2,2,15
6711.0,cluster_12013799529_12013799530_473195061,3,0,15
6712.0,2496228891,3,0,15
6712.0,cluster_12013799525_12013799526_2496228894,2,0,15
6712.0,cluster_12013799527_12013799528_2190601967,2,2,15
6712.0,cluster_12013799529_12013799530_473195061,3,0,15
6713.0,2496228891,4,0,23
6713.0,cluster_12013799525_12013799526_2496228894,3,0,15
6713.0,cluster_12013799527_12013799528_2190601967,4,2,23
6713.0,cluster_12013799529_12013799530_473195061,4,0,21
6714.0,2496228891,4,0,21
6714.0,cluster_12013799525_12013799526_2496228894,2,0,15
6714.0,cluster_12013799529_12013799530_473195061,4,0,21
6715.0,2496228891,4,0,21
6715.0,cluster_12013799525_12013799526_2496228894,2,0,15
6715.0,cluster_12013799529_12013799530_473195061,4,0,21
6716.0,2496228891,4,0,21
6716.0,cluster_12013799525_12013799526_2496228894,2,0,15
6716.0,cluster_12013799529_12013799530_473195061,4,0,21
6717.0,2496228891,5,0,23
6717.0,cluster_12013799525_12013799526_2496228894,2,0,15
6717.0,cluster_12013799527_12013799528_2190601967,5,0,21
6717.0,cluster_12013799529_12013799530_473195061,5,0,21
6718.0,2496228891,4,0,21
6718.0,cluster_12013799525_12013799526_2496228894,2,0,15
6718.0,cluster_12013799527_12013799528_2190601967,4,0,21
6718.0,cluster_12013799529_12013799530_473195061,4,0,21
6719.0,2496228891,4,0,21
6719.0,cluster_12013799525_12013799526_2496228894,1,0,15
6719.0,cluster_12013799527_12013799528_2190601967,4,0,21
6719.0,cluster_12013799529_12013799530_473195061,4,0,21
6720.0,2496228891,6,0,23
6720.0,cluster_12013799525_12013799526_2496228894,1,0,15
6720.0,cluster_12013799527_12013799528_2190601967,4,0,21
6720.0,cluster_12013799529_12013799530_473195061,4,0,21
6721.0,2496228891,5,0,21
6721.0,cluster_12013799525_12013799526_2496228894,1,0,15
6721.0,cluster_12013799527_12013799528_2190601967,5,0,23
6721.0,cluster_12013799529_12013799530_473195061,3,0,15
6722.0,2496228891,5,0,21
6722.0,cluster_12013799525_12013799526_2496228894,1,0,15
6722.0,cluster_12013799527_12013799528_2190601967,5,0,21
6723.0,2496228891,7,0,23
6723.0,cluster_12013799527_12013799528_2190601967,5,0,21
6724.0,cluster_12013799527_12013799528_2190601967,4,0,21
6725.0,cluster_12013799527_12013799528_2190601967,5,0,23
6725.0,cluster_12013799529_12013799530_473195061,6,2,21
6726.0,cluster_12013799525_12013799526_2496228894,3,2,15
6726.0,cluster_12013799527_12013799528_2190601967,4,0,21
6726.0,cluster_12013799529_12013799530_473195061,5,2,21
6727.0,2496228891,3,2,15
6727.0,cluster_12013799525_12013799526_2496228894,3,2,15
6727.0,cluster_12013799527_12013799528_2190601967,4,0,21
6727.0,cluster_12013799529_12013799530_473195061,5,2,21
6728.0,2496228891,2,2,15
6728.0,cluster_12013799525_12013799526_2496228894,2,2,15
6728.0,cluster_12013799527_12013799528_2190601967,4,0,21
6728.0,cluster_12013799529_12013799530_473195061,6,2,23
6729.0,2496228891,2,2,15
6729.0,cluster_12013799525_12013799526_2496228894,2,2,15
6729.0,cluster_12013799527_12013799528_2190601967,4,0,21
6729.0,cluster_12013799529_12013799530_473195061,6,2,21
6730.0,2496228891,2,2,15
6730.0,cluster_12013799525_12013799526_2496228894,2,2,15
6730.0,cluster_12013799527_12013799528_2190601967,4,0,21
6730.0,cluster_12013799529_12013799530_473195061,6,2,21
6731.0,2496228891,1,2,15
6731.0,cluster_12013799525_12013799526_2496228894,2,2,15
6731.0,cluster_12013799527_12013799528_2190601967,3,0,15
6731.0,cluster_12013799529_12013799530_473195061,5,2,21
6732.0,2496228891,1,2,15
6732.0,cluster_12013799525_12013799526_2496228894,2,2,15
6732.0,cluster_12013799527_12013799528_2190601967,3,0,15
6732.0,cluster_12013799529_12013799530_473195061,5,2,21
6733.0,2496228891,1,2,15
6733.0,cluster_12013799525_12013799526_2496228894,2,2,15
6733.0,cluster_12013799527_12013799528_2190601967,3,0,15
6733.0,cluster_12013799529_12013799530_473195061,6,2,23
6734.0,2496228891,0,2,15
6734.0,cluster_12013799525_12013799526_2496228894,2,2,15
6734.0,cluster_12013799527_12013799528_2190601967,2,0,15
6734.0,cluster_12013799529_12013799530_473195061,5,2,21
6735.0,2496228891,0,2,15
6735.0,cluster_12013799525_12013799526_2496228894,2,2,15
6735.0,cluster_12013799527_12013799528_2190601967,2,0,15
6735.0,cluster_12013799529_12013799530_473195061,5,2,21
6736.0,2496228891,0,2,15
6736.0,cluster_12013799525_12013799526_2496228894,2,2,15
6736.0,cluster_12013799527_12013799528_2190601967,2,0,15
6736.0,cluster_12013799529_12013799530_473195061,6,2,23
6737.0,2496228891,0,2,15
6737.0,cluster_12013799525_12013799526_2496228894,3,2,15
6737.0,cluster_12013799527_12013799528_2190601967,2,0,15
6737.0,cluster_12013799529_12013799530_473195061,4,2,21
6738.0,2496228891,0,2,15
6738.0,cluster_12013799525_12013799526_2496228894,3,2,15
6738.0,cluster_12013799527_12013799528_2190601967,2,0,15
6738.0,cluster_12013799529_12013799530_473195061,4,2,21
6739.0,2496228891,0,2,15
6739.0,cluster_12013799525_12013799526_2496228894,3,2,15
6739.0,cluster_12013799529_12013799530_473195061,3,2,15
6740.0,2496228891,0,2,15
6740.0,cluster_12013799525_12013799526_2496228894,3,2,15
6740.0,cluster_12013799529_12013799530_473195061,3,2,15
6741.0,2496228891,0,2,15
6741.0,cluster_12013799525_12013799526_2496228894,3,2,15
6741.0,cluster_12013799529_12013799530_473195061,4,2,23
6742.0,2496228891,0,2,15
6742.0,cluster_12013799527_12013799528_2190601967,3,2,15
6742.0,cluster_12013799529_12013799530_473195061,4,2,21
6743.0,cluster_12013799527_12013799528_2190601967,2,2,15
6743.0,cluster_12013799529_12013799530_473195061,4,2,21
6744.0,cluster_12013799527_12013799528_2190601967,2,2,15
6744.0,cluster_12013799529_12013799530_473195061,3,2,15
6745.0,cluster_12013799525_12013799526_2496228894,0,0,15
6745.0,cluster_12013799527_12013799528_2190601967,2,2,15
6745.0,cluster_12013799529_12013799530_473195061,3,2,15
6746.0,2496228891,4,0,21
6746.0,cluster_12013799525_12013799526_2496228894,0,0,15
6746.0,cluster_12013799527_12013799528_2190601967,1,2,15
6746.0,cluster_12013799529_12013799530_473195061,3,2,15
6747.0,2496228891,4,0,21
6747.0,cluster_12013799525_12013799526_2496228894,0,0,15
6747.0,cluster_12013799527_12013799528_2190601967,1,2,15
6748.0,2496228891,3,0,15
6748.0,cluster_12013799525_12013799526_2496228894,0,0,15
6748.0,cluster_12013799527_12013799528_2190601967,1,2,15
6749.0,2496228891,4,0,23
6749.0,cluster_12013799525_12013799526_2496228894,0,0,15
6749.0,cluster_12013799527_12013799528_2190601967,0,2,15
6750.0,2496228891,3,0,15
6750.0,cluster_12013799525_12013799526_2496228894,0,0,15
6750.0,cluster_12013799527_12013799528_2190601967,0,2,15
6750.0,cluster_12013799529_12013799530_473195061,3,0,15
6751.0,2496228891,2,0,15
6751.0,cluster_12013799525_12013799526_2496228894,0,0,15
6751.0,cluster_12013799527_12013799528_2190601967,0,2,15
6751.0,cluster_12013799529_12013799530_473195061,2,0,15
6752.0,2496228891,3,0,15
6752.0,cluster_12013799525_12013799526_2496228894,0,0,15
6752.0,cluster_12013799527_12013799528_2190601967,0,2,15
6752.0,cluster_12013799529_12013799530_473195061,2,0,15
6753.0,2496228891,3,0,15
6753.0,cluster_12013799525_12013799526_2496228894,0,0,15
6753.0,cluster_12013799527_12013799528_2190601967,0,2,15
6753.0,cluster_12013799529_12013799530_473195061,2,0,15
6754.0,2496228891,3,0,15
6754.0,cluster_12013799525_12013799526_2496228894,0,0,15
6754.0,cluster_12013799527_12013799528_2190601967,0,2,15
6754.0,cluster_12013799529_12013799530_473195061,1,0,15
6755.0,2496228891,3,0,15
6755.0,cluster_12013799525_12013799526_2496228894,0,0,15
6755.0,cluster_12013799527_12013799528_2190601967,0,2,15
6755.0,cluster_12013799529_12013799530_473195061,1,0,15
6756.0,2496228891,3,0,15
6756.0,cluster_12013799525_12013799526_2496228894,0,0,15
6756.0,cluster_12013799527_12013799528_2190601967,0,2,15
6756.0,cluster_12013799529_12013799530_473195061,1,0,15
6757.0,2496228891,2,0,15
6757.0,cluster_12013799525_12013799526_2496228894,0,0,15
6757.0,cluster_12013799527_12013799528_2190601967,0,2,15
6757.0,cluster_12013799529_12013799530_473195061,0,0,15
6758.0,2496228891,1,0,15
6758.0,cluster_12013799525_12013799526_2496228894,0,0,15
6758.0,cluster_12013799529_12013799530_473195061,0,0,15
6759.0,2496228891,1,0,15
6759.0,cluster_12013799525_12013799526_2496228894,0,0,15
6759.0,cluster_12013799529_12013799530_473195061,0,0,15
6760.0,2496228891,1,0,15
6760.0,cluster_12013799525_12013799526_2496228894,0,0,15
6760.0,cluster_12013799529_12013799530_473195061,0,0,15
6761.0,2496228891,0,0,15
6761.0,cluster_12013799527_12013799528_2190601967,0,0,15
6761.0,cluster_12013799529_12013799530_473195061,0,0,15
6762.0,2496228891,1,0,15
6762.0,cluster_12013799527_12013799528_2190601967,0,0,15
6762.0,cluster_12013799529_12013799530_473195061,0,0,15
6763.0,2496228891,1,0,15
6763.0,cluster_12013799527_12013799528_2190601967,0,0,15
6763.0,cluster_12013799529_12013799530_473195061,0,0,15
6764.0,2496228891,2,0,15
6764.0,cluster_12013799525_12013799526_2496228894,5,2,21
6764.0,cluster_12013799527_12013799528_2190601967,0,0,15
6764.0,cluster_12013799529_12013799530_473195061,0,0,15
6765.0,2496228891,2,0,15
6765.0,cluster_12013799525_12013799526_2496228894,3,2,15
6765.0,cluster_12013799527_12013799528_2190601967,0,0,15
6765.0,cluster_12013799529_12013799530_473195061,0,0,15
6766.0,2496228891,3,0,15
6766.0,cluster_12013799525_12013799526_2496228894,3,2,15
6766.0,cluster_12013799527_12013799528_2190601967,0,0,15
6767.0,2496228891,3,0,15
6767.0,cluster_12013799525_12013799526_2496228894,3,2,15
6767.0,cluster_12013799527_12013799528_2190601967,0,0,15
6768.0,cluster_12013799525_12013799526_2496228894,3,2,15
6768.0,cluster_12013799527_12013799528_2190601967,0,0,15
6769.0,cluster_12013799525_12013799526_2496228894,2,2,15
6769.0,cluster_12013799527_12013799528_2190601967,0,0,15
6769.0,cluster_12013799529_12013799530_473195061,3,2,15
6770.0,cluster_12013799525_12013799526_2496228894,3,2,15
6770.0,cluster_12013799527_12013799528_2190601967,0,0,15
6770.0,cluster_12013799529_12013799530_473195061,2,2,15
6771.0,2496228891,0,2,15
6771.0,cluster_12013799525_12013799526_2496228894,2,2,15
6771.0,cluster_12013799527_12013799528_2190601967,0,0,15
6771.0,cluster_12013799529_12013799530_473195061,2,2,15
6772.0,2496228891,0,2,15
6772.0,cluster_12013799525_12013799526_2496228894,2,2,15
6772.0,cluster_12013799527_12013799528_2190601967,0,0,15
6772.0,cluster_12013799529_12013799530_473195061,2,2,15
6773.0,2496228891,0,2,15
6773.0,cluster_12013799525_12013799526_2496228894,1,2,15
6773.0,cluster_12013799527_12013799528_2190601967,0,0,15
6773.0,cluster_12013799529_12013799530_473195061,2,2,15
6774.0,2496228891,0,2,15
6774.0,cluster_12013799525_12013799526_2496228894,1,2,15
6774.0,cluster_12013799527_12013799528_2190601967,0,0,15
6774.0,cluster_12013799529_12013799530_473195061,1,2,15
6775.0,2496228891,0,2,15
6775.0,cluster_12013799525_12013799526_2496228894,1,2,15
6775.0,cluster_12013799527_12013799528_2190601967,0,0,15
6775.0,cluster_12013799529_12013799530_473195061,1,2,15
6776.0,2496228891,0,2,15
6776.0,cluster_12013799525_12013799526_2496228894,1,2,15
6776.0,cluster_12013799527_12013799528_2190601967,0,0,15
6776.0,cluster_12013799529_12013799530_473195061,1,2,15
6777.0,2496228891,0,2,15
6777.0,cluster_12013799525_12013799526_2496228894,1,2,15
6777.0,cluster_12013799529_12013799530_473195061,0,2,15
6778.0,2496228891,0,2,15
6778.0,cluster_12013799525_12013799526_2496228894,1,2,15
6778.0,cluster_12013799529_12013799530_473195061,0,2,15
6779.0,2496228891,0,2,15
6779.0,cluster_12013799525_12013799526_2496228894,1,2,15
6779.0,cluster_12013799529_12013799530_473195061,0,2,15
6780.0,2496228891,0,2,15
6780.0,cluster_12013799525_12013799526_2496228894,1,2,15
6780.0,cluster_12013799527_12013799528_2190601967,2,2,15
6780.0,cluster_12013799529_12013799530_473195061,0,2,15
6781.0,2496228891,0,2,15
6781.0,cluster_12013799525_12013799526_2496228894,0,2,15
6781.0,cluster_12013799527_12013799528_2190601967,1,2,15
6781.0,cluster_12013799529_12013799530_473195061,0,2,15
6782.0,2496228891,0,2,15
6782.0,cluster_12013799525_12013799526_2496228894,0,2,15
6782.0,cluster_12013799527_12013799528_2190601967,1,2,15
6782.0,cluster_12013799529_12013799530_473195061,0,2,15
6783.0,2496228891,0,2,15
6783.0,cluster_12013799525_12013799526_2496228894,0,2,15
6783.0,cluster_12013799527_12013799528_2190601967,0,2,15
6783.0,cluster_12013799529_12013799530_473195061,0,2,15
6784.0,2496228891,0,2,15
6784.0,cluster_12013799525_12013799526_2496228894,0,2,15
6784.0,cluster_12013799527_12013799528_2190601967,0,2,15
6784.0,cluster_12013799529_12013799530_473195061,0,2,15
6785.0,2496228891,0,2,15
6785.0,cluster_12013799525_12013799526_2496228894,0,2,15
6785.0,cluster_12013799527_12013799528_2190601967,0,2,15
6786.0,2496228891,0,2,15
6786.0,cluster_12013799527_12013799528_2190601967,0,2,15
6787.0,cluster_12013799527_12013799528_2190601967,0,2,15
6788.0,cluster_12013799527_12013799528_2190601967,0,2,15
6788.0,cluster_12013799529_12013799530_473195061,0,0,15
6789.0,cluster_12013799525_12013799526_2496228894,0,0,15
6789.0,cluster_12013799527_12013799528_2190601967,0,2,15
6789.0,cluster_12013799529_12013799530_473195061,0,0,15
6790.0,2496228891,4,0,21
6790.0,cluster_12013799525_12013799526_2496228894,0,0,15
6790.0,cluster_12013799527_12013799528_2190601967,0,2,15
6790.0,cluster_12013799529_12013799530_473195061,0,0,15
6791.0,2496228891,2,0,15
6791.0,cluster_12013799525_12013799526_2496228894,0,0,15
6791.0,cluster_12013799527_12013799528_2190601967,0,2,15
6791.0,cluster_12013799529_12013799530_473195061,0,0,15
6792.0,2496228891,2,0,15
6792.0,cluster_12013799525_12013799526_2496228894,0,0,15
6792.0,cluster_12013799527_12013799528_2190601967,0,2,15
6792.0,cluster_12013799529_12013799530_473195061,0,0,15
6793.0,2496228891,2,0,15
6793.0,cluster_12013799525_12013799526_2496228894,0,0,15
6793.0,cluster_12013799527_12013799528_2190601967,0,2,15
6793.0,cluster_12013799529_12013799530_473195061,0,0,15
6794.0,2496228891,1,0,15
6794.0,cluster_12013799525_12013799526_2496228894,0,0,15
6794.0,cluster_12013799527_12013799528_2190601967,0,2,15
6794.0,cluster_12013799529_12013799530_473195061,0,0,15
6795.0,2496228891,1,0,15
6795.0,cluster_12013799525_12013799526_2496228894,0,0,15
6795.0,cluster_12013799527_12013799528_2190601967,0,2,15
6795.0,cluster_12013799529_12013799530_473195061,0,0,15
6796.0,2496228891,1,0,15
6796.0,cluster_12013799525_12013799526_2496228894,0,0,15
6796.0,cluster_12013799529_12013799530_473195061,0,0,15
6797.0,2496228891,0,0,15
6797.0,cluster_12013799525_12013799526_2496228894,0,0,15
6797.0,cluster_12013799529_12013799530_473195061,0,0,15
6798.0,2496228891,0,0,15
6798.0,cluster_12013799525_12013799526_2496228894,0,0,15
6798.0,cluster_12013799529_12013799530_473195061,0,0,15
6799.0,2496228891,0,0,15
6799.0,cluster_12013799525_12013799526_2496228894,0,0,15
6799.0,cluster_12013799527_12013799528_2190601967,0,0,15
6799.0,cluster_12013799529_12013799530_473195061,0,0,15
6800.0,2496228891,0,0,15
6800.0,cluster_12013799525_12013799526_2496228894,0,0,15
6800.0,cluster_12013799527_12013799528_2190601967,0,0,15
6800.0,cluster_12013799529_12013799530_473195061,0,0,15
6801.0,2496228891,1,0,15
6801.0,cluster_12013799525_12013799526_2496228894,1,0,15
6801.0,cluster_12013799527_12013799528_2190601967,1,0,15
6801.0,cluster_12013799529_12013799530_473195061,1,0,15
6802.0,2496228891,1,0,15
6802.0,cluster_12013799525_12013799526_2496228894,1,0,15
6802.0,cluster_12013799527_12013799528_2190601967,1,0,15
6802.0,cluster_12013799529_12013799530_473195061,1,0,15
6803.0,2496228891,1,0,15
6803.0,cluster_12013799525_12013799526_2496228894,1,0,15
6803.0,cluster_12013799527_12013799528_2190601967,1,0,15
6803.0,cluster_12013799529_12013799530_473195061,1,0,15
6804.0,2496228891,1,0,15
6804.0,cluster_12013799525_12013799526_2496228894,1,0,15
6804.0,cluster_12013799527_12013799528_2190601967,1,0,15
6805.0,2496228891,2,0,15
6805.0,cluster_12013799527_12013799528_2190601967,2,0,15
6806.0,2496228891,2,0,15
6806.0,cluster_12013799527_12013799528_2190601967,2,0,15
6807.0,2496228891,2,0,15
6807.0,cluster_12013799527_12013799528_2190601967,2,0,15
6807.0,cluster_12013799529_12013799530_473195061,2,2,15
6808.0,2496228891,2,0,15
6808.0,cluster_12013799525_12013799526_2496228894,4,2,21
6808.0,cluster_12013799527_12013799528_2190601967,2,0,15
6808.0,cluster_12013799529_12013799530_473195061,2,2,15
6809.0,2496228891,3,0,15
6809.0,cluster_12013799525_12013799526_2496228894,3,2,15
6809.0,cluster_12013799527_12013799528_2190601967,3,0,15
6809.0,cluster_12013799529_12013799530_473195061,3,2,15
6810.0,2496228891,3,0,15
6810.0,cluster_12013799525_12013799526_2496228894,4,2,23
6810.0,cluster_12013799527_12013799528_2190601967,3,0,15
6810.0,cluster_12013799529_12013799530_473195061,3,2,15
6811.0,2496228891,3,0,15
6811.0,cluster_12013799525_12013799526_2496228894,3,2,15
6811.0,cluster_12013799527_12013799528_2190601967,3,0,15
6811.0,cluster_12013799529_12013799530_473195061,3,2,15
6812.0,cluster_12013799525_12013799526_2496228894,3,2,15
6812.0,cluster_12013799527_12013799528_2190601967,3,0,15
6812.0,cluster_12013799529_12013799530_473195061,3,2,15
6813.0,cluster_12013799525_12013799526_2496228894,3,2,15
6813.0,cluster_12013799527_12013799528_2190601967,4,0,23
6813.0,cluster_12013799529_12013799530_473195061,4,2,21
6814.0,cluster_12013799525_12013799526_2496228894,3,2,15
6814.0,cluster_12013799527_12013799528_2190601967,4,0,21
6814.0,cluster_12013799529_12013799530_473195061,4,2,21
6815.0,2496228891,3,2,15
6815.0,cluster_12013799525_12013799526_2496228894,3,2,15
6815.0,cluster_12013799529_12013799530_473195061,4,2,21
6816.0,2496228891,3,2,15
6816.0,cluster_12013799525_12013799526_2496228894,3,2,15
6816.0,cluster_12013799529_12013799530_473195061,4,2,21
6817.0,2496228891,2,2,15
6817.0,cluster_12013799525_12013799526_2496228894,2,2,15
6817.0,cluster_12013799529_12013799530_473195061,5,2,23
6818.0,2496228891,2,2,15
6818.0,cluster_12013799525_12013799526_2496228894,2,2,15
6818.0,cluster_12013799527_12013799528_2190601967,5,2,21
6818.0,cluster_12013799529_12013799530_473195061,5,2,21
6819.0,2496228891,2,2,15
6819.0,cluster_12013799525_12013799526_2496228894,2,2,15
6819.0,cluster_12013799527_12013799528_2190601967,5,2,21
6819.0,cluster_12013799529_12013799530_473195061,5,2,21
6820.0,2496228891,2,2,15
6820.0,cluster_12013799525_12013799526_2496228894,3,2,15
6820.0,cluster_12013799527_12013799528_2190601967,5,2,21
6820.0,cluster_12013799529_12013799530_473195061,5,2,21
6821.0,2496228891,2,2,15
6821.0,cluster_12013799525_12013799526_2496228894,3,2,15
6821.0,cluster_12013799527_12013799528_2190601967,5,2,21
6821.0,cluster_12013799529_12013799530_473195061,6,2,23
6822.0,2496228891,1,2,15
6822.0,cluster_12013799525_12013799526_2496228894,2,2,15
6822.0,cluster_12013799527_12013799528_2190601967,4,2,21
6822.0,cluster_12013799529_12013799530_473195061,6,2,21
6823.0,2496228891,1,2,15
6823.0,cluster_12013799525_12013799526_2496228894,3,2,15
6823.0,cluster_12013799527_12013799528_2190601967,4,2,21
6824.0,2496228891,1,2,15
6824.0,cluster_12013799525_12013799526_2496228894,3,2,15
6824.0,cluster_12013799527_12013799528_2190601967,4,2,21
6825.0,2496228891,1,2,15
6825.0,cluster_12013799525_12013799526_2496228894,3,2,15
6825.0,cluster_12013799527_12013799528_2190601967,4,2,21
6826.0,2496228891,1,2,15
6826.0,cluster_12013799525_12013799526_2496228894,3,2,15
6826.0,cluster_12013799527_12013799528_2190601967,4,2,21
6826.0,cluster_12013799529_12013799530_473195061,5,0,21
6827.0,2496228891,0,2,15
6827.0,cluster_12013799525_12013799526_2496228894,2,2,15
6827.0,cluster_12013799527_12013799528_2190601967,4,2,21
6827.0,cluster_12013799529_12013799530_473195061,4,0,21
6828.0,2496228891,0,2,15
6828.0,cluster_12013799525_12013799526_2496228894,2,2,15
6828.0,cluster_12013799527_12013799528_2190601967,4,2,21
6828.0,cluster_12013799529_12013799530_473195061,4,0,21
6829.0,2496228891,0,2,15
6829.0,cluster_12013799525_12013799526_2496228894,1,2,15
6829.0,cluster_12013799527_12013799528_2190601967,4,2,21
6829.0,cluster_12013799529_12013799530_473195061,4,0,21
6830.0,2496228891,0,2,15
6830.0,cluster_12013799527_12013799528_2190601967,4,2,21
6830.0,cluster_12013799529_12013799530_473195061,3,0,15
6831.0,cluster_12013799527_12013799528_2190601967,4,2,21
6831.0,cluster_12013799529_12013799530_473195061,3,0,15
6832.0,cluster_12013799527_12013799528_2190601967,4,2,21
6832.0,cluster_12013799529_12013799530_473195061,3,0,15
6833.0,cluster_12013799525_12013799526_2496228894,3,0,15
6833.0,cluster_12013799527_12013799528_2190601967,3,2,15
6833.0,cluster_12013799529_12013799530_473195061,3,0,15
6834.0,2496228891,6,0,21
6834.0,cluster_12013799525_12013799526_2496228894,3,0,15
6834.0,cluster_12013799527_12013799528_2190601967,3,2,15
6834.0,cluster_12013799529_12013799530_473195061,2,0,15
6835.0,2496228891,6,0,21
6835.0,cluster_12013799525_12013799526_2496228894,3,0,15
6835.0,cluster_12013799527_12013799528_2190601967,3,2,15
6835.0,cluster_12013799529_12013799530_473195061,2,0,15
6836.0,2496228891,3,0,15
6836.0,cluster_12013799525_12013799526_2496228894,3,0,15
6836.0,cluster_12013799527_12013799528_2190601967,3,2,15
6836.0,cluster_12013799529_12013799530_473195061,1,0,15
6837.0,2496228891,3,0,15
6837.0,cluster_12013799525_12013799526_2496228894,2,0,15
6837.0,cluster_12013799527_12013799528_2190601967,2,2,15
6837.0,cluster_12013799529_12013799530_473195061,1,0,15
6838.0,2496228891,1,0,15
6838.0,cluster_12013799525_12013799526_2496228894,2,0,15
6838.0,cluster_12013799527_12013799528_2190601967,3,2,15
6838.0,cluster_12013799529_12013799530_473195061,0,0,15
6839.0,2496228891,1,0,15
6839.0,cluster_12013799525_12013799526_2496228894,2,0,15
6839.0,cluster_12013799527_12013799528_2190601967,3,2,15
6839.0,cluster_12013799529_12013799530_473195061,0,0,15
6840.0,2496228891,2,0,15
6840.0,cluster_12013799525_12013799526_2496228894,1,0,15
6840.0,cluster_12013799529_12013799530_473195061,0,0,15
6841.0,2496228891,2,0,15
6841.0,cluster_12013799525_12013799526_2496228894,1,0,15
6841.0,cluster_12013799529_12013799530_473195061,0,0,15
6842.0,2496228891,3,0,15
6842.0,cluster_12013799525_12013799526_2496228894,1,0,15
6842.0,cluster_12013799529_12013799530_473195061,0,0,15
6843.0,2496228891,2,0,15
6843.0,cluster_12013799525_12013799526_2496228894,0,0,15
6843.0,cluster_12013799527_12013799528_2190601967,6,0,21
6843.0,cluster_12013799529_12013799530_473195061,0,0,15
6844.0,2496228891,3,0,15
6844.0,cluster_12013799525_12013799526_2496228894,0,0,15
6844.0,cluster_12013799527_12013799528_2190601967,6,0,21
6844.0,cluster_12013799529_12013799530_473195061,0,0,15
6845.0,2496228891,3,0,15
6845.0,cluster_12013799525_12013799526_2496228894,0,0,15
6845.0,cluster_12013799527_12013799528_2190601967,6,0,21
6845.0,cluster_12013799529_12013799530_473195061,0,0,15
6846.0,2496228891,2,0,15
6846.0,cluster_12013799525_12013799526_2496228894,0,0,15
6846.0,cluster_12013799527_12013799528_2190601967,6,0,21
6846.0,cluster_12013799529_12013799530_473195061,0,0,15
6847.0,2496228891,2,0,15
6847.0,cluster_12013799525_12013799526_2496228894,0,0,15
6847.0,cluster_12013799527_12013799528_2190601967,5,0,21
6847.0,cluster_12013799529_12013799530_473195061,0,0,15
6848.0,2496228891,2,0,15
6848.0,cluster_12013799525_12013799526_2496228894,0,0,15
6848.0,cluster_12013799527_12013799528_2190601967,5,0,21
6849.0,2496228891,2,0,15
6849.0,cluster_12013799527_12013799528_2190601967,5,0,21
6850.0,2496228891,1,0,15
6850.0,cluster_12013799527_12013799528_2190601967,4,0,21
6851.0,2496228891,1,0,15
6851.0,cluster_12013799527_12013799528_2190601967,4,0,21
6851.0,cluster_12013799529_12013799530_473195061,5,2,21
6852.0,2496228891,1,0,15
6852.0,cluster_12013799525_12013799526_2496228894,3,2,15
6852.0,cluster_12013799527_12013799528_2190601967,3,0,15
6852.0,cluster_12013799529_12013799530_473195061,4,2,21
6853.0,2496228891,1,0,15
6853.0,cluster_12013799525_12013799526_2496228894,3,2,15
6853.0,cluster_12013799527_12013799528_2190601967,3,0,15
6853.0,cluster_12013799529_12013799530_473195061,5,2,23
6854.0,2496228891,1,0,15
6854.0,cluster_12013799525_12013799526_2496228894,3,2,15
6854.0,cluster_12013799527_12013799528_2190601967,3,0,15
6854.0,cluster_12013799529_12013799530_473195061,5,2,21
6855.0,2496228891,0,0,15
6855.0,cluster_12013799525_12013799526_2496228894,3,2,15
6855.0,cluster_12013799527_12013799528_2190601967,2,0,15
6855.0,cluster_12013799529_12013799530_473195061,5,2,23
6856.0,cluster_12013799525_12013799526_2496228894,3,2,15
6856.0,cluster_12013799527_12013799528_2190601967,2,0,15
6856.0,cluster_12013799529_12013799530_473195061,5,2,21
6857.0,cluster_12013799525_12013799526_2496228894,3,2,15
6857.0,cluster_12013799527_12013799528_2190601967,1,0,15
6857.0,cluster_12013799529_12013799530_473195061,4,2,21
6858.0,cluster_12013799525_12013799526_2496228894,3,2,15
6858.0,cluster_12013799527_12013799528_2190601967,1,0,15
6858.0,cluster_12013799529_12013799530_473195061,5,2,23
6859.0,2496228891,0,2,15
6859.0,cluster_12013799525_12013799526_2496228894,2,2,15
6859.0,cluster_12013799527_12013799528_2190601967,0,0,15
6859.0,cluster_12013799529_12013799530_473195061,3,2,15
6860.0,2496228891,0,2,15
6860.0,cluster_12013799525_12013799526_2496228894,2,2,15
6860.0,cluster_12013799527_12013799528_2190601967,0,0,15
6860.0,cluster_12013799529_12013799530_473195061,4,2,23
6861.0,2496228891,0,2,15
6861.0,cluster_12013799525_12013799526_2496228894,2,2,15
6861.0,cluster_12013799527_12013799528_2190601967,0,0,15
6861.0,cluster_12013799529_12013799530_473195061,4,2,21
6862.0,2496228891,0,2,15
6862.0,cluster_12013799525_12013799526_2496228894,1,2,15
6862.0,cluster_12013799527_12013799528_2190601967,0,0,15
6862.0,cluster_12013799529_12013799530_473195061,5,2,23
6863.0,2496228891,0,2,15
6863.0,cluster_12013799525_12013799526_2496228894,1,2,15
6863.0,cluster_12013799527_12013799528_2190601967,0,0,15
6863.0,cluster_12013799529_12013799530_473195061,5,2,21
6864.0,2496228891,0,2,15
6864.0,cluster_12013799525_12013799526_2496228894,1,2,15
6864.0,cluster_12013799527_12013799528_2190601967,0,0,15
6864.0,cluster_12013799529_12013799530_473195061,4,2,21
6865.0,2496228891,0,2,15
6865.0,cluster_12013799525_12013799526_2496228894,1,2,15
6865.0,cluster_12013799529_12013799530_473195061,4,2,21
6866.0,2496228891,0,2,15
6866.0,cluster_12013799525_12013799526_2496228894,1,2,15
6866.0,cluster_12013799529_12013799530_473195061,3,2,15
6867.0,2496228891,0,2,15
6867.0,cluster_12013799525_12013799526_2496228894,1,2,15
6867.0,cluster_12013799529_12013799530_473195061,3,2,15
6868.0,2496228891,0,2,15
6868.0,cluster_12013799527_12013799528_2190601967,6,2,21
6868.0,cluster_12013799529_12013799530_473195061,3,2,15
6869.0,2496228891,0,2,15
6869.0,cluster_12013799527_12013799528_2190601967,4,2,21
6869.0,cluster_12013799529_12013799530_473195061,2,2,15
6870.0,2496228891,0,2,15
6870.0,cluster_12013799527_12013799528_2190601967,4,2,21
6870.0,cluster_12013799529_12013799530_473195061,2,2,15
6871.0,2496228891,0,2,15
6871.0,cluster_12013799525_12013799526_2496228894,0,0,15
6871.0,cluster_12013799527_12013799528_2190601967,4,2,21
6871.0,cluster_12013799529_12013799530_473195061,1,2,15
6872.0,2496228891,0,2,15
6872.0,cluster_12013799525_12013799526_2496228894,0,0,15
6872.0,cluster_12013799527_12013799528_2190601967,3,2,15
6872.0,cluster_12013799529_12013799530_473195061,0,2,15
6873.0,2496228891,0,2,15
6873.0,cluster_12013799525_12013799526_2496228894,0,0,15
6873.0,cluster_12013799527_12013799528_2190601967,2,2,15
6874.0,2496228891,0,2,15
6874.0,cluster_12013799525_12013799526_2496228894,0,0,15
6874.0,cluster_12013799527_12013799528_2190601967,2,2,15
6875.0,cluster_12013799525_12013799526_2496228894,0,0,15
6875.0,cluster_12013799527_12013799528_2190601967,2,2,15
6876.0,cluster_12013799525_12013799526_2496228894,0,0,15
6876.0,cluster_12013799527_12013799528_2190601967,1,2,15
6876.0,cluster_12013799529_12013799530_473195061,0,0,15
6877.0,cluster_12013799525_12013799526_2496228894,0,0,15
6877.0,cluster_12013799527_12013799528_2190601967,1,2,15
6877.0,cluster_12013799529_12013799530_473195061,0,0,15
6878.0,2496228891,3,0,15
6878.0,cluster_12013799525_12013799526_2496228894,0,0,15
6878.0,cluster_12013799527_12013799528_2190601967,0,2,15
6878.0,cluster_12013799529_12013799530_473195061,0,0,15
6879.0,2496228891,2,0,15
6879.0,cluster_12013799525_12013799526_2496228894,0,0,15
6879.0,cluster_12013799527_12013799528_2190601967,0,2,15
6879.0,cluster_12013799529_12013799530_473195061,0,0,15
6880.0,2496228891,2,0,15
6880.0,cluster_12013799525_12013799526_2496228894,0,0,15
6880.0,cluster_12013799527_12013799528_2190601967,0,2,15
6880.0,cluster_12013799529_12013799530_473195061,0,0,15
6881.0,2496228891,1,0,15
6881.0,cluster_12013799525_12013799526_2496228894,0,0,15
6881.0,cluster_12013799527_12013799528_2190601967,0,2,15
6881.0,cluster_12013799529_12013799530_473195061,0,0,15
6882.0,2496228891,1,0,15
6882.0,cluster_12013799525_12013799526_2496228894,0,0,15
6882.0,cluster_12013799527_12013799528_2190601967,0,2,15
6882.0,cluster_12013799529_12013799530_473195061,0,0,15
6883.0,2496228891,0,0,15
6883.0,cluster_12013799525_12013799526_2496228894,0,0,15
6883.0,cluster_12013799527_12013799528_2190601967,0,2,15
6883.0,cluster_12013799529_12013799530_473195061,0,0,15
6884.0,2496228891,0,0,15
6884.0,cluster_12013799525_12013799526_2496228894,0,0,15
6884.0,cluster_12013799527_12013799528_2190601967,0,2,15
6884.0,cluster_12013799529_12013799530_473195061,0,0,15
6885.0,2496228891,0,0,15
6885.0,cluster_12013799525_12013799526_2496228894,0,0,15
6885.0,cluster_12013799527_12013799528_2190601967,0,2,15
6885.0,cluster_12013799529_12013799530_473195061,0,0,15
6886.0,2496228891,0,0,15
6886.0,cluster_12013799525_12013799526_2496228894,0,0,15
6886.0,cluster_12013799527_12013799528_2190601967,0,2,15
6886.0,cluster_12013799529_12013799530_473195061,0,0,15
6887.0,2496228891,0,0,15
6887.0,cluster_12013799527_12013799528_2190601967,0,2,15
6887.0,cluster_12013799529_12013799530_473195061,0,0,15
6888.0,2496228891,0,0,15
6888.0,cluster_12013799527_12013799528_2190601967,0,2,15
6888.0,cluster_12013799529_12013799530_473195061,0,0,15
6889.0,2496228891,0,0,15
6889.0,cluster_12013799527_12013799528_2190601967,0,2,15
6889.0,cluster_12013799529_12013799530_473195061,0,0,15
6890.0,2496228891,0,0,15
6890.0,cluster_12013799525_12013799526_2496228894,2,2,15
6890.0,cluster_12013799529_12013799530_473195061,0,0,15
6891.0,2496228891,0,0,15
6891.0,cluster_12013799525_12013799526_2496228894,2,2,15
6891.0,cluster_12013799529_12013799530_473195061,0,0,15
6892.0,2496228891,0,0,15
6892.0,cluster_12013799525_12013799526_2496228894,2,2,15
6893.0,2496228891,0,0,15
6893.0,cluster_12013799525_12013799526_2496228894,2,2,15
6893.0,cluster_12013799527_12013799528_2190601967,0,0,15
6894.0,cluster_12013799525_12013799526_2496228894,1,2,15
6894.0,cluster_12013799527_12013799528_2190601967,0,0,15
6895.0,cluster_12013799525_12013799526_2496228894,1,2,15
6895.0,cluster_12013799527_12013799528_2190601967,0,0,15
6895.0,cluster_12013799529_12013799530_473195061,4,2,21
6896.0,cluster_12013799525_12013799526_2496228894,0,2,15
6896.0,cluster_12013799527_12013799528_2190601967,0,0,15
6896.0,cluster_12013799529_12013799530_473195061,2,2,15
6897.0,2496228891,0,2,15
6897.0,cluster_12013799525_12013799526_2496228894,0,2,15
6897.0,cluster_12013799527_12013799528_2190601967,0,0,15
6897.0,cluster_12013799529_12013799530_473195061,2,2,15
6898.0,2496228891,0,2,15
6898.0,cluster_12013799525_12013799526_2496228894,0,2,15
6898.0,cluster_12013799527_12013799528_2190601967,0,0,15
6898.0,cluster_12013799529_12013799530_473195061,2,2,15
6899.0,2496228891,0,2,15
6899.0,cluster_12013799525_12013799526_2496228894,0,2,15
6899.0,cluster_12013799527_12013799528_2190601967,0,0,15
6899.0,cluster_12013799529_12013799530_473195061,2,2,15
6900.0,2496228891,0,2,15
6900.0,cluster_12013799525_12013799526_2496228894,0,2,15
6900.0,cluster_12013799527_12013799528_2190601967,0,0,15
6900.0,cluster_12013799529_12013799530_473195061,0,2,15
6901.0,2496228891,1,2,15
6901.0,cluster_12013799525_12013799526_2496228894,1,2,15
6901.0,cluster_12013799527_12013799528_2190601967,1,0,15
6901.0,cluster_12013799529_12013799530_473195061,1,2,15
6902.0,2496228891,1,2,15
6902.0,cluster_12013799525_12013799526_2496228894,1,2,15
6902.0,cluster_12013799527_12013799528_2190601967,1,0,15
6902.0,cluster_12013799529_12013799530_473195061,1,2,15
6903.0,2496228891,1,2,15
6903.0,cluster_12013799525_12013799526_2496228894,1,2,15
6903.0,cluster_12013799527_12013799528_2190601967,1,0,15
6903.0,cluster_12013799529_12013799530_473195061,1,2,15
6904.0,2496228891,1,2,15
6904.0,cluster_12013799525_12013799526_2496228894,1,2,15
6904.0,cluster_12013799527_12013799528_2190601967,1,0,15
6904.0,cluster_12013799529_12013799530_473195061,1,2,15
6905.0,2496228891,2,2,15
6905.0,cluster_12013799525_12013799526_2496228894,2,2,15
6905.0,cluster_12013799527_12013799528_2190601967,2,0,15
6905.0,cluster_12013799529_12013799530_473195061,2,2,15
6906.0,2496228891,2,2,15
6906.0,cluster_12013799527_12013799528_2190601967,2,0,15
6906.0,cluster_12013799529_12013799530_473195061,2,2,15
6907.0,2496228891,2,2,15
6907.0,cluster_12013799527_12013799528_2190601967,2,0,15
6907.0,cluster_12013799529_12013799530_473195061,2,2,15
6908.0,2496228891,2,2,15
6908.0,cluster_12013799527_12013799528_2190601967,2,0,15
6908.0,cluster_12013799529_12013799530_473195061,2,2,15
6909.0,2496228891,2,2,15
6909.0,cluster_12013799525_12013799526_2496228894,3,0,15
6909.0,cluster_12013799529_12013799530_473195061,3,2,15
6910.0,2496228891,2,2,15
6910.0,cluster_12013799525_12013799526_2496228894,3,0,15
6910.0,cluster_12013799529_12013799530_473195061,3,2,15
6911.0,2496228891,3,2,15
6911.0,cluster_12013799525_12013799526_2496228894,2,0,15
6911.0,cluster_12013799529_12013799530_473195061,3,2,15
6912.0,2496228891,3,2,15
6912.0,cluster_12013799525_12013799526_2496228894,2,0,15
6912.0,cluster_12013799527_12013799528_2190601967,3,2,15
6912.0,cluster_12013799529_12013799530_473195061,3,2,15
6913.0,cluster_12013799525_12013799526_2496228894,3,0,15
6913.0,cluster_12013799527_12013799528_2190601967,4,2,23
6913.0,cluster_12013799529_12013799530_473195061,4,2,23
6914.0,cluster_12013799525_12013799526_2496228894,2,0,15
6914.0,cluster_12013799527_12013799528_2190601967,3,2,15
6914.0,cluster_12013799529_12013799530_473195061,4,2,21
6915.0,cluster_12013799525_12013799526_2496228894,2,0,15
6915.0,cluster_12013799527_12013799528_2190601967,3,2,15
6915.0,cluster_12013799529_12013799530_473195061,4,2,21
6916.0,2496228891,4,0,21
6916.0,cluster_12013799525_12013799526_2496228894,2,0,15
6916.0,cluster_12013799527_12013799528_2190601967,3,2,15
6916.0,cluster_12013799529_12013799530_473195061,4,2,21
6917.0,2496228891,5,0,23
6917.0,cluster_12013799525_12013799526_2496228894,2,0,15
6917.0,cluster_12013799527_12013799528_2190601967,4,2,23
6918.0,2496228891,5,0,21
6918.0,cluster_12013799525_12013799526_2496228894,2,0,15
6918.0,cluster_12013799527_12013799528_2190601967,4,2,21
6919.0,2496228891,5,0,21
6919.0,cluster_12013799525_12013799526_2496228894,1,0,15
6919.0,cluster_12013799527_12013799528_2190601967,2,2,15
6920.0,2496228891,5,0,21
6920.0,cluster_12013799525_12013799526_2496228894,1,0,15
6920.0,cluster_12013799527_12013799528_2190601967,3,2,15
6920.0,cluster_12013799529_12013799530_473195061,5,0,21
6921.0,2496228891,4,0,21
6921.0,cluster_12013799525_12013799526_2496228894,1,0,15
6921.0,cluster_12013799527_12013799528_2190601967,4,2,23
6921.0,cluster_12013799529_12013799530_473195061,4,0,21
6922.0,2496228891,4,0,21
6922.0,cluster_12013799525_12013799526_2496228894,1,0,15
6922.0,cluster_12013799527_12013799528_2190601967,4,2,21
6922.0,cluster_12013799529_12013799530_473195061,4,0,21
6923.0,2496228891,4,0,21
6923.0,cluster_12013799525_12013799526_2496228894,0,0,15
6923.0,cluster_12013799527_12013799528_2190601967,3,2,15
6923.0,cluster_12013799529_12013799530_473195061,4,0,21
6924.0,2496228891,4,0,21
6924.0,cluster_12013799525_12013799526_2496228894,0,0,15
6924.0,cluster_12013799527_12013799528_2190601967,2,2,15
6924.0,cluster_12013799529_12013799530_473195061,4,0,21
6925.0,2496228891,3,0,15
6925.0,cluster_12013799527_12013799528_2190601967,3,2,15
6925.0,cluster_12013799529_12013799530_473195061,3,0,15
6926.0,2496228891,5,0,23
6926.0,cluster_12013799527_12013799528_2190601967,2,2,15
6926.0,cluster_12013799529_12013799530_473195061,3,0,15
6927.0,2496228891,5,0,21
6927.0,cluster_12013799527_12013799528_2190601967,3,2,15
6927.0,cluster_12013799529_12013799530_473195061,3,0,15
6928.0,2496228891,6,0,23
6928.0,cluster_12013799525_12013799526_2496228894,4,2,21
6928.0,cluster_12013799529_12013799530_473195061,2,0,15
6929.0,2496228891,6,0,21
6929.0,cluster_12013799525_12013799526_2496228894,4,2,21
6929.0,cluster_12013799529_12013799530_473195061,2,0,15
6930.0,2496228891,4,0,21
6930.0,cluster_12013799525_12013799526_2496228894,3,2,15
6930.0,cluster_12013799529_12013799530_473195061,2,0,15
6931.0,2496228891,4,0,21
6931.0,cluster_12013799525_12013799526_2496228894,3,2,15
6931.0,cluster_12013799527_12013799528_2190601967,7,0,21
6931.0,cluster_12013799529_12013799530_473195061,2,0,15
6932.0,2496228891,4,0,23
6932.0,cluster_12013799525_12013799526_2496228894,3,2,15
6932.0,cluster_12013799527_12013799528_2190601967,6,0,21
6932.0,cluster_12013799529_12013799530_473195061,1,0,15
6933.0,2496228891,2,0,15
6933.0,cluster_12013799525_12013799526_2496228894,3,2,15
6933.0,cluster_12013799527_12013799528_2190601967,6,0,21
6933.0,cluster_12013799529_12013799530_473195061,1,0,15
6934.0,2496228891,3,0,15
6934.0,cluster_12013799525_12013799526_2496228894,3,2,15
6934.0,cluster_12013799527_12013799528_2190601967,6,0,21
6934.0,cluster_12013799529_12013799530_473195061,1,0,15
6935.0,2496228891,2,0,15
6935.0,cluster_12013799525_12013799526_2496228894,3,2,15
6935.0,cluster_12013799527_12013799528_2190601967,6,0,21
6935.0,cluster_12013799529_12013799530_473195061,0,0,15
6936.0,2496228891,2,0,15
6936.0,cluster_12013799525_12013799526_2496228894,3,2,15
6936.0,cluster_12013799527_12013799528_2190601967,5,0,21
6936.0,cluster_12013799529_12013799530_473195061,0,0,15
6937.0,2496228891,2,0,15
6937.0,cluster_12013799525_12013799526_2496228894,3,2,15
6937.0,cluster_12013799527_12013799528_2190601967,5,0,21
6937.0,cluster_12013799529_12013799530_473195061,0,0,15
6938.0,cluster_12013799525_12013799526_2496228894,3,2,15
6938.0,cluster_12013799527_12013799528_2190601967,5,0,21
6938.0,cluster_12013799529_12013799530_473195061,0,0,15
6939.0,cluster_12013799525_12013799526_2496228894,3,2,15
6939.0,cluster_12013799527_12013799528_2190601967,4,0,21
6939.0,cluster_12013799529_12013799530_473195061,0,0,15
6940.0,cluster_12013799525_12013799526_2496228894,3,2,15
6940.0,cluster_12013799527_12013799528_2190601967,4,0,21
6940.0,cluster_12013799529_12013799530_473195061,0,0,15
6941.0,2496228891,3,2,15
6941.0,cluster_12013799525_12013799526_2496228894,3,2,15
6941.0,cluster_12013799527_12013799528_2190601967,3,0,15
6941.0,cluster_12013799529_12013799530_473195061,0,0,15
6942.0,2496228891,2,2,15
6942.0,cluster_12013799525_12013799526_2496228894,2,2,15
6942.0,cluster_12013799527_12013799528_2190601967,3,0,15
6943.0,2496228891,2,2,15
6943.0,cluster_12013799525_12013799526_2496228894,2,2,15
6943.0,cluster_12013799527_12013799528_2190601967,2,0,15
6944.0,2496228891,2,2,15
6944.0,cluster_12013799525_12013799526_2496228894,2,2,15
6944.0,cluster_12013799527_12013799528_2190601967,2,0,15
6945.0,2496228891,2,2,15
6945.0,cluster_12013799525_12013799526_2496228894,2,2,15
6945.0,cluster_12013799527_12013799528_2190601967,1,0,15
6945.0,cluster_12013799529_12013799530_473195061,5,2,21
6946.0,2496228891,1,2,15
6946.0,cluster_12013799525_12013799526_2496228894,2,2,15
6946.0,cluster_12013799527_12013799528_2190601967,1,0,15
6946.0,cluster_12013799529_12013799530_473195061,5,2,23
6947.0,2496228891,1,2,15
6947.0,cluster_12013799525_12013799526_2496228894,2,2,15
6947.0,cluster_12013799527_12013799528_2190601967,0,0,15
6947.0,cluster_12013799529_12013799530_473195061,4,2,23
6948.0,2496228891,1,2,15
6948.0,cluster_12013799525_12013799526_2496228894,3,2,15
6948.0,cluster_12013799527_12013799528_2190601967,0,0,15
6948.0,cluster_12013799529_12013799530_473195061,5,2,23
6949.0,2496228891,0,2,15
6949.0,cluster_12013799525_12013799526_2496228894,2,2,15
6949.0,cluster_12013799527_12013799528_2190601967,0,0,15
6949.0,cluster_12013799529_12013799530_473195061,4,2,21
6950.0,2496228891,0,2,15
6950.0,cluster_12013799527_12013799528_2190601967,0,0,15
6950.0,cluster_12013799529_12013799530_473195061,5,2,23
6951.0,2496228891,0,2,15
6951.0,cluster_12013799527_12013799528_2190601967,0,0,15
6951.0,cluster_12013799529_12013799530_473195061,5,2,21
6952.0,2496228891,0,2,15
6952.0,cluster_12013799527_12013799528_2190601967,0,0,15
6952.0,cluster_12013799529_12013799530_473195061,5,2,21
6953.0,2496228891,0,2,15
6953.0,cluster_12013799525_12013799526_2496228894,0,0,15
6953.0,cluster_12013799529_12013799530_473195061,5,2,21
6954.0,2496228891,0,2,15
6954.0,cluster_12013799525_12013799526_2496228894,0,0,15
6954.0,cluster_12013799529_12013799530_473195061,4,2,21
6955.0,2496228891,0,2,15
6955.0,cluster_12013799525_12013799526_2496228894,0,0,15
6955.0,cluster_12013799529_12013799530_473195061,4,2,21
6956.0,2496228891,0,2,15
6956.0,cluster_12013799525_12013799526_2496228894,0,0,15
6956.0,cluster_12013799527_12013799528_2190601967,3,2,15
6956.0,cluster_12013799529_12013799530_473195061,3,2,15
6957.0,cluster_12013799525_12013799526_2496228894,0,0,15
6957.0,cluster_12013799527_12013799528_2190601967,1,2,15
6957.0,cluster_12013799529_12013799530_473195061,2,2,15
6958.0,cluster_12013799525_12013799526_2496228894,0,0,15
6958.0,cluster_12013799527_12013799528_2190601967,1,2,15
6958.0,cluster_12013799529_12013799530_473195061,1,2,15
6959.0,cluster_12013799525_12013799526_2496228894,0,0,15
6959.0,cluster_12013799527_12013799528_2190601967,1,2,15
6959.0,cluster_12013799529_12013799530_473195061,1,2,15
6960.0,2496228891,5,0,21
6960.0,cluster_12013799525_12013799526_2496228894,0,0,15
6960.0,cluster_12013799527_12013799528_2190601967,1,2,15
6960.0,cluster_12013799529_12013799530_473195061,1,2,15
6961.0,2496228891,2,0,15
6961.0,cluster_12013799525_12013799526_2496228894,0,0,15
6961.0,cluster_12013799527_12013799528_2190601967,0,2,15
6961.0,cluster_12013799529_12013799530_473195061,1,2,15
6962.0,2496228891,2,0,15
6962.0,cluster_12013799525_12013799526_2496228894,0,0,15
6962.0,cluster_12013799527_12013799528_2190601967,0,2,15
6962.0,cluster_12013799529_12013799530_473195061,1,2,15
6963.0,2496228891,3,0,15
6963.0,cluster_12013799525_12013799526_2496228894,0,0,15
6963.0,cluster_12013799527_12013799528_2190601967,0,2,15
6963.0,cluster_12013799529_12013799530_473195061,1,2,15
6964.0,2496228891,3,0,15
6964.0,cluster_12013799525_12013799526_2496228894,0,0,15
6964.0,cluster_12013799527_12013799528_2190601967,0,2,15
6964.0,cluster_12013799529_12013799530_473195061,2,2,15
6965.0,2496228891,3,0,15
6965.0,cluster_12013799525_12013799526_2496228894,0,0,15
6965.0,cluster_12013799527_12013799528_2190601967,0,2,15
6965.0,cluster_12013799529_12013799530_473195061,2,2,15
6966.0,2496228891,4,0,23
6966.0,cluster_12013799525_12013799526_2496228894,0,0,15
6966.0,cluster_12013799527_12013799528_2190601967,0,2,15
6966.0,cluster_12013799529_12013799530_473195061,2,2,15
6967.0,2496228891,3,0,15
6967.0,cluster_12013799525_12013799526_2496228894,0,0,15
6967.0,cluster_12013799527_12013799528_2190601967,0,2,15
6968.0,2496228891,3,0,15
6968.0,cluster_12013799525_12013799526_2496228894,0,0,15
6968.0,cluster_12013799527_12013799528_2190601967,0,2,15
6969.0,2496228891,3,0,15
6969.0,cluster_12013799527_12013799528_2190601967,0,2,15
6970.0,2496228891,1,0,15
6970.0,cluster_12013799527_12013799528_2190601967,0,2,15
6970.0,cluster_12013799529_12013799530_473195061,0,0,15
6971.0,2496228891,1,0,15
6971.0,cluster_12013799527_12013799528_2190601967,0,2,15
6971.0,cluster_12013799529_12013799530_473195061,0,0,15
6972.0,2496228891,0,0,15
6972.0,cluster_12013799525_12013799526_2496228894,5,2,21
6972.0,cluster_12013799529_12013799530_473195061,0,0,15
6973.0,2496228891,0,0,15
6973.0,cluster_12013799525_12013799526_2496228894,6,2,23
6973.0,cluster_12013799529_12013799530_473195061,0,0,15
6974.0,2496228891,0,0,15
6974.0,cluster_12013799525_12013799526_2496228894,6,2,23
6974.0,cluster_12013799529_12013799530_473195061,0,0,15
6975.0,2496228891,0,0,15
6975.0,cluster_12013799525_12013799526_2496228894,6,2,21
6975.0,cluster_12013799527_12013799528_2190601967,0,0,15
6975.0,cluster_12013799529_12013799530_473195061,0,0,15
6976.0,2496228891,0,0,15
6976.0,cluster_12013799525_12013799526_2496228894,5,2,21
6976.0,cluster_12013799527_12013799528_2190601967,0,0,15
6976.0,cluster_12013799529_12013799530_473195061,0,0,15
6977.0,2496228891,0,0,15
6977.0,cluster_12013799525_12013799526_2496228894,5,2,21
6977.0,cluster_12013799527_12013799528_2190601967,0,0,15
6977.0,cluster_12013799529_12013799530_473195061,0,0,15
6978.0,2496228891,0,0,15
6978.0,cluster_12013799525_12013799526_2496228894,5,2,23
6978.0,cluster_12013799527_12013799528_2190601967,0,0,15
6978.0,cluster_12013799529_12013799530_473195061,0,0,15
6979.0,2496228891,0,0,15
6979.0,cluster_12013799525_12013799526_2496228894,4,2,21
6979.0,cluster_12013799527_12013799528_2190601967,0,0,15
6979.0,cluster_12013799529_12013799530_473195061,0,0,15
6980.0,2496228891,0,0,15
6980.0,cluster_12013799525_12013799526_2496228894,4,2,21
6980.0,cluster_12013799527_12013799528_2190601967,0,0,15
6980.0,cluster_12013799529_12013799530_473195061,0,0,15
6981.0,2496228891,0,0,15
6981.0,cluster_12013799525_12013799526_2496228894,3,2,15
6981.0,cluster_12013799527_12013799528_2190601967,0,0,15
6981.0,cluster_12013799529_12013799530_473195061,0,0,15
6982.0,cluster_12013799525_12013799526_2496228894,3,2,15
6982.0,cluster_12013799527_12013799528_2190601967,0,0,15
6982.0,cluster_12013799529_12013799530_473195061,0,0,15
6983.0,cluster_12013799525_12013799526_2496228894,2,2,15
6983.0,cluster_12013799527_12013799528_2190601967,0,0,15
6983.0,cluster_12013799529_12013799530_473195061,0,0,15
6984.0,cluster_12013799525_12013799526_2496228894,2,2,15
6984.0,cluster_12013799527_12013799528_2190601967,0,0,15
6984.0,cluster_12013799529_12013799530_473195061,0,0,15
6985.0,2496228891,0,2,15
6985.0,cluster_12013799525_12013799526_2496228894,1,2,15
6985.0,cluster_12013799527_12013799528_2190601967,0,0,15
6985.0,cluster_12013799529_12013799530_473195061,0,0,15
6986.0,2496228891,0,2,15
6986.0,cluster_12013799525_12013799526_2496228894,1,2,15
6986.0,cluster_12013799527_12013799528_2190601967,0,0,15
6987.0,2496228891,0,2,15
6987.0,cluster_12013799525_12013799526_2496228894,0,2,15
6987.0,cluster_12013799527_12013799528_2190601967,0,0,15
6988.0,2496228891,0,2,15
6988.0,cluster_12013799525_12013799526_2496228894,0,2,15
6988.0,cluster_12013799527_12013799528_2190601967,0,0,15
6989.0,2496228891,0,2,15
6989.0,cluster_12013799525_12013799526_2496228894,0,2,15
6989.0,cluster_12013799527_12013799528_2190601967,0,0,15
6989.0,cluster_12013799529_12013799530_473195061,2,2,15
6990.0,2496228891,0,2,15
6990.0,cluster_12013799525_12013799526_2496228894,0,2,15
6990.0,cluster_12013799527_12013799528_2190601967,0,0,15
6990.0,cluster_12013799529_12013799530_473195061,1,2,15
6991.0,2496228891,0,2,15
6991.0,cluster_12013799525_12013799526_2496228894,0,2,15
6991.0,cluster_12013799529_12013799530_473195061,1,2,15
6992.0,2496228891,0,2,15
6992.0,cluster_12013799525_12013799526_2496228894,0,2,15
6992.0,cluster_12013799529_12013799530_473195061,1,2,15
6993.0,2496228891,0,2,15
6993.0,cluster_12013799525_12013799526_2496228894,0,2,15
6993.0,cluster_12013799529_12013799530_473195061,0,2,15
6994.0,2496228891,0,2,15
6994.0,cluster_12013799527_12013799528_2190601967,2,2,15
6994.0,cluster_12013799529_12013799530_473195061,0,2,15
6995.0,2496228891,0,2,15
6995.0,cluster_12013799527_12013799528_2190601967,1,2,15
6995.0,cluster_12013799529_12013799530_473195061,0,2,15
6996.0,2496228891,0,2,15
6996.0,cluster_12013799527_12013799528_2190601967,1,2,15
6996.0,cluster_12013799529_12013799530_473195061,0,2,15
6997.0,2496228891,0,2,15
6997.0,cluster_12013799525_12013799526_2496228894,0,0,15
6997.0,cluster_12013799527_12013799528_2190601967,1,2,15
6997.0,cluster_12013799529_12013799530_473195061,0,2,15
6998.0,2496228891,0,2,15
6998.0,cluster_12013799525_12013799526_2496228894,0,0,15
6998.0,cluster_12013799527_12013799528_2190601967,0,2,15
6998.0,cluster_12013799529_12013799530_473195061,0,2,15
6999.0,2496228891,0,2,15
6999.0,cluster_12013799525_12013799526_2496228894,0,0,15
6999.0,cluster_12013799527_12013799528_2190601967,0,2,15
6999.0,cluster_12013799529_12013799530_473195061,1,2,15
7000.0,2496228891,0,2,15
7000.0,cluster_12013799525_12013799526_2496228894,0,0,15
7000.0,cluster_12013799527_12013799528_2190601967,0,2,15
7000.0,cluster_12013799529_12013799530_473195061,1,2,15
7001.0,cluster_12013799525_12013799526_2496228894,1,0,15
7001.0,cluster_12013799527_12013799528_2190601967,1,2,15
7001.0,cluster_12013799529_12013799530_473195061,2,2,15
7002.0,cluster_12013799525_12013799526_2496228894,1,0,15
7002.0,cluster_12013799527_12013799528_2190601967,1,2,15
7002.0,cluster_12013799529_12013799530_473195061,2,2,15
7003.0,cluster_12013799525_12013799526_2496228894,1,0,15
7003.0,cluster_12013799527_12013799528_2190601967,1,2,15
7003.0,cluster_12013799529_12013799530_473195061,2,2,15
7004.0,2496228891,3,0,15
7004.0,cluster_12013799525_12013799526_2496228894,1,0,15
7004.0,cluster_12013799527_12013799528_2190601967,1,2,15
7004.0,cluster_12013799529_12013799530_473195061,2,2,15
7005.0,2496228891,3,0,15
7005.0,cluster_12013799525_12013799526_2496228894,2,0,15
7005.0,cluster_12013799527_12013799528_2190601967,2,2,15
7006.0,2496228891,2,0,15
7006.0,cluster_12013799525_12013799526_2496228894,2,0,15
7006.0,cluster_12013799527_12013799528_2190601967,2,2,15
7007.0,2496228891,2,0,15
7007.0,cluster_12013799525_12013799526_2496228894,2,0,15
7007.0,cluster_12013799527_12013799528_2190601967,2,2,15
7008.0,2496228891,2,0,15
7008.0,cluster_12013799525_12013799526_2496228894,2,0,15
7008.0,cluster_12013799527_12013799528_2190601967,2,2,15
7008.0,cluster_12013799529_12013799530_473195061,2,0,15
7009.0,2496228891,3,0,15
7009.0,cluster_12013799525_12013799526_2496228894,3,0,15
7009.0,cluster_12013799527_12013799528_2190601967,3,2,15
7009.0,cluster_12013799529_12013799530_473195061,3,0,15
7010.0,2496228891,3,0,15
7010.0,cluster_12013799525_12013799526_2496228894,3,0,15
7010.0,cluster_12013799529_12013799530_473195061,3,0,15
7011.0,2496228891,3,0,15
7011.0,cluster_12013799525_12013799526_2496228894,2,0,15
7011.0,cluster_12013799529_12013799530_473195061,3,0,15
7012.0,2496228891,3,0,15
7012.0,cluster_12013799525_12013799526_2496228894,2,0,15
7012.0,cluster_12013799529_12013799530_473195061,3,0,15
7013.0,2496228891,4,0,23
7013.0,cluster_12013799527_12013799528_2190601967,4,0,22
7013.0,cluster_12013799529_12013799530_473195061,4,0,21
7014.0,2496228891,4,0,21
7014.0,cluster_12013799527_12013799528_2190601967,4,0,21
7014.0,cluster_12013799529_12013799530_473195061,4,0,21
7015.0,2496228891,4,0,21
7015.0,cluster_12013799527_12013799528_2190601967,4,0,21
7015.0,cluster_12013799529_12013799530_473195061,4,0,21
7016.0,2496228891,4,0,21
7016.0,cluster_12013799525_12013799526_2496228894,3,2,15
7016.0,cluster_12013799527_12013799528_2190601967,4,0,21
7016.0,cluster_12013799529_12013799530_473195061,4,0,21
7017.0,2496228891,4,0,21
7017.0,cluster_12013799525_12013799526_2496228894,2,2,15
7017.0,cluster_12013799527_12013799528_2190601967,5,0,23
7017.0,cluster_12013799529_12013799530_473195061,4,0,21
7018.0,2496228891,4,0,21
7018.0,cluster_12013799525_12013799526_2496228894,3,2,15
7018.0,cluster_12013799527_12013799528_2190601967,5,0,21
7018.0,cluster_12013799529_12013799530_473195061,4,0,21
7019.0,2496228891,6,0,23
7019.0,cluster_12013799525_12013799526_2496228894,3,2,15
7019.0,cluster_12013799527_12013799528_2190601967,4,0,21
7019.0,cluster_12013799529_12013799530_473195061,4,0,21
7020.0,cluster_12013799525_12013799526_2496228894,3,2,15
7020.0,cluster_12013799527_12013799528_2190601967,4,0,21
7020.0,cluster_12013799529_12013799530_473195061,4,0,21
7021.0,cluster_12013799525_12013799526_2496228894,3,2,15
7021.0,cluster_12013799527_12013799528_2190601967,5,0,23
7021.0,cluster_12013799529_12013799530_473195061,4,0,21
7022.0,cluster_12013799525_12013799526_2496228894,3,2,15
7022.0,cluster_12013799527_12013799528_2190601967,4,0,21
7022.0,cluster_12013799529_12013799530_473195061,4,0,21
7023.0,2496228891,3,2,15
7023.0,cluster_12013799525_12013799526_2496228894,3,2,15
7023.0,cluster_12013799527_12013799528_2190601967,4,0,21
7023.0,cluster_12013799529_12013799530_473195061,3,0,15
7024.0,2496228891,2,2,15
7024.0,cluster_12013799525_12013799526_2496228894,2,2,15
7024.0,cluster_12013799527_12013799528_2190601967,4,0,21
7025.0,2496228891,2,2,15
7025.0,cluster_12013799525_12013799526_2496228894,2,2,15
7025.0,cluster_12013799527_12013799528_2190601967,5,0,23
7026.0,2496228891,2,2,15
7026.0,cluster_12013799525_12013799526_2496228894,2,2,15
7026.0,cluster_12013799527_12013799528_2190601967,4,0,21
7027.0,2496228891,2,2,15
7027.0,cluster_12013799525_12013799526_2496228894,2,2,15
7027.0,cluster_12013799527_12013799528_2190601967,4,0,21
7027.0,cluster_12013799529_12013799530_473195061,6,2,21
7028.0,2496228891,1,2,15
7028.0,cluster_12013799525_12013799526_2496228894,1,2,15
7028.0,cluster_12013799527_12013799528_2190601967,4,0,21
7028.0,cluster_12013799529_12013799530_473195061,6,2,23
7029.0,2496228891,1,2,15
7029.0,cluster_12013799525_12013799526_2496228894,2,2,15
7029.0,cluster_12013799527_12013799528_2190601967,4,0,21
7029.0,cluster_12013799529_12013799530_473195061,6,2,21
7030.0,2496228891,0,2,15
7030.0,cluster_12013799525_12013799526_2496228894,2,2,15
7030.0,cluster_12013799527_12013799528_2190601967,4,0,21
7030.0,cluster_12013799529_12013799530_473195061,6,2,21
7031.0,2496228891,0,2,15
7031.0,cluster_12013799525_12013799526_2496228894,2,2,15
7031.0,cluster_12013799527_12013799528_2190601967,4,0,21
7031.0,cluster_12013799529_12013799530_473195061,6,2,21
7032.0,2496228891,0,2,15
7032.0,cluster_12013799527_12013799528_2190601967,3,0,15
7032.0,cluster_12013799529_12013799530_473195061,5,2,21
7033.0,2496228891,0,2,15
7033.0,cluster_12013799527_12013799528_2190601967,3,0,15
7033.0,cluster_12013799529_12013799530_473195061,5,2,21
7034.0,2496228891,0,2,15
7034.0,cluster_12013799527_12013799528_2190601967,2,0,15
7034.0,cluster_12013799529_12013799530_473195061,4,2,23
7035.0,2496228891,0,2,15
7035.0,cluster_12013799525_12013799526_2496228894,2,0,15
7035.0,cluster_12013799527_12013799528_2190601967,2,0,15
7035.0,cluster_12013799529_12013799530_473195061,4,2,21
7036.0,2496228891,0,2,15
7036.0,cluster_12013799525_12013799526_2496228894,2,0,15
7036.0,cluster_12013799529_12013799530_473195061,5,2,23
7037.0,2496228891,0,2,15
7037.0,cluster_12013799525_12013799526_2496228894,2,0,15
7037.0,cluster_12013799529_12013799530_473195061,5,2,21
7038.0,2496228891,0,2,15
7038.0,cluster_12013799525_12013799526_2496228894,2,0,15
7038.0,cluster_12013799529_12013799530_473195061,4,2,21
7039.0,cluster_12013799525_12013799526_2496228894,1,0,15
7039.0,cluster_12013799527_12013799528_2190601967,2,2,15
7039.0,cluster_12013799529_12013799530_473195061,4,2,21
7040.0,cluster_12013799525_12013799526_2496228894,1,0,15
7040.0,cluster_12013799527_12013799528_2190601967,1,2,15
7040.0,cluster_12013799529_12013799530_473195061,4,2,21
7041.0,cluster_12013799525_12013799526_2496228894,1,0,15
7041.0,cluster_12013799527_12013799528_2190601967,2,2,15
7041.0,cluster_12013799529_12013799530_473195061,4,2,21
7042.0,2496228891,6,0,21
7042.0,cluster_12013799525_12013799526_2496228894,0,0,15
7042.0,cluster_12013799527_12013799528_2190601967,1,2,15
7042.0,cluster_12013799529_12013799530_473195061,4,2,21
7043.0,2496228891,5,0,21
7043.0,cluster_12013799525_12013799526_2496228894,0,0,15
7043.0,cluster_12013799527_12013799528_2190601967,2,2,15
7043.0,cluster_12013799529_12013799530_473195061,5,2,23
7044.0,2496228891,5,0,21
7044.0,cluster_12013799525_12013799526_2496228894,0,0,15
7044.0,cluster_12013799527_12013799528_2190601967,2,2,15
7044.0,cluster_12013799529_12013799530_473195061,5,2,21
7045.0,2496228891,3,0,15
7045.0,cluster_12013799525_12013799526_2496228894,0,0,15
7045.0,cluster_12013799527_12013799528_2190601967,3,2,15
7045.0,cluster_12013799529_12013799530_473195061,5,2,21
7046.0,2496228891,4,0,23
7046.0,cluster_12013799525_12013799526_2496228894,0,0,15
7046.0,cluster_12013799527_12013799528_2190601967,3,2,15
7046.0,cluster_12013799529_12013799530_473195061,4,2,21
7047.0,2496228891,4,0,21
7047.0,cluster_12013799525_12013799526_2496228894,0,0,15
7047.0,cluster_12013799527_12013799528_2190601967,3,2,15
7047.0,cluster_12013799529_12013799530_473195061,4,2,21
7048.0,2496228891,4,0,21
7048.0,cluster_12013799525_12013799526_2496228894,0,0,15
7048.0,cluster_12013799527_12013799528_2190601967,2,2,15
7048.0,cluster_12013799529_12013799530_473195061,3,2,15
7049.0,2496228891,4,0,21
7049.0,cluster_12013799525_12013799526_2496228894,0,0,15
7049.0,cluster_12013799527_12013799528_2190601967,3,2,15
7050.0,2496228891,4,0,21
7050.0,cluster_12013799525_12013799526_2496228894,0,0,15
7050.0,cluster_12013799527_12013799528_2190601967,3,2,15
7051.0,2496228891,4,0,23
7051.0,cluster_12013799527_12013799528_2190601967,2,2,15
7052.0,2496228891,2,0,15
7052.0,cluster_12013799527_12013799528_2190601967,2,2,15
7052.0,cluster_12013799529_12013799530_473195061,2,0,15
7053.0,2496228891,2,0,15
7053.0,cluster_12013799527_12013799528_2190601967,1,2,15
7053.0,cluster_12013799529_12013799530_473195061,2,0,15
7054.0,2496228891,2,0,15
7054.0,cluster_12013799525_12013799526_2496228894,2,2,15
7054.0,cluster_12013799527_12013799528_2190601967,1,2,15
7054.0,cluster_12013799529_12013799530_473195061,2,0,15
7055.0,2496228891,3,0,15
7055.0,cluster_12013799525_12013799526_2496228894,1,2,15
7055.0,cluster_12013799529_12013799530_473195061,2,0,15
7056.0,2496228891,2,0,15
7056.0,cluster_12013799525_12013799526_2496228894,1,2,15
7056.0,cluster_12013799529_12013799530_473195061,1,0,15
7057.0,2496228891,3,0,15
7057.0,cluster_12013799525_12013799526_2496228894,1,2,15
7057.0,cluster_12013799529_12013799530_473195061,1,0,15
7058.0,2496228891,3,0,15
7058.0,cluster_12013799525_12013799526_2496228894,0,2,15
7058.0,cluster_12013799527_12013799528_2190601967,2,0,15
7058.0,cluster_12013799529_12013799530_473195061,1,0,15
7059.0,2496228891,2,0,15
7059.0,cluster_12013799525_12013799526_2496228894,0,2,15
7059.0,cluster_12013799527_12013799528_2190601967,1,0,15
7059.0,cluster_12013799529_12013799530_473195061,0,0,15
7060.0,2496228891,1,0,15
7060.0,cluster_12013799525_12013799526_2496228894,0,2,15
7060.0,cluster_12013799527_12013799528_2190601967,1,0,15
7060.0,cluster_12013799529_12013799530_473195061,0,0,15
7061.0,2496228891,2,0,15
7061.0,cluster_12013799525_12013799526_2496228894,0,2,15
7061.0,cluster_12013799527_12013799528_2190601967,1,0,15
7061.0,cluster_12013799529_12013799530_473195061,0,0,15
7062.0,2496228891,1,0,15
7062.0,cluster_12013799525_12013799526_2496228894,0,2,15
7062.0,cluster_12013799527_12013799528_2190601967,1,0,15
7062.0,cluster_12013799529_12013799530_473195061,0,0,15
7063.0,2496228891,2,0,15
7063.0,cluster_12013799525_12013799526_2496228894,1,2,15
7063.0,cluster_12013799527_12013799528_2190601967,0,0,15
7063.0,cluster_12013799529_12013799530_473195061,0,0,15
7064.0,cluster_12013799525_12013799526_2496228894,1,2,15
7064.0,cluster_12013799527_12013799528_2190601967,0,0,15
7064.0,cluster_12013799529_12013799530_473195061,0,0,15
7065.0,cluster_12013799525_12013799526_2496228894,1,2,15
7065.0,cluster_12013799527_12013799528_2190601967,0,0,15
7065.0,cluster_12013799529_12013799530_473195061,0,0,15
7066.0,cluster_12013799525_12013799526_2496228894,1,2,15
7066.0,cluster_12013799527_12013799528_2190601967,0,0,15
7066.0,cluster_12013799529_12013799530_473195061,0,0,15
7067.0,2496228891,0,2,15
7067.0,cluster_12013799525_12013799526_2496228894,1,2,15
7067.0,cluster_12013799527_12013799528_2190601967,0,0,15
7067.0,cluster_12013799529_12013799530_473195061,0,0,15
7068.0,2496228891,0,2,15
7068.0,cluster_12013799525_12013799526_2496228894,1,2,15
7068.0,cluster_12013799527_12013799528_2190601967,0,0,15
7069.0,2496228891,0,2,15
7069.0,cluster_12013799525_12013799526_2496228894,1,2,15
7069.0,cluster_12013799527_12013799528_2190601967,0,0,15
7070.0,2496228891,0,2,15
7070.0,cluster_12013799527_12013799528_2190601967,0,0,15
7071.0,2496228891,0,2,15
7071.0,cluster_12013799527_12013799528_2190601967,0,0,15
7071.0,cluster_12013799529_12013799530_473195061,4,2,21
7072.0,2496228891,0,2,15
7072.0,cluster_12013799527_12013799528_2190601967,0,0,15
7072.0,cluster_12013799529_12013799530_473195061,2,2,15
7073.0,2496228891,0,2,15
7073.0,cluster_12013799525_12013799526_2496228894,0,0,15
7073.0,cluster_12013799527_12013799528_2190601967,0,0,15
7073.0,cluster_12013799529_12013799530_473195061,2,2,15
7074.0,2496228891,0,2,15
7074.0,cluster_12013799525_12013799526_2496228894,0,0,15
7074.0,cluster_12013799529_12013799530_473195061,2,2,15
7075.0,2496228891,0,2,15
7075.0,cluster_12013799525_12013799526_2496228894,0,0,15
7075.0,cluster_12013799529_12013799530_473195061,1,2,15
7076.0,2496228891,0,2,15
7076.0,cluster_12013799525_12013799526_2496228894,0,0,15
7076.0,cluster_12013799529_12013799530_473195061,1,2,15
7077.0,2496228891,0,2,15
7077.0,cluster_12013799525_12013799526_2496228894,0,0,15
7077.0,cluster_12013799527_12013799528_2190601967,3,2,15
7077.0,cluster_12013799529_12013799530_473195061,1,2,15
7078.0,2496228891,0,2,15
7078.0,cluster_12013799525_12013799526_2496228894,0,0,15
7078.0,cluster_12013799527_12013799528_2190601967,1,2,15
7078.0,cluster_12013799529_12013799530_473195061,0,2,15
7079.0,2496228891,0,2,15
7079.0,cluster_12013799525_12013799526_2496228894,0,0,15
7079.0,cluster_12013799527_12013799528_2190601967,1,2,15
7079.0,cluster_12013799529_12013799530_473195061,0,2,15
7080.0,2496228891,0,2,15
7080.0,cluster_12013799525_12013799526_2496228894,0,0,15
7080.0,cluster_12013799527_12013799528_2190601967,1,2,15
7080.0,cluster_12013799529_12013799530_473195061,0,2,15
7081.0,2496228891,0,2,15
7081.0,cluster_12013799525_12013799526_2496228894,0,0,15
7081.0,cluster_12013799527_12013799528_2190601967,0,2,15
7081.0,cluster_12013799529_12013799530_473195061,0,2,15
7082.0,2496228891,0,2,15
7082.0,cluster_12013799525_12013799526_2496228894,0,0,15
7082.0,cluster_12013799527_12013799528_2190601967,0,2,15
7082.0,cluster_12013799529_12013799530_473195061,1,2,15
7083.0,cluster_12013799525_12013799526_2496228894,0,0,15
7083.0,cluster_12013799527_12013799528_2190601967,0,2,15
7083.0,cluster_12013799529_12013799530_473195061,1,2,15
7084.0,cluster_12013799525_12013799526_2496228894,0,0,15
7084.0,cluster_12013799527_12013799528_2190601967,0,2,15
7084.0,cluster_12013799529_12013799530_473195061,2,2,15
7085.0,cluster_12013799525_12013799526_2496228894,0,0,15
7085.0,cluster_12013799527_12013799528_2190601967,0,2,15
7085.0,cluster_12013799529_12013799530_473195061,2,2,15
7086.0,2496228891,4,0,21
7086.0,cluster_12013799525_12013799526_2496228894,0,0,15
7086.0,cluster_12013799527_12013799528_2190601967,0,2,15
7086.0,cluster_12013799529_12013799530_473195061,2,2,15
7087.0,2496228891,3,0,15
7087.0,cluster_12013799525_12013799526_2496228894,0,0,15
7087.0,cluster_12013799527_12013799528_2190601967,0,2,15
7087.0,cluster_12013799529_12013799530_473195061,2,2,15
7088.0,2496228891,3,0,15
7088.0,cluster_12013799525_12013799526_2496228894,0,0,15
7088.0,cluster_12013799527_12013799528_2190601967,0,2,15
7088.0,cluster_12013799529_12013799530_473195061,2,2,15
7089.0,2496228891,3,0,15
7089.0,cluster_12013799527_12013799528_2190601967,0,2,15
7089.0,cluster_12013799529_12013799530_473195061,2,2,15
7090.0,2496228891,2,0,15
7090.0,cluster_12013799527_12013799528_2190601967,0,2,15
7090.0,cluster_12013799529_12013799530_473195061,2,2,15
7091.0,2496228891,2,0,15
7091.0,cluster_12013799527_12013799528_2190601967,0,2,15
7091.0,cluster_12013799529_12013799530_473195061,2,2,15
7092.0,2496228891,2,0,15
7092.0,cluster_12013799525_12013799526_2496228894,2,2,15
7092.0,cluster_12013799527_12013799528_2190601967,0,2,15
7092.0,cluster_12013799529_12013799530_473195061,2,2,15
7093.0,2496228891,1,0,15
7093.0,cluster_12013799525_12013799526_2496228894,2,2,15
7094.0,2496228891,1,0,15
7094.0,cluster_12013799525_12013799526_2496228894,3,2,15
7095.0,2496228891,0,0,15
7095.0,cluster_12013799525_12013799526_2496228894,3,2,15
7096.0,2496228891,0,0,15
7096.0,cluster_12013799525_12013799526_2496228894,3,2,15
7096.0,cluster_12013799527_12013799528_2190601967,0,0,15
7096.0,cluster_12013799529_12013799530_473195061,0,0,15
7097.0,2496228891,0,0,15
7097.0,cluster_12013799525_12013799526_2496228894,4,2,23
7097.0,cluster_12013799527_12013799528_2190601967,0,0,15
7097.0,cluster_12013799529_12013799530_473195061,0,0,15
7098.0,2496228891,0,0,15
7098.0,cluster_12013799525_12013799526_2496228894,4,2,23
7098.0,cluster_12013799527_12013799528_2190601967,0,0,15
7098.0,cluster_12013799529_12013799530_473195061,0,0,15
7099.0,2496228891,0,0,15
7099.0,cluster_12013799525_12013799526_2496228894,4,2,21
7099.0,cluster_12013799527_12013799528_2190601967,0,0,15
7099.0,cluster_12013799529_12013799530_473195061,0,0,15
7100.0,2496228891,0,0,15
7100.0,cluster_12013799525_12013799526_2496228894,3,2,15
7100.0,cluster_12013799527_12013799528_2190601967,0,0,15
7100.0,cluster_12013799529_12013799530_473195061,0,0,15
7101.0,2496228891,2,0,15
7101.0,cluster_12013799525_12013799526_2496228894,3,2,15
7101.0,cluster_12013799527_12013799528_2190601967,1,0,15
7101.0,cluster_12013799529_12013799530_473195061,1,0,15
7102.0,2496228891,2,0,15
7102.0,cluster_12013799525_12013799526_2496228894,3,2,15
7102.0,cluster_12013799527_12013799528_2190601967,1,0,15
7102.0,cluster_12013799529_12013799530_473195061,1,0,15
7103.0,2496228891,2,0,15
7103.0,cluster_12013799525_12013799526_2496228894,3,2,15
7103.0,cluster_12013799527_12013799528_2190601967,1,0,15
7103.0,cluster_12013799529_12013799530_473195061,1,0,15
7104.0,2496228891,2,0,15
7104.0,cluster_12013799525_12013799526_2496228894,3,2,15
7104.0,cluster_12013799527_12013799528_2190601967,1,0,15
7104.0,cluster_12013799529_12013799530_473195061,1,0,15
7105.0,2496228891,3,0,15
7105.0,cluster_12013799525_12013799526_2496228894,3,2,15
7105.0,cluster_12013799527_12013799528_2190601967,2,0,15
7105.0,cluster_12013799529_12013799530_473195061,2,0,15
7106.0,2496228891,3,0,15
7106.0,cluster_12013799525_12013799526_2496228894,3,2,15
7106.0,cluster_12013799527_12013799528_2190601967,2,0,15
7106.0,cluster_12013799529_12013799530_473195061,2,0,15
7107.0,2496228891,2,0,15
7107.0,cluster_12013799525_12013799526_2496228894,3,2,15
7107.0,cluster_12013799527_12013799528_2190601967,2,0,15
7107.0,cluster_12013799529_12013799530_473195061,2,0,15
7108.0,cluster_12013799527_12013799528_2190601967,2,0,15
7108.0,cluster_12013799529_12013799530_473195061,2,0,15
7109.0,cluster_12013799527_12013799528_2190601967,3,0,15
7109.0,cluster_12013799529_12013799530_473195061,3,0,15
7110.0,cluster_12013799527_12013799528_2190601967,3,0,15
7110.0,cluster_12013799529_12013799530_473195061,3,0,15
7111.0,2496228891,3,2,15
7111.0,cluster_12013799525_12013799526_2496228894,2,0,15
7111.0,cluster_12013799527_12013799528_2190601967,3,0,15
7111.0,cluster_12013799529_12013799530_473195061,3,0,15
7112.0,2496228891,3,2,15
7112.0,cluster_12013799525_12013799526_2496228894,2,0,15
7113.0,2496228891,2,2,15
7113.0,cluster_12013799525_12013799526_2496228894,3,0,15
7114.0,2496228891,3,2,15
7114.0,cluster_12013799525_12013799526_2496228894,2,0,15
7115.0,2496228891,3,2,15
7115.0,cluster_12013799525_12013799526_2496228894,2,0,15
7115.0,cluster_12013799527_12013799528_2190601967,3,2,15
7115.0,cluster_12013799529_12013799530_473195061,5,2,21
7116.0,2496228891,3,2,15
7116.0,cluster_12013799525_12013799526_2496228894,2,0,15
7116.0,cluster_12013799527_12013799528_2190601967,3,2,15
7116.0,cluster_12013799529_12013799530_473195061,4,2,21
7117.0,2496228891,2,2,15
7117.0,cluster_12013799525_12013799526_2496228894,2,0,15
7117.0,cluster_12013799527_12013799528_2190601967,4,2,23
7117.0,cluster_12013799529_12013799530_473195061,5,2,23
7118.0,2496228891,2,2,15
7118.0,cluster_12013799525_12013799526_2496228894,2,0,15
7118.0,cluster_12013799527_12013799528_2190601967,4,2,21
7118.0,cluster_12013799529_12013799530_473195061,5,2,21
7119.0,2496228891,2,2,15
7119.0,cluster_12013799525_12013799526_2496228894,1,0,15
7119.0,cluster_12013799527_12013799528_2190601967,3,2,15
7119.0,cluster_12013799529_12013799530_473195061,5,2,21
7120.0,2496228891,2,2,15
7120.0,cluster_12013799525_12013799526_2496228894,1,0,15
7120.0,cluster_12013799527_12013799528_2190601967,3,2,15
7120.0,cluster_12013799529_12013799530_473195061,5,2,21
7121.0,2496228891,2,2,15
7121.0,cluster_12013799525_12013799526_2496228894,1,0,15
7121.0,cluster_12013799527_12013799528_2190601967,4,2,23
7121.0,cluster_12013799529_12013799530_473195061,6,2,23
7122.0,2496228891,2,2,15
7122.0,cluster_12013799525_12013799526_2496228894,0,0,15
7122.0,cluster_12013799527_12013799528_2190601967,3,2,15
7122.0,cluster_12013799529_12013799530_473195061,6,2,21
7123.0,2496228891,1,2,15
7123.0,cluster_12013799525_12013799526_2496228894,0,0,15
7123.0,cluster_12013799527_12013799528_2190601967,3,2,15
7123.0,cluster_12013799529_12013799530_473195061,6,2,21
7124.0,2496228891,1,2,15
7124.0,cluster_12013799525_12013799526_2496228894,0,0,15
7124.0,cluster_12013799527_12013799528_2190601967,3,2,15
7124.0,cluster_12013799529_12013799530_473195061,6,2,21
7125.0,2496228891,1,2,15
7125.0,cluster_12013799525_12013799526_2496228894,0,0,15
7125.0,cluster_12013799527_12013799528_2190601967,3,2,15
7125.0,cluster_12013799529_12013799530_473195061,7,2,23
7126.0,2496228891,1,2,15
7126.0,cluster_12013799525_12013799526_2496228894,0,0,15
7126.0,cluster_12013799527_12013799528_2190601967,3,2,15
7126.0,cluster_12013799529_12013799530_473195061,7,2,21
7127.0,cluster_12013799527_12013799528_2190601967,3,2,15
7127.0,cluster_12013799529_12013799530_473195061,8,2,24
7128.0,cluster_12013799527_12013799528_2190601967,2,2,15
7128.0,cluster_12013799529_12013799530_473195061,8,2,21
7129.0,cluster_12013799527_12013799528_2190601967,2,2,15
7129.0,cluster_12013799529_12013799530_473195061,8,2,21
7130.0,2496228891,5,0,21
7130.0,cluster_12013799525_12013799526_2496228894,2,2,15
7130.0,cluster_12013799527_12013799528_2190601967,1,2,15
7130.0,cluster_12013799529_12013799530_473195061,8,2,21
7131.0,2496228891,5,0,21
7131.0,cluster_12013799525_12013799526_2496228894,2,2,15
7131.0,cluster_12013799529_12013799530_473195061,8,2,21
7132.0,2496228891,5,0,21
7132.0,cluster_12013799525_12013799526_2496228894,2,2,15
7132.0,cluster_12013799529_12013799530_473195061,9,2,25
7133.0,2496228891,5,0,21
7133.0,cluster_12013799525_12013799526_2496228894,2,2,15
7133.0,cluster_12013799529_12013799530_473195061,9,2,22
7134.0,2496228891,5,0,21
7134.0,cluster_12013799525_12013799526_2496228894,2,2,15
7134.0,cluster_12013799527_12013799528_2190601967,7,0,21
7134.0,cluster_12013799529_12013799530_473195061,9,2,22
7135.0,2496228891,5,0,21
7135.0,cluster_12013799525_12013799526_2496228894,2,2,15
7135.0,cluster_12013799527_12013799528_2190601967,6,0,21
7135.0,cluster_12013799529_12013799530_473195061,8,2,21
7136.0,2496228891,5,0,21
7136.0,cluster_12013799525_12013799526_2496228894,2,2,15
7136.0,cluster_12013799527_12013799528_2190601967,6,0,21
7136.0,cluster_12013799529_12013799530_473195061,8,2,21
7137.0,2496228891,5,0,21
7137.0,cluster_12013799525_12013799526_2496228894,1,2,15
7137.0,cluster_12013799527_12013799528_2190601967,6,0,21
7138.0,2496228891,5,0,21
7138.0,cluster_12013799525_12013799526_2496228894,1,2,15
7138.0,cluster_12013799527_12013799528_2190601967,6,0,21
7139.0,2496228891,5,0,21
7139.0,cluster_12013799525_12013799526_2496228894,1,2,15
7139.0,cluster_12013799527_12013799528_2190601967,5,0,21
7140.0,2496228891,5,0,21
7140.0,cluster_12013799525_12013799526_2496228894,0,2,15
7140.0,cluster_12013799527_12013799528_2190601967,5,0,21
7140.0,cluster_12013799529_12013799530_473195061,5,0,21
7141.0,2496228891,4,0,21
7141.0,cluster_12013799525_12013799526_2496228894,0,2,15
7141.0,cluster_12013799527_12013799528_2190601967,4,0,21
7141.0,cluster_12013799529_12013799530_473195061,4,0,21
7142.0,2496228891,4,0,21
7142.0,cluster_12013799525_12013799526_2496228894,0,2,15
7142.0,cluster_12013799527_12013799528_2190601967,4,0,21
7142.0,cluster_12013799529_12013799530_473195061,4,0,21
7143.0,2496228891,4,0,21
7143.0,cluster_12013799525_12013799526_2496228894,0,2,15
7143.0,cluster_12013799527_12013799528_2190601967,4,0,21
7143.0,cluster_12013799529_12013799530_473195061,4,0,21
7144.0,2496228891,3,0,15
7144.0,cluster_12013799525_12013799526_2496228894,0,2,15
7144.0,cluster_12013799527_12013799528_2190601967,3,0,15
7144.0,cluster_12013799529_12013799530_473195061,3,0,15
7145.0,2496228891,5,0,23
7145.0,cluster_12013799525_12013799526_2496228894,0,2,15
7145.0,cluster_12013799527_12013799528_2190601967,3,0,15
7145.0,cluster_12013799529_12013799530_473195061,3,0,15
7146.0,2496228891,5,0,21
7146.0,cluster_12013799527_12013799528_2190601967,2,0,15
7146.0,cluster_12013799529_12013799530_473195061,3,0,15
7147.0,2496228891,4,0,21
7147.0,cluster_12013799527_12013799528_2190601967,2,0,15
7147.0,cluster_12013799529_12013799530_473195061,2,0,15
7148.0,2496228891,6,0,23
7148.0,cluster_12013799527_12013799528_2190601967,1,0,15
7148.0,cluster_12013799529_12013799530_473195061,2,0,15
7149.0,2496228891,6,0,21
7149.0,cluster_12013799525_12013799526_2496228894,0,0,15
7149.0,cluster_12013799527_12013799528_2190601967,1,0,15
7149.0,cluster_12013799529_12013799530_473195061,2,0,15
7150.0,2496228891,3,0,15
7150.0,cluster_12013799525_12013799526_2496228894,0,0,15
7150.0,cluster_12013799527_12013799528_2190601967,0,0,15
7150.0,cluster_12013799529_12013799530_473195061,1,0,15
7151.0,2496228891,4,0,23
7151.0,cluster_12013799525_12013799526_2496228894,0,0,15
7151.0,cluster_12013799527_12013799528_2190601967,0,0,15
7151.0,cluster_12013799529_12013799530_473195061,1,0,15
7152.0,cluster_12013799525_12013799526_2496228894,0,0,15
7152.0,cluster_12013799527_12013799528_2190601967,0,0,15
7152.0,cluster_12013799529_12013799530_473195061,0,0,15
7153.0,cluster_12013799525_12013799526_2496228894,0,0,15
7153.0,cluster_12013799527_12013799528_2190601967,0,0,15
7153.0,cluster_12013799529_12013799530_473195061,0,0,15
7154.0,cluster_12013799525_12013799526_2496228894,0,0,15
7154.0,cluster_12013799527_12013799528_2190601967,0,0,15
7154.0,cluster_12013799529_12013799530_473195061,0,0,15
7155.0,2496228891,0,2,15
7155.0,cluster_12013799525_12013799526_2496228894,0,0,15
7155.0,cluster_12013799527_12013799528_2190601967,0,0,15
7155.0,cluster_12013799529_12013799530_473195061,0,0,15
7156.0,2496228891,0,2,15
7156.0,cluster_12013799525_12013799526_2496228894,0,0,15
7156.0,cluster_12013799529_12013799530_473195061,0,0,15
7157.0,2496228891,0,2,15
7157.0,cluster_12013799525_12013799526_2496228894,0,0,15
7157.0,cluster_12013799529_12013799530_473195061,0,0,15
7158.0,2496228891,0,2,15
7158.0,cluster_12013799525_12013799526_2496228894,0,0,15
7158.0,cluster_12013799529_12013799530_473195061,0,0,15
7159.0,2496228891,0,2,15
7159.0,cluster_12013799525_12013799526_2496228894,0,0,15
7159.0,cluster_12013799527_12013799528_2190601967,4,2,21
7159.0,cluster_12013799529_12013799530_473195061,0,0,15
7160.0,2496228891,0,2,15
7160.0,cluster_12013799525_12013799526_2496228894,0,0,15
7160.0,cluster_12013799527_12013799528_2190601967,2,2,15
7160.0,cluster_12013799529_12013799530_473195061,0,0,15
7161.0,2496228891,0,2,15
7161.0,cluster_12013799525_12013799526_2496228894,0,0,15
7161.0,cluster_12013799527_12013799528_2190601967,2,2,15
7161.0,cluster_12013799529_12013799530_473195061,0,0,15
7162.0,2496228891,0,2,15
7162.0,cluster_12013799525_12013799526_2496228894,0,0,15
7162.0,cluster_12013799527_12013799528_2190601967,2,2,15
7163.0,2496228891,0,2,15
7163.0,cluster_12013799525_12013799526_2496228894,0,0,15
7163.0,cluster_12013799527_12013799528_2190601967,0,2,15
7164.0,2496228891,0,2,15
7164.0,cluster_12013799525_12013799526_2496228894,0,0,15
7164.0,cluster_12013799527_12013799528_2190601967,0,2,15
7165.0,2496228891,0,2,15
7165.0,cluster_12013799527_12013799528_2190601967,0,2,15
7165.0,cluster_12013799529_12013799530_473195061,8,2,21
7166.0,2496228891,0,2,15
7166.0,cluster_12013799527_12013799528_2190601967,0,2,15
7166.0,cluster_12013799529_12013799530_473195061,7,2,21
7167.0,2496228891,0,2,15
7167.0,cluster_12013799527_12013799528_2190601967,0,2,15
7167.0,cluster_12013799529_12013799530_473195061,7,2,21
7168.0,2496228891,0,2,15
7168.0,cluster_12013799525_12013799526_2496228894,0,2,15
7168.0,cluster_12013799527_12013799528_2190601967,0,2,15
7168.0,cluster_12013799529_12013799530_473195061,7,2,21
7169.0,2496228891,0,2,15
7169.0,cluster_12013799525_12013799526_2496228894,0,2,15
7169.0,cluster_12013799527_12013799528_2190601967,0,2,15
7169.0,cluster_12013799529_12013799530_473195061,5,2,21
7170.0,2496228891,0,2,15
7170.0,cluster_12013799525_12013799526_2496228894,0,2,15
7170.0,cluster_12013799527_12013799528_2190601967,0,2,15
7170.0,cluster_12013799529_12013799530_473195061,5,2,21
7171.0,cluster_12013799525_12013799526_2496228894,0,2,15
7171.0,cluster_12013799527_12013799528_2190601967,0,2,15
7171.0,cluster_12013799529_12013799530_473195061,5,2,21
7172.0,cluster_12013799525_12013799526_2496228894,0,2,15
7172.0,cluster_12013799527_12013799528_2190601967,0,2,15
7172.0,cluster_12013799529_12013799530_473195061,4,2,21
7173.0,cluster_12013799525_12013799526_2496228894,0,2,15
7173.0,cluster_12013799527_12013799528_2190601967,0,2,15
7173.0,cluster_12013799529_12013799530_473195061,4,2,21
7174.0,2496228891,6,0,21
7174.0,cluster_12013799525_12013799526_2496228894,0,2,15
7174.0,cluster_12013799527_12013799528_2190601967,0,2,15
7174.0,cluster_12013799529_12013799530_473195061,4,2,23
7175.0,2496228891,5,0,23
7175.0,cluster_12013799525_12013799526_2496228894,0,2,15
7175.0,cluster_12013799527_12013799528_2190601967,0,2,15
7175.0,cluster_12013799529_12013799530_473195061,3,2,15
7176.0,2496228891,5,0,23
7176.0,cluster_12013799525_12013799526_2496228894,0,2,15
7176.0,cluster_12013799527_12013799528_2190601967,0,2,15
7176.0,cluster_12013799529_12013799530_473195061,3,2,15
7177.0,2496228891,3,0,15
7177.0,cluster_12013799525_12013799526_2496228894,0,2,15
7177.0,cluster_12013799527_12013799528_2190601967,0,2,15
7177.0,cluster_12013799529_12013799530_473195061,2,2,15
7178.0,2496228891,3,0,15
7178.0,cluster_12013799525_12013799526_2496228894,1,2,15
7178.0,cluster_12013799527_12013799528_2190601967,0,2,15
7178.0,cluster_12013799529_12013799530_473195061,2,2,15
7179.0,2496228891,3,0,15
7179.0,cluster_12013799525_12013799526_2496228894,1,2,15
7179.0,cluster_12013799527_12013799528_2190601967,0,2,15
7179.0,cluster_12013799529_12013799530_473195061,2,2,15
7180.0,2496228891,2,0,15
7180.0,cluster_12013799525_12013799526_2496228894,1,2,15
7180.0,cluster_12013799527_12013799528_2190601967,0,2,15
7180.0,cluster_12013799529_12013799530_473195061,1,2,15
7181.0,2496228891,3,0,15
7181.0,cluster_12013799525_12013799526_2496228894,2,2,15
7181.0,cluster_12013799529_12013799530_473195061,0,2,15
7182.0,2496228891,2,0,15
7182.0,cluster_12013799525_12013799526_2496228894,2,2,15
7182.0,cluster_12013799529_12013799530_473195061,0,2,15
7183.0,2496228891,2,0,15
7183.0,cluster_12013799525_12013799526_2496228894,3,2,15
7183.0,cluster_12013799529_12013799530_473195061,0,2,15
7184.0,2496228891,3,0,15
7184.0,cluster_12013799527_12013799528_2190601967,0,0,15
7184.0,cluster_12013799529_12013799530_473195061,0,2,15
7185.0,2496228891,2,0,15
7185.0,cluster_12013799527_12013799528_2190601967,0,0,15
7185.0,cluster_12013799529_12013799530_473195061,0,2,15
7186.0,2496228891,1,0,15
7186.0,cluster_12013799527_12013799528_2190601967,0,0,15
7186.0,cluster_12013799529_12013799530_473195061,0,2,15
7187.0,2496228891,2,0,15
7187.0,cluster_12013799525_12013799526_2496228894,0,0,15
7187.0,cluster_12013799527_12013799528_2190601967,0,0,15
7188.0,2496228891,2,0,15
7188.0,cluster_12013799525_12013799526_2496228894,0,0,15
7188.0,cluster_12013799527_12013799528_2190601967,0,0,15
7189.0,2496228891,2,0,15
7189.0,cluster_12013799525_12013799526_2496228894,0,0,15
7189.0,cluster_12013799527_12013799528_2190601967,0,0,15
7190.0,2496228891,1,0,15
7190.0,cluster_12013799525_12013799526_2496228894,0,0,15
7190.0,cluster_12013799527_12013799528_2190601967,0,0,15
7190.0,cluster_12013799529_12013799530_473195061,0,0,15
7191.0,2496228891,1,0,15
7191.0,cluster_12013799525_12013799526_2496228894,0,0,15
7191.0,cluster_12013799527_12013799528_2190601967,0,0,15
7191.0,cluster_12013799529_12013799530_473195061,0,0,15
7192.0,2496228891,1,0,15
7192.0,cluster_12013799525_12013799526_2496228894,0,0,15
7192.0,cluster_12013799527_12013799528_2190601967,0,0,15
7192.0,cluster_12013799529_12013799530_473195061,0,0,15
7193.0,2496228891,1,0,15
7193.0,cluster_12013799525_12013799526_2496228894,0,0,15
7193.0,cluster_12013799527_12013799528_2190601967,0,0,15
7193.0,cluster_12013799529_12013799530_473195061,0,0,15
7194.0,2496228891,1,0,15
7194.0,cluster_12013799525_12013799526_2496228894,0,0,15
7194.0,cluster_12013799527_12013799528_2190601967,0,0,15
7194.0,cluster_12013799529_12013799530_473195061,0,0,15
7195.0,2496228891,0,0,15
7195.0,cluster_12013799525_12013799526_2496228894,0,0,15
7195.0,cluster_12013799527_12013799528_2190601967,0,0,15
7195.0,cluster_12013799529_12013799530_473195061,0,0,15
7196.0,cluster_12013799525_12013799526_2496228894,0,0,15
7196.0,cluster_12013799527_12013799528_2190601967,0,0,15
7196.0,cluster_12013799529_12013799530_473195061,0,0,15
7197.0,cluster_12013799525_12013799526_2496228894,0,0,15
7197.0,cluster_12013799527_12013799528_2190601967,0,0,15
7197.0,cluster_12013799529_12013799530_473195061,0,0,15
7198.0,cluster_12013799525_12013799526_2496228894,0,0,15
7198.0,cluster_12013799527_12013799528_2190601967,0,0,15
7198.0,cluster_12013799529_12013799530_473195061,0,0,15
7199.0,2496228891,0,2,15
7199.0,cluster_12013799525_12013799526_2496228894,0,0,15
7199.0,cluster_12013799527_12013799528_2190601967,0,0,15
7199.0,cluster_12013799529_12013799530_473195061,0,0,15
7200.0,2496228891,0,2,15
7200.0,cluster_12013799525_12013799526_2496228894,0,0,15
7200.0,cluster_12013799529_12013799530_473195061,0,0,15
7201.0,2496228891,1,2,15
7201.0,cluster_12013799525_12013799526_2496228894,1,0,15
7201.0,cluster_12013799529_12013799530_473195061,1,0,15
7202.0,2496228891,1,2,15
7202.0,cluster_12013799525_12013799526_2496228894,1,0,15
7202.0,cluster_12013799529_12013799530_473195061,1,0,15
7203.0,2496228891,1,2,15
7203.0,cluster_12013799527_12013799528_2190601967,1,2,15
7203.0,cluster_12013799529_12013799530_473195061,1,0,15
7204.0,2496228891,1,2,15
7204.0,cluster_12013799527_12013799528_2190601967,1,2,15
7204.0,cluster_12013799529_12013799530_473195061,1,0,15
7205.0,2496228891,2,2,15
7205.0,cluster_12013799527_12013799528_2190601967,2,2,15
7205.0,cluster_12013799529_12013799530_473195061,2,0,15
7206.0,2496228891,2,2,15
7206.0,cluster_12013799525_12013799526_2496228894,6,2,21
7206.0,cluster_12013799527_12013799528_2190601967,2,2,15
7207.0,2496228891,2,2,15
7207.0,cluster_12013799525_12013799526_2496228894,5,2,21
7207.0,cluster_12013799527_12013799528_2190601967,2,2,15
7208.0,2496228891,2,2,15
7208.0,cluster_12013799525_12013799526_2496228894,5,2,21
7208.0,cluster_12013799527_12013799528_2190601967,2,2,15
7209.0,2496228891,2,2,15
7209.0,cluster_12013799525_12013799526_2496228894,5,2,21
7209.0,cluster_12013799527_12013799528_2190601967,3,2,15
7209.0,cluster_12013799529_12013799530_473195061,3,2,15
7210.0,2496228891,3,2,15
7210.0,cluster_12013799525_12013799526_2496228894,5,2,21
7210.0,cluster_12013799527_12013799528_2190601967,3,2,15
7210.0,cluster_12013799529_12013799530_473195061,3,2,15
7211.0,2496228891,3,2,15
7211.0,cluster_12013799525_12013799526_2496228894,4,2,21
7211.0,cluster_12013799527_12013799528_2190601967,4,2,23
7211.0,cluster_12013799529_12013799530_473195061,3,2,15
7212.0,2496228891,3,2,15
7212.0,cluster_12013799525_12013799526_2496228894,4,2,21
7212.0,cluster_12013799527_12013799528_2190601967,4,2,23
7212.0,cluster_12013799529_12013799530_473195061,3,2,15
7213.0,2496228891,2,2,15
7213.0,cluster_12013799525_12013799526_2496228894,2,2,15
7213.0,cluster_12013799527_12013799528_2190601967,5,2,23
7213.0,cluster_12013799529_12013799530_473195061,4,2,23
7214.0,2496228891,3,2,15
7214.0,cluster_12013799525_12013799526_2496228894,3,2,15
7214.0,cluster_12013799527_12013799528_2190601967,5,2,21
7214.0,cluster_12013799529_12013799530_473195061,4,2,21
7215.0,cluster_12013799525_12013799526_2496228894,3,2,15
7215.0,cluster_12013799527_12013799528_2190601967,5,2,21
7215.0,cluster_12013799529_12013799530_473195061,4,2,21
7216.0,cluster_12013799525_12013799526_2496228894,3,2,15
7216.0,cluster_12013799527_12013799528_2190601967,5,2,21
7216.0,cluster_12013799529_12013799530_473195061,4,2,21
7217.0,cluster_12013799525_12013799526_2496228894,3,2,15
7217.0,cluster_12013799527_12013799528_2190601967,4,2,21
7217.0,cluster_12013799529_12013799530_473195061,5,2,23
7218.0,2496228891,5,0,21
7218.0,cluster_12013799525_12013799526_2496228894,3,2,15
7218.0,cluster_12013799527_12013799528_2190601967,5,2,23
7218.0,cluster_12013799529_12013799530_473195061,5,2,21
7219.0,2496228891,5,0,21
7219.0,cluster_12013799525_12013799526_2496228894,3,2,15
7219.0,cluster_12013799529_12013799530_473195061,5,2,21
7220.0,2496228891,5,0,21
7220.0,cluster_12013799525_12013799526_2496228894,3,2,15
7220.0,cluster_12013799529_12013799530_473195061,5,2,21
7221.0,2496228891,5,0,21
7221.0,cluster_12013799525_12013799526_2496228894,3,2,15
7221.0,cluster_12013799529_12013799530_473195061,6,2,23
7222.0,2496228891,5,0,21
7222.0,cluster_12013799525_12013799526_2496228894,3,2,15
7222.0,cluster_12013799527_12013799528_2190601967,5,0,21
7222.0,cluster_12013799529_12013799530_473195061,5,2,21
7223.0,2496228891,5,0,21
7223.0,cluster_12013799525_12013799526_2496228894,3,2,15
7223.0,cluster_12013799527_12013799528_2190601967,5,0,21
7223.0,cluster_12013799529_12013799530_473195061,5,2,21
7224.0,2496228891,5,0,21
7224.0,cluster_12013799525_12013799526_2496228894,3,2,15
7224.0,cluster_12013799527_12013799528_2190601967,5,0,21
7224.0,cluster_12013799529_12013799530_473195061,5,2,21
7225.0,2496228891,5,0,21
7225.0,cluster_12013799525_12013799526_2496228894,3,2,15
7225.0,cluster_12013799527_12013799528_2190601967,6,0,23
7226.0,2496228891,5,0,21
7226.0,cluster_12013799525_12013799526_2496228894,3,2,15
7226.0,cluster_12013799527_12013799528_2190601967,5,0,21
7227.0,2496228891,5,0,21
7227.0,cluster_12013799525_12013799526_2496228894,3,2,15
7227.0,cluster_12013799527_12013799528_2190601967,5,0,21
7228.0,2496228891,4,0,21
7228.0,cluster_12013799527_12013799528_2190601967,5,0,21
7228.0,cluster_12013799529_12013799530_473195061,4,0,21
7229.0,2496228891,4,0,21
7229.0,cluster_12013799527_12013799528_2190601967,4,0,21
7229.0,cluster_12013799529_12013799530_473195061,4,0,21
7230.0,2496228891,4,0,21
7230.0,cluster_12013799527_12013799528_2190601967,4,0,21
7230.0,cluster_12013799529_12013799530_473195061,4,0,21
7231.0,2496228891,4,0,21
7231.0,cluster_12013799525_12013799526_2496228894,4,0,21
7231.0,cluster_12013799527_12013799528_2190601967,3,0,15
7231.0,cluster_12013799529_12013799530_473195061,4,0,21
7232.0,2496228891,4,0,21
7232.0,cluster_12013799525_12013799526_2496228894,3,0,15
7232.0,cluster_12013799527_12013799528_2190601967,3,0,15
7232.0,cluster_12013799529_12013799530_473195061,4,0,21
7233.0,2496228891,3,0,15
7233.0,cluster_12013799525_12013799526_2496228894,3,0,15
7233.0,cluster_12013799527_12013799528_2190601967,2,0,15
7233.0,cluster_12013799529_12013799530_473195061,3,0,15
7234.0,2496228891,5,0,23
7234.0,cluster_12013799525_12013799526_2496228894,3,0,15
7234.0,cluster_12013799527_12013799528_2190601967,2,0,15
7234.0,cluster_12013799529_12013799530_473195061,3,0,15
7235.0,2496228891,4,0,21
7235.0,cluster_12013799525_12013799526_2496228894,2,0,15
7235.0,cluster_12013799527_12013799528_2190601967,2,0,15
7235.0,cluster_12013799529_12013799530_473195061,2,0,15
7236.0,2496228891,6,0,23
7236.0,cluster_12013799525_12013799526_2496228894,2,0,15
7236.0,cluster_12013799527_12013799528_2190601967,2,0,15
7236.0,cluster_12013799529_12013799530_473195061,2,0,15
7237.0,2496228891,6,0,21
7237.0,cluster_12013799525_12013799526_2496228894,2,0,15
7237.0,cluster_12013799527_12013799528_2190601967,2,0,15
7237.0,cluster_12013799529_12013799530_473195061,2,0,15
7238.0,2496228891,3,0,15
7238.0,cluster_12013799525_12013799526_2496228894,1,0,15
7238.0,cluster_12013799527_12013799528_2190601967,2,0,15
7238.0,cluster_12013799529_12013799530_473195061,1,0,15
7239.0,2496228891,3,0,15
7239.0,cluster_12013799525_12013799526_2496228894,1,0,15
7239.0,cluster_12013799527_12013799528_2190601967,1,0,15
7239.0,cluster_12013799529_12013799530_473195061,1,0,15
7240.0,cluster_12013799525_12013799526_2496228894,1,0,15
7240.0,cluster_12013799527_12013799528_2190601967,1,0,15
7240.0,cluster_12013799529_12013799530_473195061,0,0,15
7241.0,cluster_12013799525_12013799526_2496228894,0,0,15
7241.0,cluster_12013799527_12013799528_2190601967,1,0,15
7241.0,cluster_12013799529_12013799530_473195061,0,0,15
7242.0,cluster_12013799525_12013799526_2496228894,0,0,15
7242.0,cluster_12013799527_12013799528_2190601967,1,0,15
7242.0,cluster_12013799529_12013799530_473195061,0,0,15
7243.0,2496228891,3,2,15
7243.0,cluster_12013799525_12013799526_2496228894,0,0,15
7243.0,cluster_12013799527_12013799528_2190601967,0,0,15
7243.0,cluster_12013799529_12013799530_473195061,0,0,15
7244.0,2496228891,2,2,15
7244.0,cluster_12013799525_12013799526_2496228894,0,0,15
7244.0,cluster_12013799529_12013799530_473195061,0,0,15
7245.0,2496228891,2,2,15
7245.0,cluster_12013799525_12013799526_2496228894,0,0,15
7245.0,cluster_12013799529_12013799530_473195061,0,0,15
7246.0,2496228891,2,2,15
7246.0,cluster_12013799525_12013799526_2496228894,0,0,15
7246.0,cluster_12013799529_12013799530_473195061,0,0,15
7247.0,2496228891,2,2,15
7247.0,cluster_12013799525_12013799526_2496228894,0,0,15
7247.0,cluster_12013799527_12013799528_2190601967,5,2,21
7247.0,cluster_12013799529_12013799530_473195061,0,0,15
7248.0,2496228891,1,2,15
7248.0,cluster_12013799525_12013799526_2496228894,0,0,15
7248.0,cluster_12013799527_12013799528_2190601967,4,2,23
7248.0,cluster_12013799529_12013799530_473195061,0,0,15
7249.0,2496228891,1,2,15
7249.0,cluster_12013799525_12013799526_2496228894,0,0,15
7249.0,cluster_12013799527_12013799528_2190601967,4,2,21
7249.0,cluster_12013799529_12013799530_473195061,0,0,15
7250.0,2496228891,1,2,15
7250.0,cluster_12013799525_12013799526_2496228894,0,0,15
7250.0,cluster_12013799527_12013799528_2190601967,3,2,15
7251.0,2496228891,0,2,15
7251.0,cluster_12013799525_12013799526_2496228894,0,0,15
7251.0,cluster_12013799527_12013799528_2190601967,3,2,15
7252.0,2496228891,0,2,15
7252.0,cluster_12013799525_12013799526_2496228894,0,0,15
7252.0,cluster_12013799527_12013799528_2190601967,2,2,15
7253.0,2496228891,0,2,15
7253.0,cluster_12013799527_12013799528_2190601967,2,2,15
7253.0,cluster_12013799529_12013799530_473195061,7,2,21
7254.0,2496228891,0,2,15
7254.0,cluster_12013799527_12013799528_2190601967,1,2,15
7254.0,cluster_12013799529_12013799530_473195061,5,2,21
7255.0,2496228891,0,2,15
7255.0,cluster_12013799527_12013799528_2190601967,1,2,15
7255.0,cluster_12013799529_12013799530_473195061,5,2,21
7256.0,2496228891,0,2,15
7256.0,cluster_12013799525_12013799526_2496228894,3,2,15
7256.0,cluster_12013799527_12013799528_2190601967,0,2,15
7256.0,cluster_12013799529_12013799530_473195061,6,2,23
7257.0,2496228891,0,2,15
7257.0,cluster_12013799525_12013799526_2496228894,3,2,15
7257.0,cluster_12013799527_12013799528_2190601967,0,2,15
7257.0,cluster_12013799529_12013799530_473195061,5,2,21
7258.0,2496228891,0,2,15
7258.0,cluster_12013799525_12013799526_2496228894,2,2,15
7258.0,cluster_12013799527_12013799528_2190601967,0,2,15
7258.0,cluster_12013799529_12013799530_473195061,5,2,23
7259.0,cluster_12013799525_12013799526_2496228894,2,2,15
7259.0,cluster_12013799527_12013799528_2190601967,0,2,15
7259.0,cluster_12013799529_12013799530_473195061,5,2,21
7260.0,cluster_12013799525_12013799526_2496228894,2,2,15
7260.0,cluster_12013799527_12013799528_2190601967,0,2,15
7260.0,cluster_12013799529_12013799530_473195061,4,2,21
7261.0,cluster_12013799525_12013799526_2496228894,2,2,15
7261.0,cluster_12013799527_12013799528_2190601967,0,2,15
7261.0,cluster_12013799529_12013799530_473195061,4,2,21
7262.0,2496228891,6,0,21
7262.0,cluster_12013799525_12013799526_2496228894,1,2,15
7262.0,cluster_12013799527_12013799528_2190601967,0,2,15
7262.0,cluster_12013799529_12013799530_473195061,3,2,15
7263.0,2496228891,2,0,15
7263.0,cluster_12013799525_12013799526_2496228894,1,2,15
7263.0,cluster_12013799527_12013799528_2190601967,0,2,15
7263.0,cluster_12013799529_12013799530_473195061,3,2,15
7264.0,2496228891,2,0,15
7264.0,cluster_12013799525_12013799526_2496228894,0,2,15
7264.0,cluster_12013799527_12013799528_2190601967,1,2,15
7264.0,cluster_12013799529_12013799530_473195061,3,2,15
7265.0,2496228891,3,0,15
7265.0,cluster_12013799525_12013799526_2496228894,0,2,15
7265.0,cluster_12013799527_12013799528_2190601967,1,2,15
7265.0,cluster_12013799529_12013799530_473195061,2,2,15
7266.0,2496228891,4,0,23
7266.0,cluster_12013799525_12013799526_2496228894,1,2,15
7266.0,cluster_12013799527_12013799528_2190601967,2,2,15
7266.0,cluster_12013799529_12013799530_473195061,2,2,15
7267.0,2496228891,3,0,15
7267.0,cluster_12013799525_12013799526_2496228894,1,2,15
7267.0,cluster_12013799527_12013799528_2190601967,2,2,15
7267.0,cluster_12013799529_12013799530_473195061,1,2,15
7268.0,2496228891,4,0,23
7268.0,cluster_12013799525_12013799526_2496228894,1,2,15
7268.0,cluster_12013799527_12013799528_2190601967,2,2,15
7268.0,cluster_12013799529_12013799530_473195061,1,2,15
7269.0,2496228891,6,0,23
7269.0,cluster_12013799525_12013799526_2496228894,2,2,15
7269.0,cluster_12013799529_12013799530_473195061,0,2,15
7270.0,2496228891,5,0,21
7270.0,cluster_12013799525_12013799526_2496228894,2,2,15
7270.0,cluster_12013799529_12013799530_473195061,0,2,15
7271.0,2496228891,5,0,23
7271.0,cluster_12013799525_12013799526_2496228894,3,2,15
7271.0,cluster_12013799529_12013799530_473195061,0,2,15
7272.0,2496228891,3,0,15
7272.0,cluster_12013799527_12013799528_2190601967,0,0,15
7272.0,cluster_12013799529_12013799530_473195061,0,2,15
7273.0,2496228891,3,0,15
7273.0,cluster_12013799527_12013799528_2190601967,0,0,15
7273.0,cluster_12013799529_12013799530_473195061,0,2,15
7274.0,2496228891,1,0,15
7274.0,cluster_12013799527_12013799528_2190601967,0,0,15
7274.0,cluster_12013799529_12013799530_473195061,0,2,15
7275.0,2496228891,1,0,15
7275.0,cluster_12013799525_12013799526_2496228894,0,0,15
7275.0,cluster_12013799527_12013799528_2190601967,0,0,15
7276.0,2496228891,2,0,15
7276.0,cluster_12013799525_12013799526_2496228894,0,0,15
7276.0,cluster_12013799527_12013799528_2190601967,0,0,15
7277.0,2496228891,2,0,15
7277.0,cluster_12013799525_12013799526_2496228894,0,0,15
7277.0,cluster_12013799527_12013799528_2190601967,0,0,15
7278.0,2496228891,3,0,15
7278.0,cluster_12013799525_12013799526_2496228894,1,0,15
7278.0,cluster_12013799527_12013799528_2190601967,1,0,15
7278.0,cluster_12013799529_12013799530_473195061,1,0,15
7279.0,2496228891,3,0,15
7279.0,cluster_12013799525_12013799526_2496228894,1,0,15
7279.0,cluster_12013799527_12013799528_2190601967,1,0,15
7279.0,cluster_12013799529_12013799530_473195061,1,0,15
7280.0,2496228891,3,0,15
7280.0,cluster_12013799525_12013799526_2496228894,1,0,15
7280.0,cluster_12013799527_12013799528_2190601967,1,0,15
7280.0,cluster_12013799529_12013799530_473195061,1,0,15
7281.0,2496228891,2,0,15
7281.0,cluster_12013799525_12013799526_2496228894,1,0,15
7281.0,cluster_12013799527_12013799528_2190601967,1,0,15
7281.0,cluster_12013799529_12013799530_473195061,1,0,15
7282.0,2496228891,3,0,15
7282.0,cluster_12013799525_12013799526_2496228894,2,0,15
7282.0,cluster_12013799527_12013799528_2190601967,2,0,15
7282.0,cluster_12013799529_12013799530_473195061,2,0,15
7283.0,2496228891,2,0,15
7283.0,cluster_12013799525_12013799526_2496228894,2,0,15
7283.0,cluster_12013799527_12013799528_2190601967,2,0,15
7283.0,cluster_12013799529_12013799530_473195061,2,0,15
7284.0,cluster_12013799525_12013799526_2496228894,2,0,15
7284.0,cluster_12013799527_12013799528_2190601967,2,0,15
7284.0,cluster_12013799529_12013799530_473195061,2,0,15
7285.0,cluster_12013799525_12013799526_2496228894,2,0,15
7285.0,cluster_12013799527_12013799528_2190601967,2,0,15
7285.0,cluster_12013799529_12013799530_473195061,3,0,15
7286.0,cluster_12013799525_12013799526_2496228894,3,0,15
7286.0,cluster_12013799527_12013799528_2190601967,3,0,15
7286.0,cluster_12013799529_12013799530_473195061,3,0,15
7287.0,2496228891,3,2,15
7287.0,cluster_12013799525_12013799526_2496228894,3,0,15
7287.0,cluster_12013799527_12013799528_2190601967,3,0,15
7287.0,cluster_12013799529_12013799530_473195061,3,0,15
7288.0,2496228891,3,2,15
7288.0,cluster_12013799525_12013799526_2496228894,2,0,15
7288.0,cluster_12013799529_12013799530_473195061,3,0,15
7289.0,2496228891,3,2,15
7289.0,cluster_12013799525_12013799526_2496228894,2,0,15
7289.0,cluster_12013799529_12013799530_473195061,4,0,23
7290.0,2496228891,2,2,15
7290.0,cluster_12013799525_12013799526_2496228894,3,0,15
7290.0,cluster_12013799529_12013799530_473195061,4,0,21
7291.0,2496228891,3,2,15
7291.0,cluster_12013799527_12013799528_2190601967,4,2,21
7291.0,cluster_12013799529_12013799530_473195061,4,0,21
7292.0,2496228891,3,2,15
7292.0,cluster_12013799527_12013799528_2190601967,4,2,21
7292.0,cluster_12013799529_12013799530_473195061,4,0,21
7293.0,2496228891,3,2,15
7293.0,cluster_12013799527_12013799528_2190601967,4,2,21
7293.0,cluster_12013799529_12013799530_473195061,5,0,23
7294.0,2496228891,2,2,15
7294.0,cluster_12013799525_12013799526_2496228894,6,2,21
7294.0,cluster_12013799527_12013799528_2190601967,3,2,15
7295.0,2496228891,2,2,15
7295.0,cluster_12013799525_12013799526_2496228894,5,2,21
7295.0,cluster_12013799527_12013799528_2190601967,4,2,23
7296.0,2496228891,2,2,15
7296.0,cluster_12013799525_12013799526_2496228894,5,2,21
7296.0,cluster_12013799527_12013799528_2190601967,4,2,21
7297.0,2496228891,2,2,15
7297.0,cluster_12013799525_12013799526_2496228894,6,2,23
7297.0,cluster_12013799527_12013799528_2190601967,4,2,21
7297.0,cluster_12013799529_12013799530_473195061,6,2,21
7298.0,2496228891,2,2,15
7298.0,cluster_12013799525_12013799526_2496228894,4,2,21
7298.0,cluster_12013799527_12013799528_2190601967,4,2,21
7298.0,cluster_12013799529_12013799530_473195061,7,2,23
7299.0,2496228891,1,2,15
7299.0,cluster_12013799525_12013799526_2496228894,3,2,15
7299.0,cluster_12013799527_12013799528_2190601967,4,2,23
7299.0,cluster_12013799529_12013799530_473195061,7,2,21
7300.0,2496228891,1,2,15
7300.0,cluster_12013799525_12013799526_2496228894,3,2,15
7300.0,cluster_12013799527_12013799528_2190601967,4,2,23
7300.0,cluster_12013799529_12013799530_473195061,8,2,24
7301.0,2496228891,1,2,15
7301.0,cluster_12013799525_12013799526_2496228894,3,2,15
7301.0,cluster_12013799527_12013799528_2190601967,4,2,21
7301.0,cluster_12013799529_12013799530_473195061,8,2,21
7302.0,2496228891,1,2,15
7302.0,cluster_12013799525_12013799526_2496228894,3,2,15
7302.0,cluster_12013799527_12013799528_2190601967,4,2,21
7302.0,cluster_12013799529_12013799530_473195061,9,2,25
7303.0,cluster_12013799525_12013799526_2496228894,3,2,15
7303.0,cluster_12013799527_12013799528_2190601967,4,2,21
7303.0,cluster_12013799529_12013799530_473195061,9,2,22
7304.0,cluster_12013799525_12013799526_2496228894,3,2,15
7304.0,cluster_12013799527_12013799528_2190601967,4,2,21
7304.0,cluster_12013799529_12013799530_473195061,9,2,22
7305.0,cluster_12013799525_12013799526_2496228894,3,2,15
7305.0,cluster_12013799527_12013799528_2190601967,3,2,15
7305.0,cluster_12013799529_12013799530_473195061,9,2,22
7306.0,2496228891,4,0,21
7306.0,cluster_12013799525_12013799526_2496228894,3,2,15
7306.0,cluster_12013799527_12013799528_2190601967,4,2,23
7306.0,cluster_12013799529_12013799530_473195061,8,2,21
7307.0,2496228891,4,0,21
7307.0,cluster_12013799525_12013799526_2496228894,2,2,15
7307.0,cluster_12013799527_12013799528_2190601967,4,2,21
7307.0,cluster_12013799529_12013799530_473195061,8,2,21
7308.0,2496228891,4,0,21
7308.0,cluster_12013799525_12013799526_2496228894,2,2,15
7308.0,cluster_12013799527_12013799528_2190601967,4,2,21
7308.0,cluster_12013799529_12013799530_473195061,7,2,21
7309.0,2496228891,4,0,21
7309.0,cluster_12013799525_12013799526_2496228894,2,2,15
7309.0,cluster_12013799527_12013799528_2190601967,4,2,21
7309.0,cluster_12013799529_12013799530_473195061,7,2,21
7310.0,2496228891,4,0,21
7310.0,cluster_12013799525_12013799526_2496228894,1,2,15
7310.0,cluster_12013799527_12013799528_2190601967,3,2,15
7310.0,cluster_12013799529_12013799530_473195061,7,2,21
7311.0,2496228891,4,0,21
7311.0,cluster_12013799525_12013799526_2496228894,1,2,15
7311.0,cluster_12013799527_12013799528_2190601967,3,2,15
7311.0,cluster_12013799529_12013799530_473195061,7,2,21
7312.0,2496228891,4,0,21
7312.0,cluster_12013799525_12013799526_2496228894,1,2,15
7312.0,cluster_12013799527_12013799528_2190601967,4,2,23
7312.0,cluster_12013799529_12013799530_473195061,7,2,21
7313.0,2496228891,4,0,21
7313.0,cluster_12013799525_12013799526_2496228894,1,2,15
7313.0,cluster_12013799529_12013799530_473195061,7,2,21
7314.0,2496228891,4,0,21
7314.0,cluster_12013799525_12013799526_2496228894,1,2,15
7314.0,cluster_12013799529_12013799530_473195061,7,2,21
7315.0,2496228891,4,0,21
7315.0,cluster_12013799525_12013799526_2496228894,1,2,15
7315.0,cluster_12013799529_12013799530_473195061,7,2,21
7316.0,2496228891,4,0,21
7316.0,cluster_12013799527_12013799528_2190601967,7,0,21
7316.0,cluster_12013799529_12013799530_473195061,7,2,21
7317.0,2496228891,4,0,21
7317.0,cluster_12013799527_12013799528_2190601967,6,0,21
7317.0,cluster_12013799529_12013799530_473195061,6,2,21
7318.0,2496228891,4,0,21
7318.0,cluster_12013799527_12013799528_2190601967,6,0,21
7318.0,cluster_12013799529_12013799530_473195061,6,2,21
7319.0,2496228891,4,0,21
7319.0,cluster_12013799525_12013799526_2496228894,3,0,15
7319.0,cluster_12013799527_12013799528_2190601967,6,0,21
7320.0,2496228891,4,0,21
7320.0,cluster_12013799525_12013799526_2496228894,2,0,15
7320.0,cluster_12013799527_12013799528_2190601967,6,0,21
7321.0,2496228891,4,0,21
7321.0,cluster_12013799525_12013799526_2496228894,2,0,15
7321.0,cluster_12013799527_12013799528_2190601967,5,0,21
7322.0,2496228891,4,0,21
7322.0,cluster_12013799525_12013799526_2496228894,2,0,15
7322.0,cluster_12013799527_12013799528_2190601967,5,0,21
7322.0,cluster_12013799529_12013799530_473195061,4,0,21
7323.0,2496228891,3,0,15
7323.0,cluster_12013799525_12013799526_2496228894,2,0,15
7323.0,cluster_12013799527_12013799528_2190601967,5,0,21
7323.0,cluster_12013799529_12013799530_473195061,3,0,15
7324.0,2496228891,3,0,15
7324.0,cluster_12013799525_12013799526_2496228894,1,0,15
7324.0,cluster_12013799527_12013799528_2190601967,4,0,21
7324.0,cluster_12013799529_12013799530_473195061,3,0,15
7325.0,2496228891,3,0,15
7325.0,cluster_12013799525_12013799526_2496228894,1,0,15
7325.0,cluster_12013799527_12013799528_2190601967,4,0,21
7325.0,cluster_12013799529_12013799530_473195061,3,0,15
7326.0,2496228891,3,0,15
7326.0,cluster_12013799525_12013799526_2496228894,1,0,15
7326.0,cluster_12013799527_12013799528_2190601967,3,0,15
7326.0,cluster_12013799529_12013799530_473195061,3,0,15
7327.0,2496228891,2,0,15
7327.0,cluster_12013799525_12013799526_2496228894,0,0,15
7327.0,cluster_12013799527_12013799528_2190601967,3,0,15
7327.0,cluster_12013799529_12013799530_473195061,2,0,15
7328.0,cluster_12013799525_12013799526_2496228894,0,0,15
7328.0,cluster_12013799527_12013799528_2190601967,2,0,15
7328.0,cluster_12013799529_12013799530_473195061,2,0,15
7329.0,cluster_12013799525_12013799526_2496228894,0,0,15
7329.0,cluster_12013799527_12013799528_2190601967,2,0,15
7329.0,cluster_12013799529_12013799530_473195061,2,0,15
7330.0,cluster_12013799525_12013799526_2496228894,0,0,15
7330.0,cluster_12013799527_12013799528_2190601967,2,0,15
7330.0,cluster_12013799529_12013799530_473195061,1,0,15
7331.0,2496228891,0,2,15
7331.0,cluster_12013799525_12013799526_2496228894,0,0,15
7331.0,cluster_12013799527_12013799528_2190601967,1,0,15
7331.0,cluster_12013799529_12013799530_473195061,1,0,15
7332.0,2496228891,0,2,15
7332.0,cluster_12013799525_12013799526_2496228894,0,0,15
7332.0,cluster_12013799527_12013799528_2190601967,1,0,15
7332.0,cluster_12013799529_12013799530_473195061,0,0,15
7333.0,2496228891,0,2,15
7333.0,cluster_12013799525_12013799526_2496228894,0,0,15
7333.0,cluster_12013799527_12013799528_2190601967,0,0,15
7333.0,cluster_12013799529_12013799530_473195061,0,0,15
7334.0,2496228891,0,2,15
7334.0,cluster_12013799525_12013799526_2496228894,0,0,15
7334.0,cluster_12013799527_12013799528_2190601967,0,0,15
7334.0,cluster_12013799529_12013799530_473195061,0,0,15
7335.0,2496228891,0,2,15
7335.0,cluster_12013799527_12013799528_2190601967,0,0,15
7335.0,cluster_12013799529_12013799530_473195061,0,0,15
7336.0,2496228891,0,2,15
7336.0,cluster_12013799527_12013799528_2190601967,0,0,15
7336.0,cluster_12013799529_12013799530_473195061,0,0,15
7337.0,2496228891,0,2,15
7337.0,cluster_12013799527_12013799528_2190601967,0,0,15
7337.0,cluster_12013799529_12013799530_473195061,0,0,15
7338.0,2496228891,0,2,15
7338.0,cluster_12013799525_12013799526_2496228894,1,2,15
7338.0,cluster_12013799529_12013799530_473195061,0,0,15
7339.0,2496228891,0,2,15
7339.0,cluster_12013799525_12013799526_2496228894,1,2,15
7339.0,cluster_12013799529_12013799530_473195061,0,0,15
7340.0,2496228891,0,2,15
7340.0,cluster_12013799525_12013799526_2496228894,1,2,15
7340.0,cluster_12013799529_12013799530_473195061,0,0,15
7341.0,2496228891,0,2,15
7341.0,cluster_12013799525_12013799526_2496228894,1,2,15
7341.0,cluster_12013799527_12013799528_2190601967,2,2,15
7341.0,cluster_12013799529_12013799530_473195061,0,0,15
7342.0,2496228891,0,2,15
7342.0,cluster_12013799525_12013799526_2496228894,1,2,15
7342.0,cluster_12013799527_12013799528_2190601967,2,2,15
7342.0,cluster_12013799529_12013799530_473195061,0,0,15
7343.0,2496228891,0,2,15
7343.0,cluster_12013799525_12013799526_2496228894,1,2,15
7343.0,cluster_12013799527_12013799528_2190601967,2,2,15
7343.0,cluster_12013799529_12013799530_473195061,0,0,15
7344.0,2496228891,0,2,15
7344.0,cluster_12013799525_12013799526_2496228894,1,2,15
7344.0,cluster_12013799527_12013799528_2190601967,2,2,15
7345.0,2496228891,0,2,15
7345.0,cluster_12013799525_12013799526_2496228894,1,2,15
7345.0,cluster_12013799527_12013799528_2190601967,0,2,15
7346.0,2496228891,0,2,15
7346.0,cluster_12013799525_12013799526_2496228894,1,2,15
7346.0,cluster_12013799527_12013799528_2190601967,0,2,15
7347.0,cluster_12013799525_12013799526_2496228894,1,2,15
7347.0,cluster_12013799527_12013799528_2190601967,0,2,15
7347.0,cluster_12013799529_12013799530_473195061,6,2,21
7348.0,cluster_12013799525_12013799526_2496228894,0,2,15
7348.0,cluster_12013799527_12013799528_2190601967,0,2,15
7348.0,cluster_12013799529_12013799530_473195061,6,2,23
7349.0,cluster_12013799525_12013799526_2496228894,0,2,15
7349.0,cluster_12013799527_12013799528_2190601967,0,2,15
7349.0,cluster_12013799529_12013799530_473195061,6,2,21
7350.0,2496228891,3,0,15
7350.0,cluster_12013799525_12013799526_2496228894,0,2,15
7350.0,cluster_12013799527_12013799528_2190601967,1,2,15
7350.0,cluster_12013799529_12013799530_473195061,6,2,21
7351.0,2496228891,2,0,15
7351.0,cluster_12013799525_12013799526_2496228894,0,2,15
7351.0,cluster_12013799527_12013799528_2190601967,1,2,15
7351.0,cluster_12013799529_12013799530_473195061,5,2,21
7352.0,2496228891,2,0,15
7352.0,cluster_12013799525_12013799526_2496228894,0,2,15
7352.0,cluster_12013799527_12013799528_2190601967,1,2,15
7352.0,cluster_12013799529_12013799530_473195061,4,2,21
7353.0,2496228891,2,0,15
7353.0,cluster_12013799525_12013799526_2496228894,1,2,15
7353.0,cluster_12013799527_12013799528_2190601967,1,2,15
7353.0,cluster_12013799529_12013799530_473195061,4,2,21
7354.0,2496228891,4,0,23
7354.0,cluster_12013799527_12013799528_2190601967,1,2,15
7354.0,cluster_12013799529_12013799530_473195061,3,2,15
7355.0,2496228891,4,0,23
7355.0,cluster_12013799527_12013799528_2190601967,2,2,15
7355.0,cluster_12013799529_12013799530_473195061,4,2,23
7356.0,2496228891,4,0,23
7356.0,cluster_12013799527_12013799528_2190601967,2,2,15
7356.0,cluster_12013799529_12013799530_473195061,3,2,15
7357.0,2496228891,2,0,15
7357.0,cluster_12013799525_12013799526_2496228894,1,0,15
7357.0,cluster_12013799529_12013799530_473195061,3,2,15
7358.0,2496228891,2,0,15
7358.0,cluster_12013799525_12013799526_2496228894,1,0,15
7358.0,cluster_12013799529_12013799530_473195061,2,2,15
7359.0,2496228891,3,0,15
7359.0,cluster_12013799525_12013799526_2496228894,2,0,15
7359.0,cluster_12013799529_12013799530_473195061,3,2,15
7360.0,2496228891,6,0,23
7360.0,cluster_12013799525_12013799526_2496228894,2,0,15
7360.0,cluster_12013799527_12013799528_2190601967,2,0,15
7360.0,cluster_12013799529_12013799530_473195061,3,2,15
7361.0,2496228891,6,0,21
7361.0,cluster_12013799525_12013799526_2496228894,2,0,15
7361.0,cluster_12013799527_12013799528_2190601967,2,0,15
7361.0,cluster_12013799529_12013799530_473195061,2,2,15
7362.0,2496228891,7,0,23
7362.0,cluster_12013799525_12013799526_2496228894,2,0,15
7362.0,cluster_12013799527_12013799528_2190601967,2,0,15
7362.0,cluster_12013799529_12013799530_473195061,2,2,15
7363.0,2496228891,8,0,24
7363.0,cluster_12013799525_12013799526_2496228894,3,0,15
7363.0,cluster_12013799527_12013799528_2190601967,3,0,15
7363.0,cluster_12013799529_12013799530_473195061,3,2,15
7364.0,2496228891,8,0,24
7364.0,cluster_12013799525_12013799526_2496228894,3,0,15
7364.0,cluster_12013799527_12013799528_2190601967,3,0,15
7364.0,cluster_12013799529_12013799530_473195061,3,2,15
7365.0,2496228891,5,0,23
7365.0,cluster_12013799525_12013799526_2496228894,2,0,15
7365.0,cluster_12013799527_12013799528_2190601967,3,0,15
7365.0,cluster_12013799529_12013799530_473195061,3,2,15
7366.0,cluster_12013799525_12013799526_2496228894,2,0,15
7366.0,cluster_12013799527_12013799528_2190601967,3,0,15
7366.0,cluster_12013799529_12013799530_473195061,3,2,15
7367.0,cluster_12013799525_12013799526_2496228894,3,0,15
7367.0,cluster_12013799527_12013799528_2190601967,4,0,23
7367.0,cluster_12013799529_12013799530_473195061,4,2,21
7368.0,cluster_12013799525_12013799526_2496228894,3,0,15
7368.0,cluster_12013799527_12013799528_2190601967,4,0,21
7368.0,cluster_12013799529_12013799530_473195061,4,2,21
7369.0,2496228891,3,2,15
7369.0,cluster_12013799525_12013799526_2496228894,2,0,15
7369.0,cluster_12013799527_12013799528_2190601967,4,0,21
7370.0,2496228891,3,2,15
7370.0,cluster_12013799525_12013799526_2496228894,2,0,15
7370.0,cluster_12013799527_12013799528_2190601967,4,0,21
7371.0,2496228891,1,2,15
7371.0,cluster_12013799525_12013799526_2496228894,2,0,15
7371.0,cluster_12013799527_12013799528_2190601967,5,0,23
7372.0,2496228891,2,2,15
7372.0,cluster_12013799525_12013799526_2496228894,2,0,15
7372.0,cluster_12013799527_12013799528_2190601967,4,0,21
7372.0,cluster_12013799529_12013799530_473195061,5,0,22
7373.0,2496228891,2,2,15
7373.0,cluster_12013799527_12013799528_2190601967,4,0,21
7373.0,cluster_12013799529_12013799530_473195061,4,0,21
7374.0,2496228891,2,2,15
7374.0,cluster_12013799527_12013799528_2190601967,4,0,21
7374.0,cluster_12013799529_12013799530_473195061,4,0,21
7375.0,2496228891,2,2,15
7375.0,cluster_12013799527_12013799528_2190601967,4,0,21
7375.0,cluster_12013799529_12013799530_473195061,4,0,21
7376.0,2496228891,1,2,15
7376.0,cluster_12013799525_12013799526_2496228894,5,2,21
7376.0,cluster_12013799529_12013799530_473195061,3,0,15
7377.0,2496228891,1,2,15
7377.0,cluster_12013799525_12013799526_2496228894,3,2,15
7377.0,cluster_12013799529_12013799530_473195061,3,0,15
7378.0,2496228891,1,2,15
7378.0,cluster_12013799525_12013799526_2496228894,4,2,23
7378.0,cluster_12013799529_12013799530_473195061,2,0,15
7379.0,2496228891,1,2,15
7379.0,cluster_12013799525_12013799526_2496228894,4,2,23
7379.0,cluster_12013799527_12013799528_2190601967,4,2,21
7379.0,cluster_12013799529_12013799530_473195061,2,0,15
7380.0,2496228891,0,2,15
7380.0,cluster_12013799525_12013799526_2496228894,3,2,15
7380.0,cluster_12013799527_12013799528_2190601967,4,2,21
7380.0,cluster_12013799529_12013799530_473195061,2,0,15
7381.0,2496228891,0,2,15
7381.0,cluster_12013799525_12013799526_2496228894,2,2,15
7381.0,cluster_12013799527_12013799528_2190601967,5,2,23
7381.0,cluster_12013799529_12013799530_473195061,2,0,15
7382.0,2496228891,0,2,15
7382.0,cluster_12013799525_12013799526_2496228894,2,2,15
7382.0,cluster_12013799527_12013799528_2190601967,4,2,23
7382.0,cluster_12013799529_12013799530_473195061,2,0,15
7383.0,2496228891,0,2,15
7383.0,cluster_12013799525_12013799526_2496228894,2,2,15
7383.0,cluster_12013799527_12013799528_2190601967,3,2,15
7383.0,cluster_12013799529_12013799530_473195061,2,0,15
7384.0,2496228891,0,2,15
7384.0,cluster_12013799525_12013799526_2496228894,2,2,15
7384.0,cluster_12013799527_12013799528_2190601967,3,2,15
7384.0,cluster_12013799529_12013799530_473195061,1,0,15
7385.0,cluster_12013799525_12013799526_2496228894,2,2,15
7385.0,cluster_12013799527_12013799528_2190601967,3,2,15
7385.0,cluster_12013799529_12013799530_473195061,1,0,15
7386.0,cluster_12013799525_12013799526_2496228894,2,2,15
7386.0,cluster_12013799527_12013799528_2190601967,3,2,15
7386.0,cluster_12013799529_12013799530_473195061,1,0,15
7387.0,cluster_12013799525_12013799526_2496228894,2,2,15
7387.0,cluster_12013799527_12013799528_2190601967,2,2,15
7387.0,cluster_12013799529_12013799530_473195061,1,0,15
7388.0,2496228891,5,0,21
7388.0,cluster_12013799525_12013799526_2496228894,1,2,15
7388.0,cluster_12013799527_12013799528_2190601967,2,2,15
7388.0,cluster_12013799529_12013799530_473195061,0,0,15
7389.0,2496228891,3,0,15
7389.0,cluster_12013799525_12013799526_2496228894,1,2,15
7389.0,cluster_12013799527_12013799528_2190601967,2,2,15
7389.0,cluster_12013799529_12013799530_473195061,0,0,15
7390.0,2496228891,3,0,15
7390.0,cluster_12013799525_12013799526_2496228894,1,2,15
7390.0,cluster_12013799527_12013799528_2190601967,3,2,15
7390.0,cluster_12013799529_12013799530_473195061,0,0,15
7391.0,2496228891,3,0,15
7391.0,cluster_12013799525_12013799526_2496228894,0,2,15
7391.0,cluster_12013799527_12013799528_2190601967,3,2,15
7391.0,cluster_12013799529_12013799530_473195061,0,0,15
7392.0,2496228891,3,0,15
7392.0,cluster_12013799525_12013799526_2496228894,1,2,15
7392.0,cluster_12013799527_12013799528_2190601967,3,2,15
7392.0,cluster_12013799529_12013799530_473195061,0,0,15
7393.0,2496228891,2,0,15
7393.0,cluster_12013799525_12013799526_2496228894,1,2,15
7393.0,cluster_12013799527_12013799528_2190601967,3,2,15
7393.0,cluster_12013799529_12013799530_473195061,0,0,15
7394.0,2496228891,2,0,15
7394.0,cluster_12013799525_12013799526_2496228894,2,2,15
7394.0,cluster_12013799527_12013799528_2190601967,3,2,15
7394.0,cluster_12013799529_12013799530_473195061,0,0,15
7395.0,2496228891,1,0,15
7395.0,cluster_12013799525_12013799526_2496228894,2,2,15
7395.0,cluster_12013799527_12013799528_2190601967,3,2,15
7396.0,2496228891,1,0,15
7396.0,cluster_12013799525_12013799526_2496228894,2,2,15
7396.0,cluster_12013799527_12013799528_2190601967,2,2,15
7397.0,2496228891,2,0,15
7397.0,cluster_12013799525_12013799526_2496228894,3,2,15
7397.0,cluster_12013799527_12013799528_2190601967,3,2,15
7398.0,2496228891,1,0,15
7398.0,cluster_12013799527_12013799528_2190601967,2,2,15
7398.0,cluster_12013799529_12013799530_473195061,9,2,22
7399.0,2496228891,1,0,15
7399.0,cluster_12013799527_12013799528_2190601967,3,2,15
7399.0,cluster_12013799529_12013799530_473195061,7,2,21
7400.0,2496228891,1,0,15
7400.0,cluster_12013799527_12013799528_2190601967,3,2,15
7400.0,cluster_12013799529_12013799530_473195061,7,2,21
7401.0,2496228891,1,0,15
7401.0,cluster_12013799525_12013799526_2496228894,1,0,15
7401.0,cluster_12013799529_12013799530_473195061,7,2,21
7402.0,2496228891,1,0,15
7402.0,cluster_12013799525_12013799526_2496228894,0,0,15
7402.0,cluster_12013799529_12013799530_473195061,7,2,21
7403.0,2496228891,0,0,15
7403.0,cluster_12013799525_12013799526_2496228894,0,0,15
7403.0,cluster_12013799529_12013799530_473195061,6,2,21
7404.0,2496228891,0,0,15
7404.0,cluster_12013799525_12013799526_2496228894,0,0,15
7404.0,cluster_12013799527_12013799528_2190601967,4,0,21
7404.0,cluster_12013799529_12013799530_473195061,5,2,21
7405.0,2496228891,0,0,15
7405.0,cluster_12013799525_12013799526_2496228894,0,0,15
7405.0,cluster_12013799527_12013799528_2190601967,4,0,21
7405.0,cluster_12013799529_12013799530_473195061,4,2,21
7406.0,2496228891,0,0,15
7406.0,cluster_12013799525_12013799526_2496228894,0,0,15
7406.0,cluster_12013799527_12013799528_2190601967,4,0,21
7406.0,cluster_12013799529_12013799530_473195061,4,2,21
7407.0,2496228891,2,0,15
7407.0,cluster_12013799525_12013799526_2496228894,0,0,15
7407.0,cluster_12013799527_12013799528_2190601967,4,0,21
7407.0,cluster_12013799529_12013799530_473195061,4,2,21
7408.0,2496228891,2,0,15
7408.0,cluster_12013799525_12013799526_2496228894,0,0,15
7408.0,cluster_12013799527_12013799528_2190601967,3,0,15
7408.0,cluster_12013799529_12013799530_473195061,3,2,15
7409.0,2496228891,2,0,15
7409.0,cluster_12013799525_12013799526_2496228894,0,0,15
7409.0,cluster_12013799527_12013799528_2190601967,3,0,15
7409.0,cluster_12013799529_12013799530_473195061,4,2,23
7410.0,cluster_12013799525_12013799526_2496228894,0,0,15
7410.0,cluster_12013799527_12013799528_2190601967,3,0,15
7410.0,cluster_12013799529_12013799530_473195061,4,2,21
7411.0,cluster_12013799525_12013799526_2496228894,0,0,15
7411.0,cluster_12013799527_12013799528_2190601967,2,0,15
7411.0,cluster_12013799529_12013799530_473195061,3,2,15
7412.0,cluster_12013799525_12013799526_2496228894,0,0,15
7412.0,cluster_12013799527_12013799528_2190601967,2,0,15
7412.0,cluster_12013799529_12013799530_473195061,4,2,23
7413.0,2496228891,0,2,15
7413.0,cluster_12013799525_12013799526_2496228894,0,0,15
7413.0,cluster_12013799527_12013799528_2190601967,2,0,15
7413.0,cluster_12013799529_12013799530_473195061,4,2,21
7414.0,2496228891,0,2,15
7414.0,cluster_12013799525_12013799526_2496228894,0,0,15
7414.0,cluster_12013799527_12013799528_2190601967,1,0,15
7414.0,cluster_12013799529_12013799530_473195061,4,2,23
7415.0,2496228891,0,2,15
7415.0,cluster_12013799525_12013799526_2496228894,0,0,15
7415.0,cluster_12013799527_12013799528_2190601967,1,0,15
7415.0,cluster_12013799529_12013799530_473195061,4,2,21
7416.0,2496228891,0,2,15
7416.0,cluster_12013799525_12013799526_2496228894,0,0,15
7416.0,cluster_12013799527_12013799528_2190601967,1,0,15
7416.0,cluster_12013799529_12013799530_473195061,4,2,21
7417.0,2496228891,0,2,15
7417.0,cluster_12013799527_12013799528_2190601967,0,0,15
7417.0,cluster_12013799529_12013799530_473195061,4,2,23
7418.0,2496228891,0,2,15
7418.0,cluster_12013799527_12013799528_2190601967,0,0,15
7418.0,cluster_12013799529_12013799530_473195061,4,2,21
7419.0,2496228891,0,2,15
7419.0,cluster_12013799527_12013799528_2190601967,0,0,15
7419.0,cluster_12013799529_12013799530_473195061,5,2,23
7420.0,2496228891,0,2,15
7420.0,cluster_12013799525_12013799526_2496228894,2,2,15
7420.0,cluster_12013799527_12013799528_2190601967,0,0,15
7420.0,cluster_12013799529_12013799530_473195061,4,2,21
7421.0,2496228891,0,2,15
7421.0,cluster_12013799525_12013799526_2496228894,1,2,15
7421.0,cluster_12013799527_12013799528_2190601967,0,0,15
7422.0,2496228891,0,2,15
7422.0,cluster_12013799525_12013799526_2496228894,1,2,15
7422.0,cluster_12013799527_12013799528_2190601967,0,0,15
7423.0,2496228891,0,2,15
7423.0,cluster_12013799525_12013799526_2496228894,1,2,15
7423.0,cluster_12013799527_12013799528_2190601967,0,0,15
7424.0,2496228891,0,2,15
7424.0,cluster_12013799525_12013799526_2496228894,1,2,15
7424.0,cluster_12013799527_12013799528_2190601967,0,0,15
7424.0,cluster_12013799529_12013799530_473195061,0,0,15
7425.0,2496228891,0,2,15
7425.0,cluster_12013799525_12013799526_2496228894,0,2,15
7425.0,cluster_12013799527_12013799528_2190601967,0,0,15
7425.0,cluster_12013799529_12013799530_473195061,0,0,15
7426.0,2496228891,0,2,15
7426.0,cluster_12013799525_12013799526_2496228894,0,2,15
7426.0,cluster_12013799529_12013799530_473195061,0,0,15
7427.0,2496228891,0,2,15
7427.0,cluster_12013799525_12013799526_2496228894,0,2,15
7427.0,cluster_12013799529_12013799530_473195061,0,0,15
7428.0,2496228891,0,2,15
7428.0,cluster_12013799525_12013799526_2496228894,0,2,15
7428.0,cluster_12013799529_12013799530_473195061,0,0,15
7429.0,cluster_12013799525_12013799526_2496228894,0,2,15
7429.0,cluster_12013799527_12013799528_2190601967,4,2,21
7429.0,cluster_12013799529_12013799530_473195061,0,0,15
7430.0,cluster_12013799525_12013799526_2496228894,0,2,15
7430.0,cluster_12013799527_12013799528_2190601967,2,2,15
7430.0,cluster_12013799529_12013799530_473195061,0,0,15
7431.0,cluster_12013799525_12013799526_2496228894,1,2,15
7431.0,cluster_12013799527_12013799528_2190601967,3,2,15
7431.0,cluster_12013799529_12013799530_473195061,1,0,15
7432.0,2496228891,3,0,15
7432.0,cluster_12013799525_12013799526_2496228894,1,2,15
7432.0,cluster_12013799527_12013799528_2190601967,3,2,15
7432.0,cluster_12013799529_12013799530_473195061,1,0,15
7433.0,2496228891,2,0,15
7433.0,cluster_12013799525_12013799526_2496228894,1,2,15
7433.0,cluster_12013799527_12013799528_2190601967,3,2,15
7433.0,cluster_12013799529_12013799530_473195061,1,0,15
7434.0,2496228891,2,0,15
7434.0,cluster_12013799525_12013799526_2496228894,1,2,15
7434.0,cluster_12013799527_12013799528_2190601967,2,2,15
7434.0,cluster_12013799529_12013799530_473195061,1,0,15
7435.0,2496228891,3,0,15
7435.0,cluster_12013799525_12013799526_2496228894,2,2,15
7435.0,cluster_12013799527_12013799528_2190601967,3,2,15
7435.0,cluster_12013799529_12013799530_473195061,2,0,15
7436.0,2496228891,2,0,15
7436.0,cluster_12013799527_12013799528_2190601967,3,2,15
7436.0,cluster_12013799529_12013799530_473195061,2,0,15
7437.0,2496228891,2,0,15
7437.0,cluster_12013799527_12013799528_2190601967,3,2,15
7437.0,cluster_12013799529_12013799530_473195061,2,0,15
7438.0,2496228891,2,0,15
7438.0,cluster_12013799527_12013799528_2190601967,3,2,15
7438.0,cluster_12013799529_12013799530_473195061,2,0,15
7439.0,2496228891,3,0,15
7439.0,cluster_12013799525_12013799526_2496228894,3,0,15
7439.0,cluster_12013799527_12013799528_2190601967,3,2,15
7439.0,cluster_12013799529_12013799530_473195061,3,0,15
7440.0,2496228891,3,0,15
7440.0,cluster_12013799525_12013799526_2496228894,2,0,15
7440.0,cluster_12013799527_12013799528_2190601967,2,2,15
7441.0,2496228891,3,0,15
7441.0,cluster_12013799525_12013799526_2496228894,2,0,15
7441.0,cluster_12013799527_12013799528_2190601967,2,2,15
7442.0,2496228891,3,0,15
7442.0,cluster_12013799525_12013799526_2496228894,2,0,15
7442.0,cluster_12013799527_12013799528_2190601967,2,2,15
7443.0,2496228891,4,0,23
7443.0,cluster_12013799525_12013799526_2496228894,3,0,15
7443.0,cluster_12013799527_12013799528_2190601967,4,2,23
7443.0,cluster_12013799529_12013799530_473195061,8,2,21
7444.0,2496228891,4,0,21
7444.0,cluster_12013799525_12013799526_2496228894,2,0,15
7444.0,cluster_12013799527_12013799528_2190601967,3,2,15
7444.0,cluster_12013799529_12013799530_473195061,8,2,21
7445.0,2496228891,4,0,21
7445.0,cluster_12013799525_12013799526_2496228894,2,0,15
7445.0,cluster_12013799527_12013799528_2190601967,3,2,15
7445.0,cluster_12013799529_12013799530_473195061,8,2,21
7446.0,2496228891,4,0,21
7446.0,cluster_12013799525_12013799526_2496228894,2,0,15
7446.0,cluster_12013799527_12013799528_2190601967,3,2,15
7446.0,cluster_12013799529_12013799530_473195061,8,2,21
7447.0,2496228891,5,0,23
7447.0,cluster_12013799525_12013799526_2496228894,2,0,15
7447.0,cluster_12013799527_12013799528_2190601967,4,2,23
7447.0,cluster_12013799529_12013799530_473195061,8,2,24
7448.0,cluster_12013799525_12013799526_2496228894,2,0,15
7448.0,cluster_12013799527_12013799528_2190601967,4,2,21
7448.0,cluster_12013799529_12013799530_473195061,8,2,21
7449.0,cluster_12013799525_12013799526_2496228894,1,0,15
7449.0,cluster_12013799527_12013799528_2190601967,3,2,15
7449.0,cluster_12013799529_12013799530_473195061,7,2,21
7450.0,cluster_12013799525_12013799526_2496228894,1,0,15
7450.0,cluster_12013799527_12013799528_2190601967,3,2,15
7450.0,cluster_12013799529_12013799530_473195061,6,2,21
7451.0,2496228891,2,2,15
7451.0,cluster_12013799525_12013799526_2496228894,1,0,15
7451.0,cluster_12013799529_12013799530_473195061,7,2,23
7452.0,2496228891,2,2,15
7452.0,cluster_12013799525_12013799526_2496228894,1,0,15
7452.0,cluster_12013799529_12013799530_473195061,7,2,21
7453.0,2496228891,2,2,15
7453.0,cluster_12013799525_12013799526_2496228894,0,0,15
7453.0,cluster_12013799529_12013799530_473195061,6,2,21
7454.0,2496228891,2,2,15
7454.0,cluster_12013799525_12013799526_2496228894,0,0,15
7454.0,cluster_12013799527_12013799528_2190601967,6,0,21
7454.0,cluster_12013799529_12013799530_473195061,6,2,21
7455.0,2496228891,1,2,15
7455.0,cluster_12013799527_12013799528_2190601967,6,0,21
7455.0,cluster_12013799529_12013799530_473195061,6,2,21
7456.0,2496228891,1,2,15
7456.0,cluster_12013799527_12013799528_2190601967,6,0,21
7456.0,cluster_12013799529_12013799530_473195061,6,2,21
7457.0,2496228891,1,2,15
7457.0,cluster_12013799527_12013799528_2190601967,6,0,21
7457.0,cluster_12013799529_12013799530_473195061,6,2,21
7458.0,2496228891,0,2,15
7458.0,cluster_12013799525_12013799526_2496228894,2,2,15
7458.0,cluster_12013799527_12013799528_2190601967,6,0,21
7458.0,cluster_12013799529_12013799530_473195061,6,2,21
7459.0,2496228891,0,2,15
7459.0,cluster_12013799525_12013799526_2496228894,2,2,15
7459.0,cluster_12013799527_12013799528_2190601967,5,0,21
7459.0,cluster_12013799529_12013799530_473195061,5,2,21
7460.0,2496228891,0,2,15
7460.0,cluster_12013799525_12013799526_2496228894,3,2,15
7460.0,cluster_12013799527_12013799528_2190601967,5,0,21
7460.0,cluster_12013799529_12013799530_473195061,5,2,21
7461.0,2496228891,0,2,15
7461.0,cluster_12013799525_12013799526_2496228894,3,2,15
7461.0,cluster_12013799527_12013799528_2190601967,4,0,21
7461.0,cluster_12013799529_12013799530_473195061,4,2,21
7462.0,2496228891,0,2,15
7462.0,cluster_12013799525_12013799526_2496228894,3,2,15
7462.0,cluster_12013799527_12013799528_2190601967,4,0,21
7462.0,cluster_12013799529_12013799530_473195061,5,2,23
7463.0,2496228891,0,2,15
7463.0,cluster_12013799525_12013799526_2496228894,3,2,15
7463.0,cluster_12013799527_12013799528_2190601967,4,0,21
7463.0,cluster_12013799529_12013799530_473195061,5,2,21
7464.0,2496228891,0,2,15
7464.0,cluster_12013799525_12013799526_2496228894,3,2,15
7464.0,cluster_12013799527_12013799528_2190601967,3,0,15
7464.0,cluster_12013799529_12013799530_473195061,5,2,23
7465.0,2496228891,0,2,15
7465.0,cluster_12013799525_12013799526_2496228894,3,2,15
7465.0,cluster_12013799527_12013799528_2190601967,3,0,15
7466.0,2496228891,0,2,15
7466.0,cluster_12013799525_12013799526_2496228894,2,2,15
7466.0,cluster_12013799527_12013799528_2190601967,2,0,15
7467.0,cluster_12013799525_12013799526_2496228894,2,2,15
7467.0,cluster_12013799527_12013799528_2190601967,2,0,15
7468.0,cluster_12013799525_12013799526_2496228894,2,2,15
7468.0,cluster_12013799527_12013799528_2190601967,1,0,15
7468.0,cluster_12013799529_12013799530_473195061,5,0,21
7469.0,cluster_12013799525_12013799526_2496228894,1,2,15
7469.0,cluster_12013799527_12013799528_2190601967,1,0,15
7469.0,cluster_12013799529_12013799530_473195061,4,0,21
7470.0,2496228891,7,0,21
7470.0,cluster_12013799525_12013799526_2496228894,1,2,15
7470.0,cluster_12013799527_12013799528_2190601967,1,0,15
7470.0,cluster_12013799529_12013799530_473195061,4,0,21
7471.0,2496228891,6,0,21
7471.0,cluster_12013799525_12013799526_2496228894,0,2,15
7471.0,cluster_12013799527_12013799528_2190601967,1,0,15
7471.0,cluster_12013799529_12013799530_473195061,4,0,21
7472.0,2496228891,5,0,23
7472.0,cluster_12013799525_12013799526_2496228894,0,2,15
7472.0,cluster_12013799527_12013799528_2190601967,0,0,15
7472.0,cluster_12013799529_12013799530_473195061,3,0,15
7473.0,2496228891,7,0,23
7473.0,cluster_12013799525_12013799526_2496228894,1,2,15
7473.0,cluster_12013799527_12013799528_2190601967,0,0,15
7473.0,cluster_12013799529_12013799530_473195061,3,0,15
7474.0,2496228891,6,0,21
7474.0,cluster_12013799527_12013799528_2190601967,0,0,15
7474.0,cluster_12013799529_12013799530_473195061,3,0,15
7475.0,2496228891,5,0,21
7475.0,cluster_12013799527_12013799528_2190601967,0,0,15
7475.0,cluster_12013799529_12013799530_473195061,2,0,15
7476.0,2496228891,7,0,23
7476.0,cluster_12013799529_12013799530_473195061,2,0,15
7477.0,2496228891,7,0,21
7477.0,cluster_12013799525_12013799526_2496228894,0,0,15
7477.0,cluster_12013799529_12013799530_473195061,2,0,15
7478.0,2496228891,3,0,15
7478.0,cluster_12013799525_12013799526_2496228894,0,0,15
7478.0,cluster_12013799529_12013799530_473195061,1,0,15
7479.0,2496228891,3,0,15
7479.0,cluster_12013799525_12013799526_2496228894,0,0,15
7479.0,cluster_12013799527_12013799528_2190601967,4,2,21
7479.0,cluster_12013799529_12013799530_473195061,1,0,15
7480.0,2496228891,3,0,15
7480.0,cluster_12013799525_12013799526_2496228894,0,0,15
7480.0,cluster_12013799527_12013799528_2190601967,4,2,21
7480.0,cluster_12013799529_12013799530_473195061,0,0,15
7481.0,2496228891,1,0,15
7481.0,cluster_12013799525_12013799526_2496228894,0,0,15
7481.0,cluster_12013799527_12013799528_2190601967,4,2,21
7481.0,cluster_12013799529_12013799530_473195061,0,0,15
7482.0,2496228891,2,0,15
7482.0,cluster_12013799525_12013799526_2496228894,0,0,15
7482.0,cluster_12013799527_12013799528_2190601967,4,2,21
7482.0,cluster_12013799529_12013799530_473195061,0,0,15
7483.0,2496228891,2,0,15
7483.0,cluster_12013799525_12013799526_2496228894,0,0,15
7483.0,cluster_12013799527_12013799528_2190601967,3,2,15
7483.0,cluster_12013799529_12013799530_473195061,0,0,15
7484.0,2496228891,2,0,15
7484.0,cluster_12013799525_12013799526_2496228894,0,0,15
7484.0,cluster_12013799527_12013799528_2190601967,2,2,15
7484.0,cluster_12013799529_12013799530_473195061,0,0,15
7485.0,2496228891,2,0,15
7485.0,cluster_12013799525_12013799526_2496228894,0,0,15
7485.0,cluster_12013799527_12013799528_2190601967,2,2,15
7485.0,cluster_12013799529_12013799530_473195061,0,0,15
7486.0,2496228891,2,0,15
7486.0,cluster_12013799525_12013799526_2496228894,0,0,15
7486.0,cluster_12013799527_12013799528_2190601967,1,2,15
7486.0,cluster_12013799529_12013799530_473195061,0,0,15
7487.0,2496228891,2,0,15
7487.0,cluster_12013799525_12013799526_2496228894,0,0,15
7487.0,cluster_12013799527_12013799528_2190601967,1,2,15
7487.0,cluster_12013799529_12013799530_473195061,0,0,15
7488.0,2496228891,3,0,15
7488.0,cluster_12013799525_12013799526_2496228894,0,0,15
7488.0,cluster_12013799527_12013799528_2190601967,1,2,15
7488.0,cluster_12013799529_12013799530_473195061,0,0,15
7489.0,2496228891,2,0,15
7489.0,cluster_12013799525_12013799526_2496228894,0,0,15
7489.0,cluster_12013799527_12013799528_2190601967,0,2,15
7489.0,cluster_12013799529_12013799530_473195061,0,0,15
7490.0,2496228891,2,0,15
7490.0,cluster_12013799525_12013799526_2496228894,0,0,15
7490.0,cluster_12013799527_12013799528_2190601967,0,2,15
7491.0,2496228891,2,0,15
7491.0,cluster_12013799525_12013799526_2496228894,0,0,15
7491.0,cluster_12013799527_12013799528_2190601967,0,2,15
7492.0,cluster_12013799525_12013799526_2496228894,0,0,15
7492.0,cluster_12013799527_12013799528_2190601967,0,2,15
7493.0,cluster_12013799527_12013799528_2190601967,0,2,15
7493.0,cluster_12013799529_12013799530_473195061,10,2,22
7494.0,cluster_12013799527_12013799528_2190601967,0,2,15
7494.0,cluster_12013799529_12013799530_473195061,8,2,21
7495.0,2496228891,0,2,15
7495.0,cluster_12013799527_12013799528_2190601967,0,2,15
7495.0,cluster_12013799529_12013799530_473195061,8,2,21
7496.0,2496228891,0,2,15
7496.0,cluster_12013799525_12013799526_2496228894,1,2,15
7496.0,cluster_12013799527_12013799528_2190601967,0,2,15
7496.0,cluster_12013799529_12013799530_473195061,8,2,21
7497.0,2496228891,0,2,15
7497.0,cluster_12013799525_12013799526_2496228894,1,2,15
7497.0,cluster_12013799527_12013799528_2190601967,0,2,15
7497.0,cluster_12013799529_12013799530_473195061,6,2,21
7498.0,2496228891,0,2,15
7498.0,cluster_12013799525_12013799526_2496228894,1,2,15
7498.0,cluster_12013799527_12013799528_2190601967,0,2,15
7498.0,cluster_12013799529_12013799530_473195061,6,2,21
7499.0,2496228891,0,2,15
7499.0,cluster_12013799525_12013799526_2496228894,1,2,15
7499.0,cluster_12013799527_12013799528_2190601967,0,2,15
7499.0,cluster_12013799529_12013799530_473195061,6,2,21
7500.0,2496228891,0,2,15
7500.0,cluster_12013799525_12013799526_2496228894,1,2,15
7500.0,cluster_12013799527_12013799528_2190601967,0,2,15
7500.0,cluster_12013799529_12013799530_473195061,4,2,21
7501.0,2496228891,0,2,15
7501.0,cluster_12013799525_12013799526_2496228894,0,2,15
7501.0,cluster_12013799529_12013799530_473195061,4,2,21
7502.0,2496228891,0,2,15
7502.0,cluster_12013799525_12013799526_2496228894,0,2,15
7502.0,cluster_12013799529_12013799530_473195061,4,2,21
7503.0,2496228891,0,2,15
7503.0,cluster_12013799525_12013799526_2496228894,0,2,15
7503.0,cluster_12013799529_12013799530_473195061,3,2,15
7504.0,2496228891,0,2,15
7504.0,cluster_12013799525_12013799526_2496228894,0,2,15
7504.0,cluster_12013799527_12013799528_2190601967,0,0,15
7504.0,cluster_12013799529_12013799530_473195061,3,2,15
7505.0,2496228891,0,2,15
7505.0,cluster_12013799525_12013799526_2496228894,0,2,15
7505.0,cluster_12013799527_12013799528_2190601967,0,0,15
7505.0,cluster_12013799529_12013799530_473195061,2,2,15
7506.0,2496228891,0,2,15
7506.0,cluster_12013799525_12013799526_2496228894,0,2,15
7506.0,cluster_12013799527_12013799528_2190601967,0,0,15
7506.0,cluster_12013799529_12013799530_473195061,2,2,15
7507.0,2496228891,0,2,15
7507.0,cluster_12013799525_12013799526_2496228894,0,2,15
7507.0,cluster_12013799527_12013799528_2190601967,0,0,15
7507.0,cluster_12013799529_12013799530_473195061,1,2,15
7508.0,2496228891,1,2,15
7508.0,cluster_12013799525_12013799526_2496228894,1,2,15
7508.0,cluster_12013799527_12013799528_2190601967,1,0,15
7508.0,cluster_12013799529_12013799530_473195061,2,2,15
7509.0,2496228891,1,2,15
7509.0,cluster_12013799525_12013799526_2496228894,1,2,15
7509.0,cluster_12013799527_12013799528_2190601967,1,0,15
7509.0,cluster_12013799529_12013799530_473195061,1,2,15
7510.0,2496228891,1,2,15
7510.0,cluster_12013799525_12013799526_2496228894,1,2,15
7510.0,cluster_12013799527_12013799528_2190601967,1,0,15
7510.0,cluster_12013799529_12013799530_473195061,1,2,15
7511.0,cluster_12013799525_12013799526_2496228894,1,2,15
7511.0,cluster_12013799527_12013799528_2190601967,1,0,15
7511.0,cluster_12013799529_12013799530_473195061,1,2,15
7512.0,cluster_12013799527_12013799528_2190601967,2,0,15
7512.0,cluster_12013799529_12013799530_473195061,2,2,15
7513.0,cluster_12013799527_12013799528_2190601967,2,0,15
7513.0,cluster_12013799529_12013799530_473195061,2,2,15
7514.0,2496228891,8,0,21
7514.0,cluster_12013799527_12013799528_2190601967,2,0,15
7514.0,cluster_12013799529_12013799530_473195061,2,2,15
7515.0,2496228891,7,0,21
7515.0,cluster_12013799525_12013799526_2496228894,2,0,15
7515.0,cluster_12013799527_12013799528_2190601967,2,0,15
7515.0,cluster_12013799529_12013799530_473195061,2,2,15
7516.0,2496228891,8,0,24
7516.0,cluster_12013799525_12013799526_2496228894,3,0,15
7516.0,cluster_12013799527_12013799528_2190601967,3,0,15
7517.0,2496228891,8,0,21
7517.0,cluster_12013799525_12013799526_2496228894,3,0,15
7517.0,cluster_12013799527_12013799528_2190601967,3,0,15
7518.0,2496228891,7,0,21
7518.0,cluster_12013799525_12013799526_2496228894,2,0,15
7518.0,cluster_12013799527_12013799528_2190601967,3,0,15
7519.0,2496228891,6,0,21
7519.0,cluster_12013799525_12013799526_2496228894,2,0,15
7519.0,cluster_12013799527_12013799528_2190601967,3,0,15
7519.0,cluster_12013799529_12013799530_473195061,3,0,15
7520.0,2496228891,7,0,23
7520.0,cluster_12013799525_12013799526_2496228894,3,0,15
7520.0,cluster_12013799529_12013799530_473195061,4,0,21
7521.0,2496228891,7,0,21
7521.0,cluster_12013799525_12013799526_2496228894,3,0,15
7521.0,cluster_12013799529_12013799530_473195061,4,0,21
7522.0,2496228891,6,0,21
7522.0,cluster_12013799525_12013799526_2496228894,2,0,15
7522.0,cluster_12013799529_12013799530_473195061,4,0,21
7523.0,2496228891,6,0,23
7523.0,cluster_12013799525_12013799526_2496228894,2,0,15
7523.0,cluster_12013799527_12013799528_2190601967,3,2,15
7523.0,cluster_12013799529_12013799530_473195061,4,0,21
7524.0,2496228891,6,0,23
7524.0,cluster_12013799525_12013799526_2496228894,2,0,15
7524.0,cluster_12013799527_12013799528_2190601967,4,2,23
7524.0,cluster_12013799529_12013799530_473195061,5,0,21
7525.0,2496228891,5,0,21
7525.0,cluster_12013799525_12013799526_2496228894,2,0,15
7525.0,cluster_12013799527_12013799528_2190601967,4,2,23
7525.0,cluster_12013799529_12013799530_473195061,4,0,21
7526.0,2496228891,5,0,23
7526.0,cluster_12013799525_12013799526_2496228894,1,0,15
7526.0,cluster_12013799527_12013799528_2190601967,3,2,15
7526.0,cluster_12013799529_12013799530_473195061,4,0,21
7527.0,2496228891,6,0,23
7527.0,cluster_12013799525_12013799526_2496228894,1,0,15
7527.0,cluster_12013799527_12013799528_2190601967,3,2,15
7527.0,cluster_12013799529_12013799530_473195061,4,0,21
7528.0,2496228891,6,0,21
7528.0,cluster_12013799525_12013799526_2496228894,1,0,15
7528.0,cluster_12013799527_12013799528_2190601967,2,2,15
7528.0,cluster_12013799529_12013799530_473195061,4,0,21
7529.0,2496228891,6,0,21
7529.0,cluster_12013799525_12013799526_2496228894,1,0,15
7529.0,cluster_12013799527_12013799528_2190601967,4,2,23
7529.0,cluster_12013799529_12013799530_473195061,4,0,21
7530.0,2496228891,6,0,21
7530.0,cluster_12013799525_12013799526_2496228894,0,0,15
7530.0,cluster_12013799527_12013799528_2190601967,2,2,15
7530.0,cluster_12013799529_12013799530_473195061,4,0,21
7531.0,2496228891,4,0,23
7531.0,cluster_12013799527_12013799528_2190601967,2,2,15
7531.0,cluster_12013799529_12013799530_473195061,3,0,15
7532.0,2496228891,4,0,23
7532.0,cluster_12013799527_12013799528_2190601967,2,2,15
7532.0,cluster_12013799529_12013799530_473195061,3,0,15
7533.0,2496228891,3,0,15
7533.0,cluster_12013799527_12013799528_2190601967,2,2,15
7533.0,cluster_12013799529_12013799530_473195061,2,0,15
7534.0,2496228891,5,0,23
7534.0,cluster_12013799525_12013799526_2496228894,6,2,21
7534.0,cluster_12013799527_12013799528_2190601967,2,2,15
7534.0,cluster_12013799529_12013799530_473195061,2,0,15
7535.0,2496228891,5,0,21
7535.0,cluster_12013799525_12013799526_2496228894,6,2,21
7535.0,cluster_12013799527_12013799528_2190601967,2,2,15
7536.0,cluster_12013799525_12013799526_2496228894,6,2,21
7536.0,cluster_12013799527_12013799528_2190601967,2,2,15
7537.0,cluster_12013799525_12013799526_2496228894,6,2,23
7537.0,cluster_12013799527_12013799528_2190601967,2,2,15
7538.0,cluster_12013799525_12013799526_2496228894,5,2,21
7538.0,cluster_12013799527_12013799528_2190601967,2,2,15
7538.0,cluster_12013799529_12013799530_473195061,8,2,21
7539.0,2496228891,2,2,15
7539.0,cluster_12013799525_12013799526_2496228894,4,2,21
7539.0,cluster_12013799529_12013799530_473195061,7,2,21
7540.0,2496228891,2,2,15
7540.0,cluster_12013799525_12013799526_2496228894,4,2,21
7540.0,cluster_12013799529_12013799530_473195061,7,2,21
7541.0,2496228891,2,2,15
7541.0,cluster_12013799525_12013799526_2496228894,3,2,15
7541.0,cluster_12013799529_12013799530_473195061,7,2,21
7542.0,2496228891,2,2,15
7542.0,cluster_12013799525_12013799526_2496228894,2,2,15
7542.0,cluster_12013799527_12013799528_2190601967,6,0,21
7542.0,cluster_12013799529_12013799530_473195061,6,2,21
7543.0,2496228891,1,2,15
7543.0,cluster_12013799525_12013799526_2496228894,1,2,15
7543.0,cluster_12013799527_12013799528_2190601967,6,0,21
7543.0,cluster_12013799529_12013799530_473195061,6,2,21
7544.0,2496228891,1,2,15
7544.0,cluster_12013799525_12013799526_2496228894,2,2,15
7544.0,cluster_12013799527_12013799528_2190601967,6,0,21
7544.0,cluster_12013799529_12013799530_473195061,6,2,21
7545.0,2496228891,1,2,15
7545.0,cluster_12013799525_12013799526_2496228894,2,2,15
7545.0,cluster_12013799527_12013799528_2190601967,6,0,21
7545.0,cluster_12013799529_12013799530_473195061,6,2,21
7546.0,2496228891,0,2,15
7546.0,cluster_12013799525_12013799526_2496228894,2,2,15
7546.0,cluster_12013799527_12013799528_2190601967,6,0,21
7546.0,cluster_12013799529_12013799530_473195061,6,2,21
7547.0,2496228891,0,2,15
7547.0,cluster_12013799525_12013799526_2496228894,2,2,15
7547.0,cluster_12013799527_12013799528_2190601967,5,0,21
7547.0,cluster_12013799529_12013799530_473195061,5,2,21
7548.0,2496228891,0,2,15
7548.0,cluster_12013799525_12013799526_2496228894,2,2,15
7548.0,cluster_12013799527_12013799528_2190601967,5,0,21
7548.0,cluster_12013799529_12013799530_473195061,5,2,21
7549.0,2496228891,0,2,15
7549.0,cluster_12013799525_12013799526_2496228894,3,2,15
7549.0,cluster_12013799527_12013799528_2190601967,4,0,21
7549.0,cluster_12013799529_12013799530_473195061,4,2,21
7550.0,2496228891,0,2,15
7550.0,cluster_12013799525_12013799526_2496228894,3,2,15
7550.0,cluster_12013799527_12013799528_2190601967,4,0,21
7550.0,cluster_12013799529_12013799530_473195061,5,2,23
7551.0,2496228891,0,2,15
7551.0,cluster_12013799525_12013799526_2496228894,3,2,15
7551.0,cluster_12013799527_12013799528_2190601967,4,0,21
7551.0,cluster_12013799529_12013799530_473195061,5,2,21
7552.0,2496228891,0,2,15
7552.0,cluster_12013799525_12013799526_2496228894,3,2,15
7552.0,cluster_12013799527_12013799528_2190601967,3,0,15
7552.0,cluster_12013799529_12013799530_473195061,5,2,23
7553.0,2496228891,0,2,15
7553.0,cluster_12013799525_12013799526_2496228894,3,2,15
7553.0,cluster_12013799527_12013799528_2190601967,3,0,15
7553.0,cluster_12013799529_12013799530_473195061,5,2,21
7554.0,2496228891,0,2,15
7554.0,cluster_12013799525_12013799526_2496228894,2,2,15
7554.0,cluster_12013799527_12013799528_2190601967,2,0,15
7554.0,cluster_12013799529_12013799530_473195061,4,2,21
7555.0,cluster_12013799525_12013799526_2496228894,2,2,15
7555.0,cluster_12013799527_12013799528_2190601967,2,0,15
7555.0,cluster_12013799529_12013799530_473195061,5,2,23
7556.0,cluster_12013799527_12013799528_2190601967,2,0,15
7556.0,cluster_12013799529_12013799530_473195061,5,2,21
7557.0,cluster_12013799527_12013799528_2190601967,1,0,15
7557.0,cluster_12013799529_12013799530_473195061,5,2,23
7558.0,2496228891,4,0,21
7558.0,cluster_12013799527_12013799528_2190601967,1,0,15
7558.0,cluster_12013799529_12013799530_473195061,5,2,21
7559.0,2496228891,2,0,15
7559.0,cluster_12013799525_12013799526_2496228894,0,0,15
7559.0,cluster_12013799527_12013799528_2190601967,0,0,15
7559.0,cluster_12013799529_12013799530_473195061,5,2,23
7560.0,2496228891,2,0,15
7560.0,cluster_12013799525_12013799526_2496228894,0,0,15
7560.0,cluster_12013799527_12013799528_2190601967,0,0,15
7561.0,2496228891,2,0,15
7561.0,cluster_12013799525_12013799526_2496228894,0,0,15
7561.0,cluster_12013799527_12013799528_2190601967,0,0,15
7562.0,2496228891,2,0,15
7562.0,cluster_12013799525_12013799526_2496228894,0,0,15
7562.0,cluster_12013799527_12013799528_2190601967,0,0,15
7563.0,2496228891,2,0,15
7563.0,cluster_12013799525_12013799526_2496228894,0,0,15
7563.0,cluster_12013799527_12013799528_2190601967,0,0,15
7563.0,cluster_12013799529_12013799530_473195061,2,0,15
7564.0,2496228891,1,0,15
7564.0,cluster_12013799525_12013799526_2496228894,0,0,15
7564.0,cluster_12013799529_12013799530_473195061,1,0,15
7565.0,2496228891,1,0,15
7565.0,cluster_12013799525_12013799526_2496228894,0,0,15
7565.0,cluster_12013799529_12013799530_473195061,1,0,15
7566.0,2496228891,1,0,15
7566.0,cluster_12013799525_12013799526_2496228894,0,0,15
7566.0,cluster_12013799529_12013799530_473195061,1,0,15
7567.0,2496228891,1,0,15
7567.0,cluster_12013799525_12013799526_2496228894,0,0,15
7567.0,cluster_12013799527_12013799528_2190601967,3,2,15
7567.0,cluster_12013799529_12013799530_473195061,1,0,15
7568.0,2496228891,0,0,15
7568.0,cluster_12013799525_12013799526_2496228894,0,0,15
7568.0,cluster_12013799527_12013799528_2190601967,2,2,15
7568.0,cluster_12013799529_12013799530_473195061,0,0,15
7569.0,2496228891,0,0,15
7569.0,cluster_12013799525_12013799526_2496228894,0,0,15
7569.0,cluster_12013799527_12013799528_2190601967,2,2,15
7569.0,cluster_12013799529_12013799530_473195061,0,0,15
7570.0,2496228891,0,0,15
7570.0,cluster_12013799525_12013799526_2496228894,0,0,15
7570.0,cluster_12013799527_12013799528_2190601967,2,2,15
7570.0,cluster_12013799529_12013799530_473195061,0,0,15
7571.0,2496228891,0,0,15
7571.0,cluster_12013799525_12013799526_2496228894,0,0,15
7571.0,cluster_12013799527_12013799528_2190601967,1,2,15
7571.0,cluster_12013799529_12013799530_473195061,0,0,15
7572.0,2496228891,0,0,15
7572.0,cluster_12013799525_12013799526_2496228894,0,0,15
7572.0,cluster_12013799527_12013799528_2190601967,0,2,15
7572.0,cluster_12013799529_12013799530_473195061,0,0,15
7573.0,2496228891,0,0,15
7573.0,cluster_12013799525_12013799526_2496228894,0,0,15
7573.0,cluster_12013799527_12013799528_2190601967,0,2,15
7573.0,cluster_12013799529_12013799530_473195061,0,0,15
7574.0,2496228891,0,0,15
7574.0,cluster_12013799525_12013799526_2496228894,0,0,15
7574.0,cluster_12013799527_12013799528_2190601967,0,2,15
7574.0,cluster_12013799529_12013799530_473195061,0,0,15
7575.0,2496228891,1,0,15
7575.0,cluster_12013799527_12013799528_2190601967,0,2,15
7575.0,cluster_12013799529_12013799530_473195061,0,0,15
7576.0,2496228891,1,0,15
7576.0,cluster_12013799527_12013799528_2190601967,0,2,15
7576.0,cluster_12013799529_12013799530_473195061,0,0,15
7577.0,2496228891,1,0,15
7577.0,cluster_12013799527_12013799528_2190601967,0,2,15
7577.0,cluster_12013799529_12013799530_473195061,0,0,15
7578.0,2496228891,2,0,15
7578.0,cluster_12013799525_12013799526_2496228894,0,2,15
7578.0,cluster_12013799527_12013799528_2190601967,0,2,15
7578.0,cluster_12013799529_12013799530_473195061,0,0,15
7579.0,2496228891,2,0,15
7579.0,cluster_12013799525_12013799526_2496228894,0,2,15
7579.0,cluster_12013799527_12013799528_2190601967,0,2,15
7580.0,cluster_12013799525_12013799526_2496228894,0,2,15
7580.0,cluster_12013799527_12013799528_2190601967,0,2,15
7581.0,cluster_12013799525_12013799526_2496228894,0,2,15
7581.0,cluster_12013799527_12013799528_2190601967,0,2,15
7582.0,cluster_12013799525_12013799526_2496228894,0,2,15
7582.0,cluster_12013799527_12013799528_2190601967,0,2,15
7582.0,cluster_12013799529_12013799530_473195061,7,2,21
7583.0,2496228891,0,2,15
7583.0,cluster_12013799525_12013799526_2496228894,0,2,15
7583.0,cluster_12013799529_12013799530_473195061,6,2,21
7584.0,2496228891,1,2,15
7584.0,cluster_12013799525_12013799526_2496228894,1,2,15
7584.0,cluster_12013799529_12013799530_473195061,7,2,23
7585.0,2496228891,1,2,15
7585.0,cluster_12013799525_12013799526_2496228894,1,2,15
7585.0,cluster_12013799529_12013799530_473195061,7,2,21
7586.0,2496228891,1,2,15
7586.0,cluster_12013799525_12013799526_2496228894,1,2,15
7586.0,cluster_12013799527_12013799528_2190601967,1,0,15
7586.0,cluster_12013799529_12013799530_473195061,5,2,21
7587.0,2496228891,1,2,15
7587.0,cluster_12013799525_12013799526_2496228894,1,2,15
7587.0,cluster_12013799527_12013799528_2190601967,1,0,15
7587.0,cluster_12013799529_12013799530_473195061,5,2,21
7588.0,2496228891,2,2,15
7588.0,cluster_12013799525_12013799526_2496228894,2,2,15
7588.0,cluster_12013799527_12013799528_2190601967,2,0,15
7588.0,cluster_12013799529_12013799530_473195061,6,2,21
7589.0,2496228891,2,2,15
7589.0,cluster_12013799525_12013799526_2496228894,2,2,15
7589.0,cluster_12013799527_12013799528_2190601967,2,0,15
7589.0,cluster_12013799529_12013799530_473195061,5,2,21
7590.0,2496228891,2,2,15
7590.0,cluster_12013799525_12013799526_2496228894,2,2,15
7590.0,cluster_12013799527_12013799528_2190601967,2,0,15
7590.0,cluster_12013799529_12013799530_473195061,5,2,21
7591.0,2496228891,2,2,15
7591.0,cluster_12013799525_12013799526_2496228894,2,2,15
7591.0,cluster_12013799527_12013799528_2190601967,2,0,15
7591.0,cluster_12013799529_12013799530_473195061,5,2,21
7592.0,2496228891,2,2,15
7592.0,cluster_12013799525_12013799526_2496228894,2,2,15
7592.0,cluster_12013799527_12013799528_2190601967,3,0,15
7592.0,cluster_12013799529_12013799530_473195061,5,2,21
7593.0,2496228891,3,2,15
7593.0,cluster_12013799525_12013799526_2496228894,3,2,15
7593.0,cluster_12013799527_12013799528_2190601967,3,0,15
7593.0,cluster_12013799529_12013799530_473195061,5,2,21
7594.0,2496228891,3,2,15
7594.0,cluster_12013799527_12013799528_2190601967,3,0,15
7594.0,cluster_12013799529_12013799530_473195061,4,2,21
7595.0,2496228891,3,2,15
7595.0,cluster_12013799527_12013799528_2190601967,3,0,15
7595.0,cluster_12013799529_12013799530_473195061,4,2,21
7596.0,2496228891,2,2,15
7596.0,cluster_12013799527_12013799528_2190601967,4,0,23
7596.0,cluster_12013799529_12013799530_473195061,5,2,21
7597.0,2496228891,3,2,15
7597.0,cluster_12013799525_12013799526_2496228894,3,0,15
7597.0,cluster_12013799527_12013799528_2190601967,4,0,21
7597.0,cluster_12013799529_12013799530_473195061,4,2,21
7598.0,2496228891,3,2,15
7598.0,cluster_12013799525_12013799526_2496228894,3,0,15
7598.0,cluster_12013799527_12013799528_2190601967,4,0,21
7598.0,cluster_12013799529_12013799530_473195061,4,2,21
7599.0,cluster_12013799525_12013799526_2496228894,3,0,15
7599.0,cluster_12013799527_12013799528_2190601967,4,0,21
7599.0,cluster_12013799529_12013799530_473195061,4,2,21
7600.0,cluster_12013799525_12013799526_2496228894,3,0,15
7600.0,cluster_12013799527_12013799528_2190601967,4,0,21
7600.0,cluster_12013799529_12013799530_473195061,4,2,21
7601.0,cluster_12013799525_12013799526_2496228894,2,0,15
7601.0,cluster_12013799527_12013799528_2190601967,4,0,21
7601.0,cluster_12013799529_12013799530_473195061,4,2,21
7602.0,2496228891,9,0,22
7602.0,cluster_12013799525_12013799526_2496228894,2,0,15
7602.0,cluster_12013799529_12013799530_473195061,4,2,21
7603.0,2496228891,9,0,25
7603.0,cluster_12013799525_12013799526_2496228894,2,0,15
7603.0,cluster_12013799529_12013799530_473195061,4,2,21
7604.0,2496228891,9,0,25
7604.0,cluster_12013799525_12013799526_2496228894,1,0,15
7605.0,2496228891,10,0,26
7605.0,cluster_12013799525_12013799526_2496228894,1,0,15
7605.0,cluster_12013799527_12013799528_2190601967,4,2,21
7606.0,2496228891,9,0,22
7606.0,cluster_12013799525_12013799526_2496228894,0,0,15
7606.0,cluster_12013799527_12013799528_2190601967,2,2,15
7607.0,2496228891,8,0,21
7607.0,cluster_12013799525_12013799526_2496228894,0,0,15
7607.0,cluster_12013799527_12013799528_2190601967,3,2,15
7607.0,cluster_12013799529_12013799530_473195061,4,0,21
7608.0,2496228891,8,0,24
7608.0,cluster_12013799525_12013799526_2496228894,0,0,15
7608.0,cluster_12013799527_12013799528_2190601967,3,2,15
7608.0,cluster_12013799529_12013799530_473195061,4,0,21
7609.0,2496228891,7,0,23
7609.0,cluster_12013799525_12013799526_2496228894,0,0,15
7609.0,cluster_12013799527_12013799528_2190601967,4,2,23
7609.0,cluster_12013799529_12013799530_473195061,4,0,21
7610.0,2496228891,6,0,23
7610.0,cluster_12013799525_12013799526_2496228894,0,0,15
7610.0,cluster_12013799527_12013799528_2190601967,3,2,15
7610.0,cluster_12013799529_12013799530_473195061,4,0,21
7611.0,2496228891,4,0,21
7611.0,cluster_12013799525_12013799526_2496228894,0,0,15
7611.0,cluster_12013799527_12013799528_2190601967,4,2,23
7611.0,cluster_12013799529_12013799530_473195061,3,0,15
7612.0,2496228891,6,0,23
7612.0,cluster_12013799525_12013799526_2496228894,0,0,15
7612.0,cluster_12013799527_12013799528_2190601967,3,2,15
7612.0,cluster_12013799529_12013799530_473195061,3,0,15
7613.0,2496228891,6,0,23
7613.0,cluster_12013799527_12013799528_2190601967,4,2,23
7613.0,cluster_12013799529_12013799530_473195061,3,0,15
7614.0,2496228891,6,0,23
7614.0,cluster_12013799527_12013799528_2190601967,4,2,21
7614.0,cluster_12013799529_12013799530_473195061,2,0,15
7615.0,2496228891,6,0,21
7615.0,cluster_12013799527_12013799528_2190601967,3,2,15
7615.0,cluster_12013799529_12013799530_473195061,2,0,15
7616.0,2496228891,3,0,15
7616.0,cluster_12013799525_12013799526_2496228894,8,2,21
7616.0,cluster_12013799527_12013799528_2190601967,2,2,15
7616.0,cluster_12013799529_12013799530_473195061,1,0,15
7617.0,2496228891,4,0,23
7617.0,cluster_12013799525_12013799526_2496228894,7,2,21
7617.0,cluster_12013799527_12013799528_2190601967,2,2,15
7617.0,cluster_12013799529_12013799530_473195061,1,0,15
7618.0,2496228891,3,0,15
7618.0,cluster_12013799525_12013799526_2496228894,7,2,21
7618.0,cluster_12013799527_12013799528_2190601967,2,2,15
7618.0,cluster_12013799529_12013799530_473195061,0,0,15
7619.0,2496228891,1,0,15
7619.0,cluster_12013799525_12013799526_2496228894,7,2,21
7619.0,cluster_12013799527_12013799528_2190601967,1,2,15
7619.0,cluster_12013799529_12013799530_473195061,0,0,15
7620.0,2496228891,2,0,15
7620.0,cluster_12013799525_12013799526_2496228894,6,2,21
7620.0,cluster_12013799527_12013799528_2190601967,1,2,15
7620.0,cluster_12013799529_12013799530_473195061,0,0,15
7621.0,2496228891,2,0,15
7621.0,cluster_12013799525_12013799526_2496228894,6,2,21
7621.0,cluster_12013799527_12013799528_2190601967,0,2,15
7621.0,cluster_12013799529_12013799530_473195061,0,0,15
7622.0,2496228891,1,0,15
7622.0,cluster_12013799525_12013799526_2496228894,5,2,21
7622.0,cluster_12013799527_12013799528_2190601967,1,2,15
7622.0,cluster_12013799529_12013799530_473195061,0,0,15
7623.0,2496228891,2,0,15
7623.0,cluster_12013799525_12013799526_2496228894,5,2,21
7623.0,cluster_12013799527_12013799528_2190601967,1,2,15
7623.0,cluster_12013799529_12013799530_473195061,0,0,15
7624.0,2496228891,3,0,15
7624.0,cluster_12013799525_12013799526_2496228894,4,2,21
7624.0,cluster_12013799527_12013799528_2190601967,1,2,15
7624.0,cluster_12013799529_12013799530_473195061,0,0,15
7625.0,cluster_12013799525_12013799526_2496228894,4,2,21
7625.0,cluster_12013799527_12013799528_2190601967,1,2,15
7625.0,cluster_12013799529_12013799530_473195061,0,0,15
7626.0,cluster_12013799525_12013799526_2496228894,3,2,15
7626.0,cluster_12013799527_12013799528_2190601967,1,2,15
7626.0,cluster_12013799529_12013799530_473195061,0,0,15
7627.0,cluster_12013799525_12013799526_2496228894,3,2,15
7627.0,cluster_12013799529_12013799530_473195061,0,0,15
7628.0,2496228891,3,2,15
7628.0,cluster_12013799525_12013799526_2496228894,3,2,15
7628.0,cluster_12013799529_12013799530_473195061,0,0,15
7629.0,2496228891,2,2,15
7629.0,cluster_12013799525_12013799526_2496228894,2,2,15
7630.0,2496228891,2,2,15
7630.0,cluster_12013799525_12013799526_2496228894,2,2,15
7630.0,cluster_12013799527_12013799528_2190601967,6,0,21
7631.0,2496228891,2,2,15
7631.0,cluster_12013799525_12013799526_2496228894,2,2,15
7631.0,cluster_12013799527_12013799528_2190601967,5,0,21
7632.0,2496228891,1,2,15
7632.0,cluster_12013799525_12013799526_2496228894,1,2,15
7632.0,cluster_12013799527_12013799528_2190601967,5,0,21
7632.0,cluster_12013799529_12013799530_473195061,8,2,21
7633.0,2496228891,1,2,15
7633.0,cluster_12013799525_12013799526_2496228894,2,2,15
7633.0,cluster_12013799527_12013799528_2190601967,5,0,21
7633.0,cluster_12013799529_12013799530_473195061,7,2,21
7634.0,2496228891,1,2,15
7634.0,cluster_12013799525_12013799526_2496228894,2,2,15
7634.0,cluster_12013799527_12013799528_2190601967,4,0,21
7634.0,cluster_12013799529_12013799530_473195061,6,2,21
7635.0,2496228891,0,2,15
7635.0,cluster_12013799525_12013799526_2496228894,2,2,15
7635.0,cluster_12013799527_12013799528_2190601967,4,0,21
7635.0,cluster_12013799529_12013799530_473195061,7,2,23
7636.0,2496228891,0,2,15
7636.0,cluster_12013799525_12013799526_2496228894,2,2,15
7636.0,cluster_12013799527_12013799528_2190601967,4,0,21
7636.0,cluster_12013799529_12013799530_473195061,6,2,21
7637.0,2496228891,0,2,15
7637.0,cluster_12013799525_12013799526_2496228894,2,2,15
7637.0,cluster_12013799527_12013799528_2190601967,3,0,15
7637.0,cluster_12013799529_12013799530_473195061,6,2,23
7638.0,2496228891,0,2,15
7638.0,cluster_12013799527_12013799528_2190601967,3,0,15
7638.0,cluster_12013799529_12013799530_473195061,6,2,21
7639.0,2496228891,0,2,15
7639.0,cluster_12013799527_12013799528_2190601967,3,0,15
7639.0,cluster_12013799529_12013799530_473195061,5,2,21
7640.0,2496228891,0,2,15
7640.0,cluster_12013799527_12013799528_2190601967,2,0,15
7640.0,cluster_12013799529_12013799530_473195061,5,2,23
7641.0,2496228891,0,2,15
7641.0,cluster_12013799525_12013799526_2496228894,0,0,15
7641.0,cluster_12013799527_12013799528_2190601967,2,0,15
7641.0,cluster_12013799529_12013799530_473195061,5,2,21
7642.0,2496228891,0,2,15
7642.0,cluster_12013799525_12013799526_2496228894,0,0,15
7642.0,cluster_12013799527_12013799528_2190601967,1,0,15
7642.0,cluster_12013799529_12013799530_473195061,5,2,23
7643.0,2496228891,0,2,15
7643.0,cluster_12013799525_12013799526_2496228894,0,0,15
7643.0,cluster_12013799527_12013799528_2190601967,1,0,15
7643.0,cluster_12013799529_12013799530_473195061,5,2,21
7644.0,cluster_12013799525_12013799526_2496228894,0,0,15
7644.0,cluster_12013799527_12013799528_2190601967,0,0,15
7644.0,cluster_12013799529_12013799530_473195061,4,2,21
7645.0,cluster_12013799525_12013799526_2496228894,0,0,15
7645.0,cluster_12013799527_12013799528_2190601967,0,0,15
7645.0,cluster_12013799529_12013799530_473195061,4,2,21
7646.0,cluster_12013799525_12013799526_2496228894,0,0,15
7646.0,cluster_12013799527_12013799528_2190601967,0,0,15
7646.0,cluster_12013799529_12013799530_473195061,4,2,21
7647.0,2496228891,6,0,21
7647.0,cluster_12013799525_12013799526_2496228894,0,0,15
7647.0,cluster_12013799527_12013799528_2190601967,0,0,15
7647.0,cluster_12013799529_12013799530_473195061,4,2,21
7648.0,2496228891,6,0,23
7648.0,cluster_12013799525_12013799526_2496228894,0,0,15
7648.0,cluster_12013799527_12013799528_2190601967,0,0,15
7648.0,cluster_12013799529_12013799530_473195061,4,2,21
7649.0,2496228891,6,0,23
7649.0,cluster_12013799525_12013799526_2496228894,0,0,15
7649.0,cluster_12013799527_12013799528_2190601967,0,0,15
7649.0,cluster_12013799529_12013799530_473195061,4,2,21
7650.0,2496228891,6,0,23
7650.0,cluster_12013799525_12013799526_2496228894,0,0,15
7650.0,cluster_12013799527_12013799528_2190601967,0,0,15
7650.0,cluster_12013799529_12013799530_473195061,4,2,21
7651.0,2496228891,4,0,21
7651.0,cluster_12013799525_12013799526_2496228894,0,0,15
7651.0,cluster_12013799527_12013799528_2190601967,0,0,15
7651.0,cluster_12013799529_12013799530_473195061,3,2,15
7652.0,2496228891,4,0,21
7652.0,cluster_12013799525_12013799526_2496228894,0,0,15
7652.0,cluster_12013799529_12013799530_473195061,3,2,15
7653.0,2496228891,2,0,15
7653.0,cluster_12013799525_12013799526_2496228894,0,0,15
7653.0,cluster_12013799529_12013799530_473195061,3,2,15
7654.0,2496228891,2,0,15
7654.0,cluster_12013799525_12013799526_2496228894,0,0,15
7655.0,2496228891,1,0,15
7655.0,cluster_12013799525_12013799526_2496228894,0,0,15
7655.0,cluster_12013799527_12013799528_2190601967,0,2,15
7656.0,2496228891,2,0,15
7656.0,cluster_12013799525_12013799526_2496228894,0,0,15
7656.0,cluster_12013799527_12013799528_2190601967,0,2,15
7657.0,2496228891,1,0,15
7657.0,cluster_12013799527_12013799528_2190601967,0,2,15
7657.0,cluster_12013799529_12013799530_473195061,0,0,15
7658.0,2496228891,1,0,15
7658.0,cluster_12013799527_12013799528_2190601967,0,2,15
7658.0,cluster_12013799529_12013799530_473195061,0,0,15
7659.0,2496228891,0,0,15
7659.0,cluster_12013799527_12013799528_2190601967,0,2,15
7659.0,cluster_12013799529_12013799530_473195061,0,0,15
7660.0,2496228891,1,0,15
7660.0,cluster_12013799525_12013799526_2496228894,6,2,21
7660.0,cluster_12013799527_12013799528_2190601967,0,2,15
7660.0,cluster_12013799529_12013799530_473195061,0,0,15
7661.0,2496228891,2,0,15
7661.0,cluster_12013799525_12013799526_2496228894,6,2,23
7661.0,cluster_12013799527_12013799528_2190601967,1,2,15
7661.0,cluster_12013799529_12013799530_473195061,1,0,15
7662.0,2496228891,3,0,15
7662.0,cluster_12013799525_12013799526_2496228894,6,2,21
7662.0,cluster_12013799527_12013799528_2190601967,1,2,15
7662.0,cluster_12013799529_12013799530_473195061,1,0,15
7663.0,2496228891,3,0,15
7663.0,cluster_12013799525_12013799526_2496228894,6,2,21
7663.0,cluster_12013799527_12013799528_2190601967,1,2,15
7663.0,cluster_12013799529_12013799530_473195061,1,0,15
7664.0,2496228891,3,0,15
7664.0,cluster_12013799525_12013799526_2496228894,5,2,21
7664.0,cluster_12013799527_12013799528_2190601967,1,2,15
7664.0,cluster_12013799529_12013799530_473195061,1,0,15
7665.0,2496228891,4,0,23
7665.0,cluster_12013799525_12013799526_2496228894,6,2,23
7665.0,cluster_12013799527_12013799528_2190601967,3,2,15
7665.0,cluster_12013799529_12013799530_473195061,2,0,15
7666.0,2496228891,4,0,23
7666.0,cluster_12013799525_12013799526_2496228894,6,2,23
7666.0,cluster_12013799527_12013799528_2190601967,3,2,15
7666.0,cluster_12013799529_12013799530_473195061,2,0,15
7667.0,2496228891,3,0,15
7667.0,cluster_12013799525_12013799526_2496228894,5,2,21
7667.0,cluster_12013799527_12013799528_2190601967,4,2,23
7667.0,cluster_12013799529_12013799530_473195061,2,0,15
7668.0,2496228891,3,0,15
7668.0,cluster_12013799525_12013799526_2496228894,6,2,23
7668.0,cluster_12013799527_12013799528_2190601967,4,2,21
7668.0,cluster_12013799529_12013799530_473195061,2,0,15
7669.0,cluster_12013799525_12013799526_2496228894,6,2,23
7669.0,cluster_12013799527_12013799528_2190601967,5,2,23
7669.0,cluster_12013799529_12013799530_473195061,2,0,15
7670.0,cluster_12013799525_12013799526_2496228894,7,2,23
7670.0,cluster_12013799527_12013799528_2190601967,5,2,21
7670.0,cluster_12013799529_12013799530_473195061,3,0,15
7671.0,cluster_12013799525_12013799526_2496228894,7,2,23
7671.0,cluster_12013799529_12013799530_473195061,3,0,15
7672.0,2496228891,3,2,15
7672.0,cluster_12013799525_12013799526_2496228894,6,2,21
7672.0,cluster_12013799529_12013799530_473195061,3,0,15
7673.0,2496228891,3,2,15
7673.0,cluster_12013799525_12013799526_2496228894,6,2,21
7674.0,2496228891,2,2,15
7674.0,cluster_12013799525_12013799526_2496228894,4,2,21
7674.0,cluster_12013799527_12013799528_2190601967,4,0,21
7675.0,2496228891,3,2,15
7675.0,cluster_12013799525_12013799526_2496228894,5,2,21
7675.0,cluster_12013799527_12013799528_2190601967,4,0,21
7676.0,2496228891,3,2,15
7676.0,cluster_12013799525_12013799526_2496228894,5,2,21
7676.0,cluster_12013799527_12013799528_2190601967,4,0,21
7676.0,cluster_12013799529_12013799530_473195061,5,2,21
7677.0,2496228891,2,2,15
7677.0,cluster_12013799525_12013799526_2496228894,4,2,21
7677.0,cluster_12013799527_12013799528_2190601967,4,0,21
7677.0,cluster_12013799529_12013799530_473195061,4,2,21
7678.0,2496228891,3,2,15
7678.0,cluster_12013799525_12013799526_2496228894,5,2,21
7678.0,cluster_12013799527_12013799528_2190601967,4,0,21
7678.0,cluster_12013799529_12013799530_473195061,4,2,21
7679.0,2496228891,2,2,15
7679.0,cluster_12013799525_12013799526_2496228894,3,2,15
7679.0,cluster_12013799527_12013799528_2190601967,4,0,21
7679.0,cluster_12013799529_12013799530_473195061,4,2,21
7680.0,2496228891,2,2,15
7680.0,cluster_12013799525_12013799526_2496228894,4,2,23
7680.0,cluster_12013799527_12013799528_2190601967,4,0,21
7680.0,cluster_12013799529_12013799530_473195061,4,2,21
7681.0,2496228891,2,2,15
7681.0,cluster_12013799525_12013799526_2496228894,3,2,15
7681.0,cluster_12013799527_12013799528_2190601967,4,0,21
7681.0,cluster_12013799529_12013799530_473195061,4,2,21
7682.0,2496228891,1,2,15
7682.0,cluster_12013799527_12013799528_2190601967,5,0,23
7682.0,cluster_12013799529_12013799530_473195061,5,2,21
7683.0,2496228891,1,2,15
7683.0,cluster_12013799527_12013799528_2190601967,5,0,21
7683.0,cluster_12013799529_12013799530_473195061,5,2,21
7684.0,2496228891,1,2,15
7684.0,cluster_12013799527_12013799528_2190601967,4,0,21
7684.0,cluster_12013799529_12013799530_473195061,4,2,21
7685.0,2496228891,1,2,15
7685.0,cluster_12013799525_12013799526_2496228894,3,0,15
7685.0,cluster_12013799527_12013799528_2190601967,4,0,21
7685.0,cluster_12013799529_12013799530_473195061,4,2,21
7686.0,2496228891,0,2,15
7686.0,cluster_12013799525_12013799526_2496228894,3,0,15
7686.0,cluster_12013799527_12013799528_2190601967,4,0,21
7686.0,cluster_12013799529_12013799530_473195061,5,2,23
7687.0,2496228891,0,2,15
7687.0,cluster_12013799525_12013799526_2496228894,3,0,15
7687.0,cluster_12013799527_12013799528_2190601967,4,0,21
7687.0,cluster_12013799529_12013799530_473195061,5,2,21
7688.0,cluster_12013799525_12013799526_2496228894,3,0,15
7688.0,cluster_12013799527_12013799528_2190601967,4,0,21
7688.0,cluster_12013799529_12013799530_473195061,6,2,23
7689.0,cluster_12013799525_12013799526_2496228894,3,0,15
7689.0,cluster_12013799527_12013799528_2190601967,4,0,21
7689.0,cluster_12013799529_12013799530_473195061,6,2,21
7690.0,cluster_12013799525_12013799526_2496228894,2,0,15
7690.0,cluster_12013799527_12013799528_2190601967,3,0,15
7690.0,cluster_12013799529_12013799530_473195061,5,2,21
7691.0,2496228891,5,0,21
7691.0,cluster_12013799525_12013799526_2496228894,2,0,15
7691.0,cluster_12013799527_12013799528_2190601967,3,0,15
7691.0,cluster_12013799529_12013799530_473195061,5,2,21
7692.0,2496228891,5,0,21
7692.0,cluster_12013799525_12013799526_2496228894,2,0,15
7692.0,cluster_12013799527_12013799528_2190601967,3,0,15
7692.0,cluster_12013799529_12013799530_473195061,6,2,23
7693.0,2496228891,5,0,21
7693.0,cluster_12013799525_12013799526_2496228894,1,0,15
7693.0,cluster_12013799527_12013799528_2190601967,3,0,15
7693.0,cluster_12013799529_12013799530_473195061,6,2,21
7694.0,2496228891,5,0,21
7694.0,cluster_12013799525_12013799526_2496228894,1,0,15
7694.0,cluster_12013799527_12013799528_2190601967,3,0,15
7694.0,cluster_12013799529_12013799530_473195061,6,2,21
7695.0,2496228891,5,0,21
7695.0,cluster_12013799525_12013799526_2496228894,0,0,15
7695.0,cluster_12013799527_12013799528_2190601967,3,0,15
7695.0,cluster_12013799529_12013799530_473195061,6,2,21
7696.0,2496228891,5,0,21
7696.0,cluster_12013799525_12013799526_2496228894,0,0,15
7696.0,cluster_12013799529_12013799530_473195061,5,2,21
7697.0,2496228891,5,0,21
7697.0,cluster_12013799525_12013799526_2496228894,0,0,15
7697.0,cluster_12013799529_12013799530_473195061,3,2,15
7698.0,2496228891,5,0,21
7698.0,cluster_12013799525_12013799526_2496228894,0,0,15
7699.0,2496228891,7,0,23
7699.0,cluster_12013799525_12013799526_2496228894,0,0,15
7699.0,cluster_12013799527_12013799528_2190601967,7,2,21
7700.0,2496228891,7,0,21
7700.0,cluster_12013799525_12013799526_2496228894,0,0,15
7700.0,cluster_12013799527_12013799528_2190601967,5,2,21
7701.0,2496228891,7,0,21
7701.0,cluster_12013799527_12013799528_2190601967,5,2,21
7701.0,cluster_12013799529_12013799530_473195061,5,0,21
7702.0,2496228891,6,0,21
7702.0,cluster_12013799527_12013799528_2190601967,4,2,21
7702.0,cluster_12013799529_12013799530_473195061,4,0,21
7703.0,2496228891,4,0,21
7703.0,cluster_12013799527_12013799528_2190601967,3,2,15
7703.0,cluster_12013799529_12013799530_473195061,4,0,21
7704.0,2496228891,4,0,21
7704.0,cluster_12013799525_12013799526_2496228894,1,2,15
7704.0,cluster_12013799527_12013799528_2190601967,3,2,15
7704.0,cluster_12013799529_12013799530_473195061,4,0,21
7705.0,2496228891,4,0,23
7705.0,cluster_12013799525_12013799526_2496228894,1,2,15
7705.0,cluster_12013799527_12013799528_2190601967,3,2,15
7705.0,cluster_12013799529_12013799530_473195061,3,0,15
7706.0,2496228891,4,0,21
7706.0,cluster_12013799525_12013799526_2496228894,1,2,15
7706.0,cluster_12013799527_12013799528_2190601967,2,2,15
7706.0,cluster_12013799529_12013799530_473195061,3,0,15
7707.0,2496228891,6,0,23
7707.0,cluster_12013799525_12013799526_2496228894,1,2,15
7707.0,cluster_12013799527_12013799528_2190601967,2,2,15
7707.0,cluster_12013799529_12013799530_473195061,3,0,15
7708.0,2496228891,5,0,21
7708.0,cluster_12013799525_12013799526_2496228894,1,2,15
7708.0,cluster_12013799527_12013799528_2190601967,1,2,15
7708.0,cluster_12013799529_12013799530_473195061,2,0,15
7709.0,2496228891,7,0,23
7709.0,cluster_12013799525_12013799526_2496228894,0,2,15
7709.0,cluster_12013799527_12013799528_2190601967,2,2,15
7709.0,cluster_12013799529_12013799530_473195061,2,0,15
7710.0,2496228891,6,0,21
7710.0,cluster_12013799525_12013799526_2496228894,0,2,15
7710.0,cluster_12013799527_12013799528_2190601967,2,2,15
7710.0,cluster_12013799529_12013799530_473195061,2,0,15
7711.0,2496228891,3,0,15
7711.0,cluster_12013799525_12013799526_2496228894,0,2,15
7711.0,cluster_12013799527_12013799528_2190601967,1,2,15
7711.0,cluster_12013799529_12013799530_473195061,1,0,15
7712.0,2496228891,4,0,23
7712.0,cluster_12013799525_12013799526_2496228894,0,2,15
7712.0,cluster_12013799527_12013799528_2190601967,2,2,15
7712.0,cluster_12013799529_12013799530_473195061,1,0,15
7713.0,cluster_12013799525_12013799526_2496228894,0,2,15
7713.0,cluster_12013799527_12013799528_2190601967,2,2,15
7713.0,cluster_12013799529_12013799530_473195061,0,0,15
7714.0,cluster_12013799525_12013799526_2496228894,0,2,15
7714.0,cluster_12013799527_12013799528_2190601967,2,2,15
7714.0,cluster_12013799529_12013799530_473195061,0,0,15
7715.0,cluster_12013799525_12013799526_2496228894,0,2,15
7715.0,cluster_12013799527_12013799528_2190601967,2,2,15
7715.0,cluster_12013799529_12013799530_473195061,0,0,15
7716.0,2496228891,0,2,15
7716.0,cluster_12013799525_12013799526_2496228894,0,2,15
7716.0,cluster_12013799527_12013799528_2190601967,2,2,15
7716.0,cluster_12013799529_12013799530_473195061,0,0,15
7717.0,2496228891,0,2,15
7717.0,cluster_12013799525_12013799526_2496228894,0,2,15
7717.0,cluster_12013799527_12013799528_2190601967,2,2,15
7717.0,cluster_12013799529_12013799530_473195061,0,0,15
7718.0,2496228891,0,2,15
7718.0,cluster_12013799525_12013799526_2496228894,0,2,15
7718.0,cluster_12013799527_12013799528_2190601967,1,2,15
7718.0,cluster_12013799529_12013799530_473195061,0,0,15
7719.0,2496228891,0,2,15
7719.0,cluster_12013799525_12013799526_2496228894,0,2,15
7719.0,cluster_12013799527_12013799528_2190601967,2,2,15
7719.0,cluster_12013799529_12013799530_473195061,0,0,15
7720.0,2496228891,0,2,15
7720.0,cluster_12013799527_12013799528_2190601967,1,2,15
7720.0,cluster_12013799529_12013799530_473195061,0,0,15
7721.0,2496228891,0,2,15
7721.0,cluster_12013799529_12013799530_473195061,0,0,15
7722.0,2496228891,0,2,15
7722.0,cluster_12013799529_12013799530_473195061,0,0,15
7723.0,2496228891,0,2,15
7723.0,cluster_12013799525_12013799526_2496228894,0,0,15
7724.0,2496228891,0,2,15
7724.0,cluster_12013799525_12013799526_2496228894,0,0,15
7724.0,cluster_12013799527_12013799528_2190601967,2,0,15
7725.0,2496228891,0,2,15
7725.0,cluster_12013799525_12013799526_2496228894,0,0,15
7725.0,cluster_12013799527_12013799528_2190601967,1,0,15
7726.0,2496228891,0,2,15
7726.0,cluster_12013799525_12013799526_2496228894,0,0,15
7726.0,cluster_12013799527_12013799528_2190601967,1,0,15
7726.0,cluster_12013799529_12013799530_473195061,7,2,21
7727.0,2496228891,0,2,15
7727.0,cluster_12013799525_12013799526_2496228894,0,0,15
7727.0,cluster_12013799527_12013799528_2190601967,1,0,15
7727.0,cluster_12013799529_12013799530_473195061,5,2,21
7728.0,2496228891,0,2,15
7728.0,cluster_12013799525_12013799526_2496228894,0,0,15
7728.0,cluster_12013799527_12013799528_2190601967,0,0,15
7728.0,cluster_12013799529_12013799530_473195061,4,2,21
7729.0,2496228891,0,2,15
7729.0,cluster_12013799525_12013799526_2496228894,0,0,15
7729.0,cluster_12013799527_12013799528_2190601967,0,0,15
7729.0,cluster_12013799529_12013799530_473195061,5,2,23
7730.0,2496228891,0,2,15
7730.0,cluster_12013799525_12013799526_2496228894,0,0,15
7730.0,cluster_12013799527_12013799528_2190601967,0,0,15
7730.0,cluster_12013799529_12013799530_473195061,5,2,21
7731.0,2496228891,0,2,15
7731.0,cluster_12013799525_12013799526_2496228894,0,0,15
7731.0,cluster_12013799527_12013799528_2190601967,0,0,15
7731.0,cluster_12013799529_12013799530_473195061,4,2,21
7732.0,cluster_12013799525_12013799526_2496228894,0,0,15
7732.0,cluster_12013799527_12013799528_2190601967,0,0,15
7732.0,cluster_12013799529_12013799530_473195061,4,2,21
7733.0,cluster_12013799525_12013799526_2496228894,0,0,15
7733.0,cluster_12013799527_12013799528_2190601967,0,0,15
7733.0,cluster_12013799529_12013799530_473195061,3,2,15
7734.0,cluster_12013799525_12013799526_2496228894,0,0,15
7734.0,cluster_12013799527_12013799528_2190601967,0,0,15
7734.0,cluster_12013799529_12013799530_473195061,3,2,15
7735.0,2496228891,4,0,21
7735.0,cluster_12013799525_12013799526_2496228894,0,0,15
7735.0,cluster_12013799527_12013799528_2190601967,0,0,15
7735.0,cluster_12013799529_12013799530_473195061,3,2,15
7736.0,2496228891,4,0,23
7736.0,cluster_12013799525_12013799526_2496228894,0,0,15
7736.0,cluster_12013799527_12013799528_2190601967,0,0,15
7736.0,cluster_12013799529_12013799530_473195061,2,2,15
7737.0,2496228891,4,0,21
7737.0,cluster_12013799525_12013799526_2496228894,0,0,15
7737.0,cluster_12013799527_12013799528_2190601967,0,0,15
7737.0,cluster_12013799529_12013799530_473195061,2,2,15
7738.0,2496228891,6,0,23
7738.0,cluster_12013799525_12013799526_2496228894,1,0,15
7738.0,cluster_12013799527_12013799528_2190601967,1,0,15
7738.0,cluster_12013799529_12013799530_473195061,3,2,15
7739.0,2496228891,6,0,21
7739.0,cluster_12013799527_12013799528_2190601967,1,0,15
7739.0,cluster_12013799529_12013799530_473195061,2,2,15
7740.0,2496228891,6,0,23
7740.0,cluster_12013799529_12013799530_473195061,2,2,15
7741.0,2496228891,4,0,23
7741.0,cluster_12013799529_12013799530_473195061,2,2,15
7742.0,2496228891,6,0,23
7742.0,cluster_12013799525_12013799526_2496228894,4,2,21
7742.0,cluster_12013799529_12013799530_473195061,2,2,15
7743.0,2496228891,5,0,21
7743.0,cluster_12013799525_12013799526_2496228894,4,2,21
7743.0,cluster_12013799527_12013799528_2190601967,3,2,15
7743.0,cluster_12013799529_12013799530_473195061,2,2,15
7744.0,2496228891,5,0,23
7744.0,cluster_12013799525_12013799526_2496228894,5,2,23
7744.0,cluster_12013799527_12013799528_2190601967,2,2,15
7744.0,cluster_12013799529_12013799530_473195061,2,2,15
7745.0,2496228891,5,0,23
7745.0,cluster_12013799525_12013799526_2496228894,5,2,23
7745.0,cluster_12013799527_12013799528_2190601967,2,2,15
7745.0,cluster_12013799529_12013799530_473195061,2,2,15
7746.0,2496228891,6,0,23
7746.0,cluster_12013799525_12013799526_2496228894,6,2,23
7746.0,cluster_12013799527_12013799528_2190601967,3,2,15
7746.0,cluster_12013799529_12013799530_473195061,3,2,15
7747.0,2496228891,6,0,23
7747.0,cluster_12013799525_12013799526_2496228894,7,2,23
7747.0,cluster_12013799527_12013799528_2190601967,3,2,15
7747.0,cluster_12013799529_12013799530_473195061,3,2,15
7748.0,2496228891,4,0,21
7748.0,cluster_12013799525_12013799526_2496228894,7,2,21
7748.0,cluster_12013799527_12013799528_2190601967,3,2,15
7749.0,2496228891,4,0,21
7749.0,cluster_12013799525_12013799526_2496228894,8,2,24
7749.0,cluster_12013799527_12013799528_2190601967,3,2,15
7750.0,2496228891,5,0,23
7750.0,cluster_12013799525_12013799526_2496228894,7,2,21
7750.0,cluster_12013799527_12013799528_2190601967,4,2,23
7751.0,2496228891,4,0,21
7751.0,cluster_12013799525_12013799526_2496228894,7,2,23
7751.0,cluster_12013799527_12013799528_2190601967,4,2,21
7751.0,cluster_12013799529_12013799530_473195061,4,0,21
7752.0,2496228891,4,0,21
7752.0,cluster_12013799525_12013799526_2496228894,7,2,23
7752.0,cluster_12013799527_12013799528_2190601967,4,2,21
7752.0,cluster_12013799529_12013799530_473195061,4,0,21
7753.0,2496228891,4,0,21
7753.0,cluster_12013799525_12013799526_2496228894,7,2,23
7753.0,cluster_12013799527_12013799528_2190601967,4,2,21
7753.0,cluster_12013799529_12013799530_473195061,4,0,21
7754.0,2496228891,5,0,23
7754.0,cluster_12013799525_12013799526_2496228894,5,2,21
7754.0,cluster_12013799527_12013799528_2190601967,4,2,21
7754.0,cluster_12013799529_12013799530_473195061,5,0,21
7755.0,2496228891,4,0,21
7755.0,cluster_12013799525_12013799526_2496228894,6,2,23
7755.0,cluster_12013799527_12013799528_2190601967,4,2,21
7755.0,cluster_12013799529_12013799530_473195061,4,0,21
7756.0,2496228891,4,0,21
7756.0,cluster_12013799525_12013799526_2496228894,5,2,23
7756.0,cluster_12013799527_12013799528_2190601967,5,2,23
7756.0,cluster_12013799529_12013799530_473195061,4,0,21
7757.0,cluster_12013799525_12013799526_2496228894,5,2,21
7757.0,cluster_12013799527_12013799528_2190601967,5,2,21
7757.0,cluster_12013799529_12013799530_473195061,4,0,21
7758.0,cluster_12013799525_12013799526_2496228894,5,2,21
7758.0,cluster_12013799527_12013799528_2190601967,5,2,21
7758.0,cluster_12013799529_12013799530_473195061,4,0,21
7759.0,cluster_12013799525_12013799526_2496228894,5,2,21
7759.0,cluster_12013799529_12013799530_473195061,3,0,15
7760.0,2496228891,2,2,15
7760.0,cluster_12013799525_12013799526_2496228894,4,2,21
7760.0,cluster_12013799529_12013799530_473195061,3,0,15
7761.0,2496228891,2,2,15
7761.0,cluster_12013799525_12013799526_2496228894,3,2,15
7761.0,cluster_12013799529_12013799530_473195061,3,0,15
7762.0,2496228891,2,2,15
7762.0,cluster_12013799525_12013799526_2496228894,3,2,15
7762.0,cluster_12013799527_12013799528_2190601967,7,0,21
7762.0,cluster_12013799529_12013799530_473195061,3,0,15
7763.0,2496228891,2,2,15
7763.0,cluster_12013799525_12013799526_2496228894,3,2,15
7763.0,cluster_12013799527_12013799528_2190601967,6,0,21
7763.0,cluster_12013799529_12013799530_473195061,2,0,15
7764.0,2496228891,1,2,15
7764.0,cluster_12013799527_12013799528_2190601967,6,0,21
7764.0,cluster_12013799529_12013799530_473195061,2,0,15
7765.0,2496228891,1,2,15
7765.0,cluster_12013799527_12013799528_2190601967,6,0,21
7765.0,cluster_12013799529_12013799530_473195061,2,0,15
7766.0,2496228891,1,2,15
7766.0,cluster_12013799527_12013799528_2190601967,6,0,21
7766.0,cluster_12013799529_12013799530_473195061,1,0,15
7767.0,2496228891,0,2,15
7767.0,cluster_12013799525_12013799526_2496228894,3,0,15
7767.0,cluster_12013799527_12013799528_2190601967,5,0,21
7767.0,cluster_12013799529_12013799530_473195061,1,0,15
7768.0,2496228891,0,2,15
7768.0,cluster_12013799525_12013799526_2496228894,3,0,15
7768.0,cluster_12013799527_12013799528_2190601967,5,0,21
7768.0,cluster_12013799529_12013799530_473195061,1,0,15
7769.0,2496228891,0,2,15
7769.0,cluster_12013799525_12013799526_2496228894,3,0,15
7769.0,cluster_12013799527_12013799528_2190601967,5,0,21
7769.0,cluster_12013799529_12013799530_473195061,1,0,15
7770.0,2496228891,0,2,15
7770.0,cluster_12013799525_12013799526_2496228894,3,0,15
7770.0,cluster_12013799527_12013799528_2190601967,4,0,21
7770.0,cluster_12013799529_12013799530_473195061,1,0,15
7771.0,2496228891,0,2,15
7771.0,cluster_12013799525_12013799526_2496228894,2,0,15
7771.0,cluster_12013799527_12013799528_2190601967,4,0,21
7771.0,cluster_12013799529_12013799530_473195061,0,0,15
7772.0,2496228891,0,2,15
7772.0,cluster_12013799525_12013799526_2496228894,2,0,15
7772.0,cluster_12013799527_12013799528_2190601967,3,0,15
7772.0,cluster_12013799529_12013799530_473195061,0,0,15
7773.0,2496228891,0,2,15
7773.0,cluster_12013799525_12013799526_2496228894,2,0,15
7773.0,cluster_12013799527_12013799528_2190601967,3,0,15
7774.0,2496228891,0,2,15
7774.0,cluster_12013799525_12013799526_2496228894,1,0,15
7774.0,cluster_12013799527_12013799528_2190601967,2,0,15
7775.0,2496228891,0,2,15
7775.0,cluster_12013799525_12013799526_2496228894,1,0,15
7775.0,cluster_12013799527_12013799528_2190601967,2,0,15
7776.0,cluster_12013799525_12013799526_2496228894,0,0,15
7776.0,cluster_12013799527_12013799528_2190601967,2,0,15
7776.0,cluster_12013799529_12013799530_473195061,6,2,21
7777.0,cluster_12013799525_12013799526_2496228894,0,0,15
7777.0,cluster_12013799527_12013799528_2190601967,1,0,15
7777.0,cluster_12013799529_12013799530_473195061,5,2,23
7778.0,cluster_12013799525_12013799526_2496228894,0,0,15
7778.0,cluster_12013799527_12013799528_2190601967,1,0,15
7778.0,cluster_12013799529_12013799530_473195061,5,2,21
7779.0,2496228891,4,0,21
7779.0,cluster_12013799525_12013799526_2496228894,0,0,15
7779.0,cluster_12013799527_12013799528_2190601967,0,0,15
7779.0,cluster_12013799529_12013799530_473195061,4,2,21
7780.0,2496228891,2,0,15
7780.0,cluster_12013799525_12013799526_2496228894,0,0,15
7780.0,cluster_12013799527_12013799528_2190601967,0,0,15
7780.0,cluster_12013799529_12013799530_473195061,5,2,23
7781.0,2496228891,2,0,15
7781.0,cluster_12013799525_12013799526_2496228894,0,0,15
7781.0,cluster_12013799527_12013799528_2190601967,0,0,15
7781.0,cluster_12013799529_12013799530_473195061,4,2,21
7782.0,2496228891,2,0,15
7782.0,cluster_12013799525_12013799526_2496228894,0,0,15
7782.0,cluster_12013799527_12013799528_2190601967,0,0,15
7782.0,cluster_12013799529_12013799530_473195061,4,2,21
7783.0,2496228891,4,0,23
7783.0,cluster_12013799527_12013799528_2190601967,0,0,15
7783.0,cluster_12013799529_12013799530_473195061,4,2,21
7784.0,2496228891,3,0,15
7784.0,cluster_12013799529_12013799530_473195061,3,2,15
7785.0,2496228891,3,0,15
7785.0,cluster_12013799529_12013799530_473195061,3,2,15
7786.0,2496228891,2,0,15
7786.0,cluster_12013799525_12013799526_2496228894,5,2,21
7786.0,cluster_12013799529_12013799530_473195061,3,2,15
7787.0,2496228891,2,0,15
7787.0,cluster_12013799525_12013799526_2496228894,3,2,15
7787.0,cluster_12013799527_12013799528_2190601967,5,2,21
7787.0,cluster_12013799529_12013799530_473195061,2,2,15
7788.0,2496228891,0,0,15
7788.0,cluster_12013799525_12013799526_2496228894,4,2,23
7788.0,cluster_12013799527_12013799528_2190601967,3,2,15
7788.0,cluster_12013799529_12013799530_473195061,2,2,15
7789.0,2496228891,1,0,15
7789.0,cluster_12013799525_12013799526_2496228894,4,2,21
7789.0,cluster_12013799527_12013799528_2190601967,3,2,15
7789.0,cluster_12013799529_12013799530_473195061,2,2,15
7790.0,2496228891,1,0,15
7790.0,cluster_12013799525_12013799526_2496228894,3,2,15
7790.0,cluster_12013799527_12013799528_2190601967,4,2,23
7790.0,cluster_12013799529_12013799530_473195061,1,2,15
7791.0,2496228891,2,0,15
7791.0,cluster_12013799525_12013799526_2496228894,3,2,15
7791.0,cluster_12013799527_12013799528_2190601967,2,2,15
7791.0,cluster_12013799529_12013799530_473195061,1,2,15
7792.0,2496228891,2,0,15
7792.0,cluster_12013799525_12013799526_2496228894,3,2,15
7792.0,cluster_12013799527_12013799528_2190601967,2,2,15
7792.0,cluster_12013799529_12013799530_473195061,1,2,15
7793.0,2496228891,3,0,15
7793.0,cluster_12013799525_12013799526_2496228894,2,2,15
7793.0,cluster_12013799527_12013799528_2190601967,3,2,15
7793.0,cluster_12013799529_12013799530_473195061,1,2,15
7794.0,2496228891,2,0,15
7794.0,cluster_12013799525_12013799526_2496228894,2,2,15
7794.0,cluster_12013799527_12013799528_2190601967,2,2,15
7794.0,cluster_12013799529_12013799530_473195061,2,2,15
7795.0,2496228891,2,0,15
7795.0,cluster_12013799525_12013799526_2496228894,1,2,15
7795.0,cluster_12013799527_12013799528_2190601967,2,2,15
7795.0,cluster_12013799529_12013799530_473195061,2,2,15
7796.0,2496228891,1,0,15
7796.0,cluster_12013799525_12013799526_2496228894,1,2,15
7796.0,cluster_12013799527_12013799528_2190601967,2,2,15
7796.0,cluster_12013799529_12013799530_473195061,3,2,15
7797.0,2496228891,1,0,15
7797.0,cluster_12013799525_12013799526_2496228894,2,2,15
7797.0,cluster_12013799527_12013799528_2190601967,2,2,15
7797.0,cluster_12013799529_12013799530_473195061,3,2,15
7798.0,2496228891,1,0,15
7798.0,cluster_12013799525_12013799526_2496228894,1,2,15
7798.0,cluster_12013799527_12013799528_2190601967,1,2,15
7799.0,2496228891,1,0,15
7799.0,cluster_12013799525_12013799526_2496228894,1,2,15
7799.0,cluster_12013799527_12013799528_2190601967,2,2,15
7800.0,2496228891,0,0,15
7800.0,cluster_12013799525_12013799526_2496228894,1,2,15
7800.0,cluster_12013799527_12013799528_2190601967,3,2,15
7801.0,cluster_12013799525_12013799526_2496228894,2,2,15
7801.0,cluster_12013799527_12013799528_2190601967,3,2,15
7801.0,cluster_12013799529_12013799530_473195061,0,0,15
7802.0,cluster_12013799525_12013799526_2496228894,2,2,15
7802.0,cluster_12013799527_12013799528_2190601967,2,2,15
7802.0,cluster_12013799529_12013799530_473195061,0,0,15
7803.0,cluster_12013799525_12013799526_2496228894,2,2,15
7803.0,cluster_12013799527_12013799528_2190601967,1,2,15
7803.0,cluster_12013799529_12013799530_473195061,0,0,15
7804.0,2496228891,0,2,15
7804.0,cluster_12013799525_12013799526_2496228894,2,2,15
7804.0,cluster_12013799527_12013799528_2190601967,1,2,15
7804.0,cluster_12013799529_12013799530_473195061,0,0,15
7805.0,2496228891,0,2,15
7805.0,cluster_12013799525_12013799526_2496228894,2,2,15
7805.0,cluster_12013799527_12013799528_2190601967,1,2,15
7805.0,cluster_12013799529_12013799530_473195061,0,0,15
7806.0,2496228891,0,2,15
7806.0,cluster_12013799525_12013799526_2496228894,1,2,15
7806.0,cluster_12013799527_12013799528_2190601967,0,2,15
7806.0,cluster_12013799529_12013799530_473195061,0,0,15
7807.0,2496228891,0,2,15
7807.0,cluster_12013799525_12013799526_2496228894,1,2,15
7807.0,cluster_12013799527_12013799528_2190601967,1,2,15
7807.0,cluster_12013799529_12013799530_473195061,0,0,15
7808.0,2496228891,0,2,15
7808.0,cluster_12013799527_12013799528_2190601967,1,2,15
7808.0,cluster_12013799529_12013799530_473195061,0,0,15
7809.0,2496228891,0,2,15
7809.0,cluster_12013799529_12013799530_473195061,0,0,15
7810.0,2496228891,0,2,15
7810.0,cluster_12013799529_12013799530_473195061,0,0,15
7811.0,2496228891,0,2,15
7811.0,cluster_12013799525_12013799526_2496228894,0,0,15
7811.0,cluster_12013799529_12013799530_473195061,0,0,15
7812.0,2496228891,0,2,15
7812.0,cluster_12013799525_12013799526_2496228894,0,0,15
7812.0,cluster_12013799527_12013799528_2190601967,0,0,15
7812.0,cluster_12013799529_12013799530_473195061,0,0,15
7813.0,2496228891,0,2,15
7813.0,cluster_12013799525_12013799526_2496228894,0,0,15
7813.0,cluster_12013799527_12013799528_2190601967,0,0,15
7813.0,cluster_12013799529_12013799530_473195061,0,0,15
7814.0,2496228891,1,2,15
7814.0,cluster_12013799525_12013799526_2496228894,1,0,15
7814.0,cluster_12013799527_12013799528_2190601967,1,0,15
7814.0,cluster_12013799529_12013799530_473195061,1,0,15
7815.0,2496228891,1,2,15
7815.0,cluster_12013799525_12013799526_2496228894,1,0,15
7815.0,cluster_12013799527_12013799528_2190601967,1,0,15
7815.0,cluster_12013799529_12013799530_473195061,1,0,15
7816.0,2496228891,1,2,15
7816.0,cluster_12013799525_12013799526_2496228894,1,0,15
7816.0,cluster_12013799527_12013799528_2190601967,1,0,15
7816.0,cluster_12013799529_12013799530_473195061,1,0,15
7817.0,2496228891,1,2,15
7817.0,cluster_12013799525_12013799526_2496228894,1,0,15
7817.0,cluster_12013799527_12013799528_2190601967,1,0,15
7818.0,2496228891,2,2,15
7818.0,cluster_12013799525_12013799526_2496228894,2,0,15
7818.0,cluster_12013799527_12013799528_2190601967,2,0,15
7819.0,2496228891,2,2,15
7819.0,cluster_12013799525_12013799526_2496228894,2,0,15
7819.0,cluster_12013799527_12013799528_2190601967,2,0,15
7820.0,cluster_12013799525_12013799526_2496228894,2,0,15
7820.0,cluster_12013799527_12013799528_2190601967,2,0,15
7820.0,cluster_12013799529_12013799530_473195061,6,2,21
7821.0,cluster_12013799525_12013799526_2496228894,2,0,15
7821.0,cluster_12013799527_12013799528_2190601967,2,0,15
7821.0,cluster_12013799529_12013799530_473195061,4,2,21
7822.0,cluster_12013799525_12013799526_2496228894,3,0,15
7822.0,cluster_12013799527_12013799528_2190601967,3,0,15
7822.0,cluster_12013799529_12013799530_473195061,5,2,21
7823.0,2496228891,3,0,15
7823.0,cluster_12013799525_12013799526_2496228894,2,0,15
7823.0,cluster_12013799527_12013799528_2190601967,3,0,15
7823.0,cluster_12013799529_12013799530_473195061,5,2,21
7824.0,2496228891,3,0,15
7824.0,cluster_12013799525_12013799526_2496228894,2,0,15
7824.0,cluster_12013799527_12013799528_2190601967,3,0,15
7824.0,cluster_12013799529_12013799530_473195061,4,2,21
7825.0,2496228891,3,0,15
7825.0,cluster_12013799525_12013799526_2496228894,2,0,15
7825.0,cluster_12013799527_12013799528_2190601967,3,0,15
7825.0,cluster_12013799529_12013799530_473195061,3,2,15
7826.0,2496228891,6,0,23
7826.0,cluster_12013799525_12013799526_2496228894,3,0,15
7826.0,cluster_12013799527_12013799528_2190601967,4,0,23
7826.0,cluster_12013799529_12013799530_473195061,4,2,21
7827.0,2496228891,6,0,21
7827.0,cluster_12013799527_12013799528_2190601967,4,0,21
7827.0,cluster_12013799529_12013799530_473195061,4,2,21
7828.0,2496228891,6,0,21
7828.0,cluster_12013799529_12013799530_473195061,4,2,21
7829.0,2496228891,6,0,21
7829.0,cluster_12013799529_12013799530_473195061,4,2,21
7830.0,2496228891,5,0,23
7830.0,cluster_12013799525_12013799526_2496228894,2,2,15
7830.0,cluster_12013799529_12013799530_473195061,5,2,23
7831.0,2496228891,5,0,21
7831.0,cluster_12013799525_12013799526_2496228894,3,2,15
7831.0,cluster_12013799527_12013799528_2190601967,4,2,21
7831.0,cluster_12013799529_12013799530_473195061,5,2,21
7832.0,2496228891,6,0,23
7832.0,cluster_12013799525_12013799526_2496228894,3,2,15
7832.0,cluster_12013799527_12013799528_2190601967,4,2,21
7832.0,cluster_12013799529_12013799530_473195061,5,2,21
7833.0,2496228891,6,0,21
7833.0,cluster_12013799525_12013799526_2496228894,3,2,15
7833.0,cluster_12013799527_12013799528_2190601967,4,2,21
7833.0,cluster_12013799529_12013799530_473195061,5,2,21
7834.0,2496228891,7,0,23
7834.0,cluster_12013799525_12013799526_2496228894,3,2,15
7834.0,cluster_12013799527_12013799528_2190601967,4,2,21
7834.0,cluster_12013799529_12013799530_473195061,6,2,23
7835.0,2496228891,7,0,21
7835.0,cluster_12013799525_12013799526_2496228894,3,2,15
7835.0,cluster_12013799527_12013799528_2190601967,4,2,21
7835.0,cluster_12013799529_12013799530_473195061,6,2,21
7836.0,2496228891,7,0,21
7836.0,cluster_12013799525_12013799526_2496228894,3,2,15
7836.0,cluster_12013799527_12013799528_2190601967,3,2,15
7836.0,cluster_12013799529_12013799530_473195061,6,2,21
7837.0,2496228891,6,0,21
7837.0,cluster_12013799525_12013799526_2496228894,3,2,15
7837.0,cluster_12013799527_12013799528_2190601967,3,2,15
7837.0,cluster_12013799529_12013799530_473195061,7,2,23
7838.0,2496228891,6,0,21
7838.0,cluster_12013799525_12013799526_2496228894,3,2,15
7838.0,cluster_12013799527_12013799528_2190601967,3,2,15
7838.0,cluster_12013799529_12013799530_473195061,8,2,24
7839.0,cluster_12013799525_12013799526_2496228894,3,2,15
7839.0,cluster_12013799527_12013799528_2190601967,3,2,15
7839.0,cluster_12013799529_12013799530_473195061,8,2,21
7840.0,cluster_12013799525_12013799526_2496228894,3,2,15
7840.0,cluster_12013799527_12013799528_2190601967,3,2,15
7840.0,cluster_12013799529_12013799530_473195061,8,2,21
7841.0,cluster_12013799525_12013799526_2496228894,3,2,15
7841.0,cluster_12013799527_12013799528_2190601967,3,2,15
7841.0,cluster_12013799529_12013799530_473195061,8,2,21
7842.0,2496228891,3,2,15
7842.0,cluster_12013799525_12013799526_2496228894,3,2,15
7842.0,cluster_12013799527_12013799528_2190601967,3,2,15
7843.0,2496228891,2,2,15
7843.0,cluster_12013799525_12013799526_2496228894,2,2,15
7843.0,cluster_12013799527_12013799528_2190601967,3,2,15
7844.0,2496228891,2,2,15
7844.0,cluster_12013799525_12013799526_2496228894,2,2,15
7844.0,cluster_12013799527_12013799528_2190601967,3,2,15
7845.0,2496228891,2,2,15
7845.0,cluster_12013799525_12013799526_2496228894,2,2,15
7845.0,cluster_12013799527_12013799528_2190601967,3,2,15
7845.0,cluster_12013799529_12013799530_473195061,5,0,21
7846.0,2496228891,2,2,15
7846.0,cluster_12013799527_12013799528_2190601967,3,2,15
7846.0,cluster_12013799529_12013799530_473195061,4,0,21
7847.0,2496228891,1,2,15
7847.0,cluster_12013799527_12013799528_2190601967,3,2,15
7847.0,cluster_12013799529_12013799530_473195061,4,0,21
7848.0,2496228891,1,2,15
7848.0,cluster_12013799527_12013799528_2190601967,3,2,15
7848.0,cluster_12013799529_12013799530_473195061,4,0,21
7849.0,2496228891,0,2,15
7849.0,cluster_12013799525_12013799526_2496228894,3,0,15
7849.0,cluster_12013799527_12013799528_2190601967,3,2,15
7849.0,cluster_12013799529_12013799530_473195061,4,0,21
7850.0,2496228891,0,2,15
7850.0,cluster_12013799525_12013799526_2496228894,2,0,15
7850.0,cluster_12013799527_12013799528_2190601967,2,2,15
7850.0,cluster_12013799529_12013799530_473195061,3,0,15
7851.0,2496228891,0,2,15
7851.0,cluster_12013799525_12013799526_2496228894,2,0,15
7851.0,cluster_12013799527_12013799528_2190601967,2,2,15
7851.0,cluster_12013799529_12013799530_473195061,3,0,15
7852.0,2496228891,0,2,15
7852.0,cluster_12013799525_12013799526_2496228894,2,0,15
7852.0,cluster_12013799527_12013799528_2190601967,2,2,15
7852.0,cluster_12013799529_12013799530_473195061,2,0,15
7853.0,2496228891,0,2,15
7853.0,cluster_12013799525_12013799526_2496228894,1,0,15
7853.0,cluster_12013799529_12013799530_473195061,2,0,15
7854.0,2496228891,0,2,15
7854.0,cluster_12013799525_12013799526_2496228894,1,0,15
7854.0,cluster_12013799529_12013799530_473195061,2,0,15
7855.0,2496228891,0,2,15
7855.0,cluster_12013799525_12013799526_2496228894,1,0,15
7855.0,cluster_12013799529_12013799530_473195061,1,0,15
7856.0,2496228891,0,2,15
7856.0,cluster_12013799525_12013799526_2496228894,0,0,15
7856.0,cluster_12013799527_12013799528_2190601967,7,0,21
7856.0,cluster_12013799529_12013799530_473195061,1,0,15
7857.0,2496228891,0,2,15
7857.0,cluster_12013799525_12013799526_2496228894,0,0,15
7857.0,cluster_12013799527_12013799528_2190601967,6,0,21
7857.0,cluster_12013799529_12013799530_473195061,0,0,15
7858.0,cluster_12013799525_12013799526_2496228894,0,0,15
7858.0,cluster_12013799527_12013799528_2190601967,6,0,21
7858.0,cluster_12013799529_12013799530_473195061,0,0,15
7859.0,cluster_12013799525_12013799526_2496228894,0,0,15
7859.0,cluster_12013799527_12013799528_2190601967,6,0,21
7859.0,cluster_12013799529_12013799530_473195061,0,0,15
7860.0,cluster_12013799525_12013799526_2496228894,0,0,15
7860.0,cluster_12013799527_12013799528_2190601967,6,0,21
7860.0,cluster_12013799529_12013799530_473195061,0,0,15
7861.0,2496228891,3,0,15
7861.0,cluster_12013799525_12013799526_2496228894,0,0,15
7861.0,cluster_12013799527_12013799528_2190601967,5,0,21
7861.0,cluster_12013799529_12013799530_473195061,0,0,15
7862.0,2496228891,3,0,15
7862.0,cluster_12013799525_12013799526_2496228894,0,0,15
7862.0,cluster_12013799527_12013799528_2190601967,5,0,21
7862.0,cluster_12013799529_12013799530_473195061,0,0,15
7863.0,2496228891,2,0,15
7863.0,cluster_12013799525_12013799526_2496228894,0,0,15
7863.0,cluster_12013799527_12013799528_2190601967,4,0,21
7863.0,cluster_12013799529_12013799530_473195061,0,0,15
7864.0,2496228891,3,0,15
7864.0,cluster_12013799525_12013799526_2496228894,0,0,15
7864.0,cluster_12013799527_12013799528_2190601967,4,0,21
7864.0,cluster_12013799529_12013799530_473195061,0,0,15
7865.0,2496228891,3,0,15
7865.0,cluster_12013799527_12013799528_2190601967,3,0,15
7865.0,cluster_12013799529_12013799530_473195061,0,0,15
7866.0,2496228891,3,0,15
7866.0,cluster_12013799527_12013799528_2190601967,3,0,15
7866.0,cluster_12013799529_12013799530_473195061,0,0,15
7867.0,2496228891,3,0,15
7867.0,cluster_12013799527_12013799528_2190601967,3,0,15
7868.0,2496228891,3,0,15
7868.0,cluster_12013799525_12013799526_2496228894,2,2,15
7868.0,cluster_12013799527_12013799528_2190601967,2,0,15
7869.0,2496228891,2,0,15
7869.0,cluster_12013799525_12013799526_2496228894,2,2,15
7869.0,cluster_12013799527_12013799528_2190601967,2,0,15
7870.0,2496228891,2,0,15
7870.0,cluster_12013799525_12013799526_2496228894,2,2,15
7870.0,cluster_12013799527_12013799528_2190601967,1,0,15
7870.0,cluster_12013799529_12013799530_473195061,5,2,21
7871.0,2496228891,1,0,15
7871.0,cluster_12013799525_12013799526_2496228894,2,2,15
7871.0,cluster_12013799527_12013799528_2190601967,1,0,15
7871.0,cluster_12013799529_12013799530_473195061,5,2,21
7872.0,2496228891,1,0,15
7872.0,cluster_12013799525_12013799526_2496228894,2,2,15
7872.0,cluster_12013799527_12013799528_2190601967,0,0,15
7872.0,cluster_12013799529_12013799530_473195061,4,2,23
7873.0,2496228891,1,0,15
7873.0,cluster_12013799525_12013799526_2496228894,3,2,15
7873.0,cluster_12013799527_12013799528_2190601967,0,0,15
7873.0,cluster_12013799529_12013799530_473195061,4,2,21
7874.0,2496228891,0,0,15
7874.0,cluster_12013799525_12013799526_2496228894,3,2,15
7874.0,cluster_12013799527_12013799528_2190601967,0,0,15
7874.0,cluster_12013799529_12013799530_473195061,4,2,21
7875.0,2496228891,0,0,15
7875.0,cluster_12013799525_12013799526_2496228894,4,2,23
7875.0,cluster_12013799527_12013799528_2190601967,0,0,15
7875.0,cluster_12013799529_12013799530_473195061,5,2,23
7876.0,2496228891,0,0,15
7876.0,cluster_12013799525_12013799526_2496228894,3,2,15
7876.0,cluster_12013799527_12013799528_2190601967,0,0,15
7876.0,cluster_12013799529_12013799530_473195061,5,2,21
7877.0,cluster_12013799525_12013799526_2496228894,3,2,15
7877.0,cluster_12013799527_12013799528_2190601967,0,0,15
7877.0,cluster_12013799529_12013799530_473195061,4,2,21
7878.0,cluster_12013799525_12013799526_2496228894,3,2,15
7878.0,cluster_12013799529_12013799530_473195061,4,2,21
7879.0,cluster_12013799525_12013799526_2496228894,3,2,15
7879.0,cluster_12013799529_12013799530_473195061,3,2,15
7880.0,2496228891,0,2,15
7880.0,cluster_12013799525_12013799526_2496228894,3,2,15
7880.0,cluster_12013799529_12013799530_473195061,3,2,15
7881.0,2496228891,0,2,15
7881.0,cluster_12013799525_12013799526_2496228894,3,2,15
7881.0,cluster_12013799527_12013799528_2190601967,3,2,15
7881.0,cluster_12013799529_12013799530_473195061,2,2,15
7882.0,2496228891,0,2,15
7882.0,cluster_12013799525_12013799526_2496228894,3,2,15
7882.0,cluster_12013799527_12013799528_2190601967,3,2,15
7882.0,cluster_12013799529_12013799530_473195061,2,2,15
7883.0,2496228891,0,2,15
7883.0,cluster_12013799525_12013799526_2496228894,2,2,15
7883.0,cluster_12013799527_12013799528_2190601967,3,2,15
7883.0,cluster_12013799529_12013799530_473195061,1,2,15
7884.0,2496228891,0,2,15
7884.0,cluster_12013799527_12013799528_2190601967,3,2,15
7884.0,cluster_12013799529_12013799530_473195061,1,2,15
7885.0,2496228891,0,2,15
7885.0,cluster_12013799527_12013799528_2190601967,2,2,15
7885.0,cluster_12013799529_12013799530_473195061,2,2,15
7886.0,2496228891,0,2,15
7886.0,cluster_12013799527_12013799528_2190601967,1,2,15
7886.0,cluster_12013799529_12013799530_473195061,1,2,15
7887.0,2496228891,0,2,15
7887.0,cluster_12013799525_12013799526_2496228894,0,0,15
7887.0,cluster_12013799527_12013799528_2190601967,1,2,15
7887.0,cluster_12013799529_12013799530_473195061,1,2,15
7888.0,2496228891,0,2,15
7888.0,cluster_12013799525_12013799526_2496228894,0,0,15
7888.0,cluster_12013799527_12013799528_2190601967,0,2,15
7888.0,cluster_12013799529_12013799530_473195061,1,2,15
7889.0,2496228891,0,2,15
7889.0,cluster_12013799525_12013799526_2496228894,0,0,15
7889.0,cluster_12013799527_12013799528_2190601967,0,2,15
7889.0,cluster_12013799529_12013799530_473195061,2,2,15
7890.0,2496228891,0,2,15
7890.0,cluster_12013799525_12013799526_2496228894,0,0,15
7890.0,cluster_12013799527_12013799528_2190601967,0,2,15
7890.0,cluster_12013799529_12013799530_473195061,2,2,15
7891.0,2496228891,1,2,15
7891.0,cluster_12013799525_12013799526_2496228894,1,0,15
7891.0,cluster_12013799527_12013799528_2190601967,1,2,15
7891.0,cluster_12013799529_12013799530_473195061,4,2,23
7892.0,2496228891,1,2,15
7892.0,cluster_12013799525_12013799526_2496228894,1,0,15
7892.0,cluster_12013799527_12013799528_2190601967,1,2,15
7893.0,2496228891,1,2,15
7893.0,cluster_12013799525_12013799526_2496228894,1,0,15
7893.0,cluster_12013799527_12013799528_2190601967,1,2,15
7894.0,2496228891,1,2,15
7894.0,cluster_12013799525_12013799526_2496228894,1,0,15
7894.0,cluster_12013799527_12013799528_2190601967,1,2,15
7895.0,2496228891,2,2,15
7895.0,cluster_12013799525_12013799526_2496228894,2,0,15
7895.0,cluster_12013799527_12013799528_2190601967,2,2,15
7895.0,cluster_12013799529_12013799530_473195061,2,0,15
7896.0,cluster_12013799525_12013799526_2496228894,2,0,15
7896.0,cluster_12013799527_12013799528_2190601967,2,2,15
7896.0,cluster_12013799529_12013799530_473195061,2,0,15
7897.0,cluster_12013799525_12013799526_2496228894,2,0,15
7897.0,cluster_12013799529_12013799530_473195061,2,0,15
7898.0,cluster_12013799525_12013799526_2496228894,2,0,15
7898.0,cluster_12013799529_12013799530_473195061,2,0,15
7899.0,2496228891,5,0,22
7899.0,cluster_12013799525_12013799526_2496228894,3,0,15
7899.0,cluster_12013799529_12013799530_473195061,3,0,15
7900.0,2496228891,4,0,21
7900.0,cluster_12013799525_12013799526_2496228894,2,0,15
7900.0,cluster_12013799527_12013799528_2190601967,3,0,15
7900.0,cluster_12013799529_12013799530_473195061,3,0,15
7901.0,2496228891,4,0,23
7901.0,cluster_12013799525_12013799526_2496228894,2,0,15
7901.0,cluster_12013799527_12013799528_2190601967,3,0,15
7901.0,cluster_12013799529_12013799530_473195061,3,0,15
7902.0,2496228891,4,0,21
7902.0,cluster_12013799525_12013799526_2496228894,2,0,15
7902.0,cluster_12013799527_12013799528_2190601967,3,0,15
7902.0,cluster_12013799529_12013799530_473195061,3,0,15
7903.0,2496228891,4,0,23
7903.0,cluster_12013799527_12013799528_2190601967,4,0,23
7903.0,cluster_12013799529_12013799530_473195061,4,0,21
7904.0,2496228891,4,0,21
7904.0,cluster_12013799527_12013799528_2190601967,4,0,21
7904.0,cluster_12013799529_12013799530_473195061,4,0,21
7905.0,2496228891,4,0,21
7905.0,cluster_12013799527_12013799528_2190601967,4,0,21
7905.0,cluster_12013799529_12013799530_473195061,4,0,21
7906.0,2496228891,4,0,21
7906.0,cluster_12013799525_12013799526_2496228894,7,2,21
7906.0,cluster_12013799527_12013799528_2190601967,4,0,21
7906.0,cluster_12013799529_12013799530_473195061,4,0,21
7907.0,2496228891,5,0,23
7907.0,cluster_12013799525_12013799526_2496228894,5,2,21
7907.0,cluster_12013799527_12013799528_2190601967,5,0,23
7907.0,cluster_12013799529_12013799530_473195061,5,0,21
7908.0,2496228891,5,0,21
7908.0,cluster_12013799525_12013799526_2496228894,5,2,23
7908.0,cluster_12013799527_12013799528_2190601967,4,0,21
7908.0,cluster_12013799529_12013799530_473195061,5,0,21
7909.0,2496228891,5,0,21
7909.0,cluster_12013799525_12013799526_2496228894,5,2,21
7909.0,cluster_12013799527_12013799528_2190601967,4,0,21
7909.0,cluster_12013799529_12013799530_473195061,5,0,21
7910.0,2496228891,5,0,21
7910.0,cluster_12013799525_12013799526_2496228894,5,2,21
7910.0,cluster_12013799527_12013799528_2190601967,4,0,21
7910.0,cluster_12013799529_12013799530_473195061,5,0,21
7911.0,2496228891,4,0,21
7911.0,cluster_12013799525_12013799526_2496228894,5,2,21
7911.0,cluster_12013799527_12013799528_2190601967,5,0,23
7912.0,2496228891,4,0,21
7912.0,cluster_12013799525_12013799526_2496228894,5,2,21
7912.0,cluster_12013799527_12013799528_2190601967,4,0,21
7913.0,2496228891,6,0,23
7913.0,cluster_12013799525_12013799526_2496228894,4,2,21
7913.0,cluster_12013799527_12013799528_2190601967,4,0,21
7914.0,2496228891,6,0,21
7914.0,cluster_12013799525_12013799526_2496228894,4,2,21
7914.0,cluster_12013799527_12013799528_2190601967,4,0,21
7914.0,cluster_12013799529_12013799530_473195061,6,2,21
7915.0,2496228891,6,0,21
7915.0,cluster_12013799525_12013799526_2496228894,3,2,15
7915.0,cluster_12013799527_12013799528_2190601967,4,0,21
7915.0,cluster_12013799529_12013799530_473195061,6,2,21
7916.0,2496228891,6,0,21
7916.0,cluster_12013799525_12013799526_2496228894,3,2,15
7916.0,cluster_12013799529_12013799530_473195061,6,2,21
7917.0,2496228891,6,0,21
7917.0,cluster_12013799525_12013799526_2496228894,3,2,15
7917.0,cluster_12013799529_12013799530_473195061,7,2,23
7918.0,2496228891,6,0,21
7918.0,cluster_12013799525_12013799526_2496228894,3,2,15
7918.0,cluster_12013799529_12013799530_473195061,6,2,21
7919.0,2496228891,6,0,21
7919.0,cluster_12013799525_12013799526_2496228894,3,2,15
7919.0,cluster_12013799527_12013799528_2190601967,4,2,21
7919.0,cluster_12013799529_12013799530_473195061,6,2,21
7920.0,2496228891,6,0,21
7920.0,cluster_12013799525_12013799526_2496228894,3,2,15
7920.0,cluster_12013799527_12013799528_2190601967,4,2,21
7920.0,cluster_12013799529_12013799530_473195061,6,2,21
7921.0,2496228891,6,0,21
7921.0,cluster_12013799525_12013799526_2496228894,3,2,15
7921.0,cluster_12013799527_12013799528_2190601967,4,2,21
7921.0,cluster_12013799529_12013799530_473195061,6,2,21
7922.0,cluster_12013799525_12013799526_2496228894,3,2,15
7922.0,cluster_12013799527_12013799528_2190601967,3,2,15
7922.0,cluster_12013799529_12013799530_473195061,6,2,21
7923.0,cluster_12013799525_12013799526_2496228894,3,2,15
7923.0,cluster_12013799527_12013799528_2190601967,3,2,15
7923.0,cluster_12013799529_12013799530_473195061,6,2,21
7924.0,cluster_12013799525_12013799526_2496228894,3,2,15
7924.0,cluster_12013799527_12013799528_2190601967,3,2,15
7924.0,cluster_12013799529_12013799530_473195061,7,2,23
7925.0,2496228891,3,2,15
7925.0,cluster_12013799525_12013799526_2496228894,3,2,15
7925.0,cluster_12013799527_12013799528_2190601967,3,2,15
7925.0,cluster_12013799529_12013799530_473195061,6,2,21
7926.0,2496228891,2,2,15
7926.0,cluster_12013799525_12013799526_2496228894,2,2,15
7926.0,cluster_12013799527_12013799528_2190601967,3,2,15
7926.0,cluster_12013799529_12013799530_473195061,5,2,21
7927.0,2496228891,2,2,15
7927.0,cluster_12013799525_12013799526_2496228894,2,2,15
7927.0,cluster_12013799527_12013799528_2190601967,3,2,15
7927.0,cluster_12013799529_12013799530_473195061,5,2,21
7928.0,2496228891,2,2,15
7928.0,cluster_12013799527_12013799528_2190601967,3,2,15
7928.0,cluster_12013799529_12013799530_473195061,5,2,21
7929.0,2496228891,2,2,15
7929.0,cluster_12013799527_12013799528_2190601967,3,2,15
7929.0,cluster_12013799529_12013799530_473195061,5,2,21
7930.0,2496228891,1,2,15
7930.0,cluster_12013799527_12013799528_2190601967,3,2,15
7930.0,cluster_12013799529_12013799530_473195061,5,2,21
7931.0,2496228891,1,2,15
7931.0,cluster_12013799525_12013799526_2496228894,3,0,15
7931.0,cluster_12013799527_12013799528_2190601967,3,2,15
7931.0,cluster_12013799529_12013799530_473195061,5,2,21
7932.0,2496228891,0,2,15
7932.0,cluster_12013799525_12013799526_2496228894,2,0,15
7932.0,cluster_12013799527_12013799528_2190601967,2,2,15
7932.0,cluster_12013799529_12013799530_473195061,5,2,21
7933.0,2496228891,0,2,15
7933.0,cluster_12013799525_12013799526_2496228894,2,0,15
7933.0,cluster_12013799527_12013799528_2190601967,2,2,15
7933.0,cluster_12013799529_12013799530_473195061,5,2,21
7934.0,2496228891,0,2,15
7934.0,cluster_12013799525_12013799526_2496228894,2,0,15
7934.0,cluster_12013799527_12013799528_2190601967,2,2,15
7934.0,cluster_12013799529_12013799530_473195061,5,2,21
7935.0,2496228891,0,2,15
7935.0,cluster_12013799525_12013799526_2496228894,2,0,15
7935.0,cluster_12013799527_12013799528_2190601967,2,2,15
7935.0,cluster_12013799529_12013799530_473195061,4,2,21
7936.0,2496228891,0,2,15
7936.0,cluster_12013799525_12013799526_2496228894,1,0,15
7936.0,cluster_12013799527_12013799528_2190601967,1,2,15
7937.0,2496228891,0,2,15
7937.0,cluster_12013799525_12013799526_2496228894,1,0,15
7937.0,cluster_12013799527_12013799528_2190601967,2,2,15
7938.0,2496228891,0,2,15
7938.0,cluster_12013799525_12013799526_2496228894,1,0,15
7938.0,cluster_12013799527_12013799528_2190601967,2,2,15
7939.0,2496228891,0,2,15
7939.0,cluster_12013799525_12013799526_2496228894,0,0,15
7939.0,cluster_12013799527_12013799528_2190601967,2,2,15
7939.0,cluster_12013799529_12013799530_473195061,3,0,15
7940.0,2496228891,0,2,15
7940.0,cluster_12013799525_12013799526_2496228894,0,0,15
7940.0,cluster_12013799527_12013799528_2190601967,2,2,15
7940.0,cluster_12013799529_12013799530_473195061,3,0,15
7941.0,cluster_12013799525_12013799526_2496228894,0,0,15
7941.0,cluster_12013799529_12013799530_473195061,3,0,15
7942.0,cluster_12013799525_12013799526_2496228894,0,0,15
7942.0,cluster_12013799529_12013799530_473195061,3,0,15
7943.0,cluster_12013799525_12013799526_2496228894,0,0,15
7943.0,cluster_12013799529_12013799530_473195061,2,0,15
7944.0,2496228891,6,0,21
7944.0,cluster_12013799525_12013799526_2496228894,0,0,15
7944.0,cluster_12013799527_12013799528_2190601967,3,0,15
7944.0,cluster_12013799529_12013799530_473195061,2,0,15
7945.0,2496228891,5,0,21
7945.0,cluster_12013799525_12013799526_2496228894,0,0,15
7945.0,cluster_12013799527_12013799528_2190601967,3,0,15
7945.0,cluster_12013799529_12013799530_473195061,2,0,15
7946.0,2496228891,4,0,23
7946.0,cluster_12013799525_12013799526_2496228894,0,0,15
7946.0,cluster_12013799527_12013799528_2190601967,3,0,15
7946.0,cluster_12013799529_12013799530_473195061,1,0,15
7947.0,2496228891,4,0,21
7947.0,cluster_12013799527_12013799528_2190601967,3,0,15
7947.0,cluster_12013799529_12013799530_473195061,1,0,15
7948.0,2496228891,3,0,15
7948.0,cluster_12013799527_12013799528_2190601967,3,0,15
7948.0,cluster_12013799529_12013799530_473195061,1,0,15
7949.0,2496228891,0,0,15
7949.0,cluster_12013799527_12013799528_2190601967,2,0,15
7949.0,cluster_12013799529_12013799530_473195061,0,0,15
7950.0,2496228891,1,0,15
7950.0,cluster_12013799525_12013799526_2496228894,3,2,15
7950.0,cluster_12013799527_12013799528_2190601967,2,0,15
7950.0,cluster_12013799529_12013799530_473195061,0,0,15
7951.0,2496228891,1,0,15
7951.0,cluster_12013799525_12013799526_2496228894,2,2,15
7951.0,cluster_12013799527_12013799528_2190601967,1,0,15
7951.0,cluster_12013799529_12013799530_473195061,0,0,15
7952.0,2496228891,1,0,15
7952.0,cluster_12013799525_12013799526_2496228894,2,2,15
7952.0,cluster_12013799527_12013799528_2190601967,1,0,15
7952.0,cluster_12013799529_12013799530_473195061,0,0,15
7953.0,2496228891,2,0,15
7953.0,cluster_12013799525_12013799526_2496228894,2,2,15
7953.0,cluster_12013799527_12013799528_2190601967,1,0,15
7953.0,cluster_12013799529_12013799530_473195061,0,0,15
7954.0,2496228891,3,0,15
7954.0,cluster_12013799525_12013799526_2496228894,2,2,15
7954.0,cluster_12013799527_12013799528_2190601967,0,0,15
7954.0,cluster_12013799529_12013799530_473195061,0,0,15
7955.0,2496228891,2,0,15
7955.0,cluster_12013799525_12013799526_2496228894,1,2,15
7955.0,cluster_12013799527_12013799528_2190601967,0,0,15
7956.0,2496228891,2,0,15
7956.0,cluster_12013799525_12013799526_2496228894,1,2,15
7956.0,cluster_12013799527_12013799528_2190601967,0,0,15
7957.0,2496228891,3,0,15
7957.0,cluster_12013799525_12013799526_2496228894,1,2,15
7957.0,cluster_12013799527_12013799528_2190601967,0,0,15
7958.0,2496228891,3,0,15
7958.0,cluster_12013799525_12013799526_2496228894,1,2,15
7958.0,cluster_12013799527_12013799528_2190601967,0,0,15
7958.0,cluster_12013799529_12013799530_473195061,4,2,21
7959.0,2496228891,3,0,15
7959.0,cluster_12013799525_12013799526_2496228894,1,2,15
7959.0,cluster_12013799527_12013799528_2190601967,0,0,15
7959.0,cluster_12013799529_12013799530_473195061,3,2,15
7960.0,2496228891,2,0,15
7960.0,cluster_12013799525_12013799526_2496228894,0,2,15
7960.0,cluster_12013799529_12013799530_473195061,3,2,15
7961.0,2496228891,2,0,15
7961.0,cluster_12013799525_12013799526_2496228894,1,2,15
7961.0,cluster_12013799529_12013799530_473195061,3,2,15
7962.0,2496228891,1,0,15
7962.0,cluster_12013799525_12013799526_2496228894,1,2,15
7962.0,cluster_12013799529_12013799530_473195061,2,2,15
7963.0,2496228891,1,0,15
7963.0,cluster_12013799525_12013799526_2496228894,2,2,15
7963.0,cluster_12013799527_12013799528_2190601967,5,2,21
7963.0,cluster_12013799529_12013799530_473195061,2,2,15
7964.0,2496228891,0,0,15
7964.0,cluster_12013799525_12013799526_2496228894,2,2,15
7964.0,cluster_12013799527_12013799528_2190601967,3,2,15
7964.0,cluster_12013799529_12013799530_473195061,2,2,15
7965.0,2496228891,1,0,15
7965.0,cluster_12013799525_12013799526_2496228894,2,2,15
7965.0,cluster_12013799527_12013799528_2190601967,3,2,15
7965.0,cluster_12013799529_12013799530_473195061,1,2,15
7966.0,cluster_12013799527_12013799528_2190601967,3,2,15
7966.0,cluster_12013799529_12013799530_473195061,0,2,15
7967.0,cluster_12013799527_12013799528_2190601967,3,2,15
7967.0,cluster_12013799529_12013799530_473195061,1,2,15
7968.0,cluster_12013799527_12013799528_2190601967,2,2,15
7968.0,cluster_12013799529_12013799530_473195061,2,2,15
7969.0,2496228891,1,2,15
7969.0,cluster_12013799525_12013799526_2496228894,1,0,15
7969.0,cluster_12013799527_12013799528_2190601967,2,2,15
7969.0,cluster_12013799529_12013799530_473195061,2,2,15
7970.0,2496228891,1,2,15
7970.0,cluster_12013799525_12013799526_2496228894,1,0,15
7970.0,cluster_12013799527_12013799528_2190601967,2,2,15
7970.0,cluster_12013799529_12013799530_473195061,2,2,15
7971.0,2496228891,2,2,15
7971.0,cluster_12013799525_12013799526_2496228894,2,0,15
7971.0,cluster_12013799527_12013799528_2190601967,2,2,15
7971.0,cluster_12013799529_12013799530_473195061,4,2,23
7972.0,2496228891,2,2,15
7972.0,cluster_12013799525_12013799526_2496228894,2,0,15
7972.0,cluster_12013799527_12013799528_2190601967,2,2,15
7972.0,cluster_12013799529_12013799530_473195061,4,2,21
7973.0,2496228891,2,2,15
7973.0,cluster_12013799525_12013799526_2496228894,2,0,15
7973.0,cluster_12013799527_12013799528_2190601967,2,2,15
7973.0,cluster_12013799529_12013799530_473195061,5,2,23
7974.0,2496228891,2,2,15
7974.0,cluster_12013799525_12013799526_2496228894,2,0,15
7974.0,cluster_12013799527_12013799528_2190601967,2,2,15
7974.0,cluster_12013799529_12013799530_473195061,5,2,21
7975.0,2496228891,2,2,15
7975.0,cluster_12013799525_12013799526_2496228894,3,0,15
7975.0,cluster_12013799527_12013799528_2190601967,3,2,15
7975.0,cluster_12013799529_12013799530_473195061,6,2,23
7976.0,2496228891,3,2,15
7976.0,cluster_12013799525_12013799526_2496228894,3,0,15
7976.0,cluster_12013799527_12013799528_2190601967,3,2,15
7976.0,cluster_12013799529_12013799530_473195061,6,2,21
7977.0,2496228891,3,2,15
7977.0,cluster_12013799525_12013799526_2496228894,2,0,15
7977.0,cluster_12013799527_12013799528_2190601967,2,2,15
7977.0,cluster_12013799529_12013799530_473195061,6,2,21
7978.0,2496228891,3,2,15
7978.0,cluster_12013799525_12013799526_2496228894,2,0,15
7978.0,cluster_12013799527_12013799528_2190601967,2,2,15
7978.0,cluster_12013799529_12013799530_473195061,6,2,21
7979.0,2496228891,3,2,15
7979.0,cluster_12013799525_12013799526_2496228894,3,0,15
7979.0,cluster_12013799527_12013799528_2190601967,4,2,23
7979.0,cluster_12013799529_12013799530_473195061,7,2,23
7980.0,2496228891,3,2,15
7980.0,cluster_12013799525_12013799526_2496228894,2,0,15
7980.0,cluster_12013799527_12013799528_2190601967,3,2,15
7981.0,2496228891,3,2,15
7981.0,cluster_12013799525_12013799526_2496228894,2,0,15
7981.0,cluster_12013799527_12013799528_2190601967,3,2,15
7982.0,2496228891,3,2,15
7982.0,cluster_12013799525_12013799526_2496228894,2,0,15
7982.0,cluster_12013799527_12013799528_2190601967,4,2,23
7983.0,2496228891,3,2,15
7983.0,cluster_12013799525_12013799526_2496228894,2,0,15
7983.0,cluster_12013799527_12013799528_2190601967,4,2,21
7983.0,cluster_12013799529_12013799530_473195061,5,0,21
7984.0,2496228891,2,2,15
7984.0,cluster_12013799525_12013799526_2496228894,1,0,15
7984.0,cluster_12013799527_12013799528_2190601967,2,2,15
7984.0,cluster_12013799529_12013799530_473195061,4,0,21
7985.0,cluster_12013799529_12013799530_473195061,4,0,21
7986.0,cluster_12013799529_12013799530_473195061,4,0,21
7987.0,cluster_12013799529_12013799530_473195061,4,0,21
7988.0,2496228891,8,0,21
7988.0,cluster_12013799525_12013799526_2496228894,4,2,21
7988.0,cluster_12013799527_12013799528_2190601967,6,0,21
7988.0,cluster_12013799529_12013799530_473195061,4,0,21
7989.0,2496228891,7,0,21
7989.0,cluster_12013799525_12013799526_2496228894,3,2,15
7989.0,cluster_12013799527_12013799528_2190601967,5,0,21
7989.0,cluster_12013799529_12013799530_473195061,3,0,15
7990.0,2496228891,5,0,23
7990.0,cluster_12013799525_12013799526_2496228894,3,2,15
7990.0,cluster_12013799527_12013799528_2190601967,5,0,21
7990.0,cluster_12013799529_12013799530_473195061,3,0,15
7991.0,2496228891,7,0,23
7991.0,cluster_12013799525_12013799526_2496228894,3,2,15
7991.0,cluster_12013799527_12013799528_2190601967,6,0,23
7991.0,cluster_12013799529_12013799530_473195061,3,0,15
7992.0,2496228891,6,0,23
7992.0,cluster_12013799525_12013799526_2496228894,3,2,15
7992.0,cluster_12013799527_12013799528_2190601967,5,0,21
7992.0,cluster_12013799529_12013799530_473195061,2,0,15
7993.0,2496228891,6,0,21
7993.0,cluster_12013799525_12013799526_2496228894,4,2,23
7993.0,cluster_12013799527_12013799528_2190601967,5,0,21
7993.0,cluster_12013799529_12013799530_473195061,2,0,15
7994.0,2496228891,6,0,23
7994.0,cluster_12013799525_12013799526_2496228894,5,2,23
7994.0,cluster_12013799527_12013799528_2190601967,5,0,21
7994.0,cluster_12013799529_12013799530_473195061,2,0,15
7995.0,2496228891,5,0,21
7995.0,cluster_12013799525_12013799526_2496228894,4,2,23
7995.0,cluster_12013799527_12013799528_2190601967,4,0,21
7995.0,cluster_12013799529_12013799530_473195061,2,0,15
7996.0,2496228891,2,0,15
7996.0,cluster_12013799525_12013799526_2496228894,4,2,21
7996.0,cluster_12013799527_12013799528_2190601967,4,0,21
7996.0,cluster_12013799529_12013799530_473195061,2,0,15
7997.0,2496228891,1,0,15
7997.0,cluster_12013799525_12013799526_2496228894,4,2,21
7997.0,cluster_12013799527_12013799528_2190601967,4,0,21
7997.0,cluster_12013799529_12013799530_473195061,1,0,15
7998.0,2496228891,2,0,15
7998.0,cluster_12013799525_12013799526_2496228894,4,2,21
7998.0,cluster_12013799527_12013799528_2190601967,3,0,15
7998.0,cluster_12013799529_12013799530_473195061,1,0,15
7999.0,2496228891,2,0,15
7999.0,cluster_12013799525_12013799526_2496228894,4,2,21
7999.0,cluster_12013799527_12013799528_2190601967,3,0,15
7999.0,cluster_12013799529_12013799530_473195061,1,0,15
8000.0,2496228891,2,0,15
8000.0,cluster_12013799525_12013799526_2496228894,4,2,21
8000.0,cluster_12013799527_12013799528_2190601967,3,0,15
8000.0,cluster_12013799529_12013799530_473195061,0,0,15
8001.0,2496228891,2,0,15
8001.0,cluster_12013799525_12013799526_2496228894,4,2,21
8001.0,cluster_12013799527_12013799528_2190601967,2,0,15
8001.0,cluster_12013799529_12013799530_473195061,0,0,15
8002.0,2496228891,2,0,15
8002.0,cluster_12013799525_12013799526_2496228894,3,2,15
8002.0,cluster_12013799527_12013799528_2190601967,2,0,15
8002.0,cluster_12013799529_12013799530_473195061,0,0,15
8003.0,2496228891,2,0,15
8003.0,cluster_12013799525_12013799526_2496228894,3,2,15
8003.0,cluster_12013799527_12013799528_2190601967,2,0,15
8003.0,cluster_12013799529_12013799530_473195061,0,0,15
8004.0,2496228891,1,0,15
8004.0,cluster_12013799525_12013799526_2496228894,3,2,15
8004.0,cluster_12013799527_12013799528_2190601967,1,0,15
8004.0,cluster_12013799529_12013799530_473195061,0,0,15
8005.0,2496228891,2,0,15
8005.0,cluster_12013799525_12013799526_2496228894,2,2,15
8005.0,cluster_12013799527_12013799528_2190601967,1,0,15
8006.0,2496228891,1,0,15
8006.0,cluster_12013799525_12013799526_2496228894,2,2,15
8006.0,cluster_12013799527_12013799528_2190601967,1,0,15
8007.0,2496228891,2,0,15
8007.0,cluster_12013799525_12013799526_2496228894,3,2,15
8007.0,cluster_12013799527_12013799528_2190601967,1,0,15
8008.0,2496228891,2,0,15
8008.0,cluster_12013799525_12013799526_2496228894,3,2,15
8008.0,cluster_12013799527_12013799528_2190601967,0,0,15
8008.0,cluster_12013799529_12013799530_473195061,6,2,21
8009.0,2496228891,2,0,15
8009.0,cluster_12013799525_12013799526_2496228894,3,2,15
8009.0,cluster_12013799527_12013799528_2190601967,0,0,15
8009.0,cluster_12013799529_12013799530_473195061,5,2,21
8010.0,cluster_12013799529_12013799530_473195061,6,2,23
8011.0,cluster_12013799529_12013799530_473195061,6,2,21
8012.0,cluster_12013799529_12013799530_473195061,4,2,21
8013.0,2496228891,2,2,15
8013.0,cluster_12013799525_12013799526_2496228894,1,0,15
8013.0,cluster_12013799527_12013799528_2190601967,5,2,21
8013.0,cluster_12013799529_12013799530_473195061,4,2,21
8014.0,2496228891,1,2,15
8014.0,cluster_12013799525_12013799526_2496228894,0,0,15
8014.0,cluster_12013799527_12013799528_2190601967,2,2,15
8014.0,cluster_12013799529_12013799530_473195061,4,2,21
8015.0,2496228891,1,2,15
8015.0,cluster_12013799525_12013799526_2496228894,0,0,15
8015.0,cluster_12013799527_12013799528_2190601967,2,2,15
8015.0,cluster_12013799529_12013799530_473195061,2,2,15
8016.0,2496228891,1,2,15
8016.0,cluster_12013799525_12013799526_2496228894,0,0,15
8016.0,cluster_12013799527_12013799528_2190601967,2,2,15
8016.0,cluster_12013799529_12013799530_473195061,2,2,15
8017.0,2496228891,1,2,15
8017.0,cluster_12013799525_12013799526_2496228894,0,0,15
8017.0,cluster_12013799527_12013799528_2190601967,2,2,15
8017.0,cluster_12013799529_12013799530_473195061,1,2,15
8018.0,2496228891,0,2,15
8018.0,cluster_12013799525_12013799526_2496228894,0,0,15
8018.0,cluster_12013799527_12013799528_2190601967,0,2,15
8018.0,cluster_12013799529_12013799530_473195061,2,2,15
8019.0,2496228891,0,2,15
8019.0,cluster_12013799525_12013799526_2496228894,0,0,15
8019.0,cluster_12013799527_12013799528_2190601967,1,2,15
8019.0,cluster_12013799529_12013799530_473195061,2,2,15
8020.0,2496228891,0,2,15
8020.0,cluster_12013799525_12013799526_2496228894,0,0,15
8020.0,cluster_12013799527_12013799528_2190601967,1,2,15
8020.0,cluster_12013799529_12013799530_473195061,1,2,15
8021.0,2496228891,0,2,15
8021.0,cluster_12013799525_12013799526_2496228894,0,0,15
8021.0,cluster_12013799527_12013799528_2190601967,1,2,15
8021.0,cluster_12013799529_12013799530_473195061,2,2,15
8022.0,2496228891,0,2,15
8022.0,cluster_12013799525_12013799526_2496228894,0,0,15
8022.0,cluster_12013799527_12013799528_2190601967,1,2,15
8022.0,cluster_12013799529_12013799530_473195061,2,2,15
8023.0,2496228891,0,2,15
8023.0,cluster_12013799525_12013799526_2496228894,0,0,15
8023.0,cluster_12013799527_12013799528_2190601967,1,2,15
8023.0,cluster_12013799529_12013799530_473195061,2,2,15
8024.0,2496228891,0,2,15
8024.0,cluster_12013799525_12013799526_2496228894,0,0,15
8024.0,cluster_12013799527_12013799528_2190601967,1,2,15
8024.0,cluster_12013799529_12013799530_473195061,2,2,15
8025.0,2496228891,0,2,15
8025.0,cluster_12013799525_12013799526_2496228894,0,0,15
8025.0,cluster_12013799527_12013799528_2190601967,1,2,15
8025.0,cluster_12013799529_12013799530_473195061,2,2,15
8026.0,2496228891,0,2,15
8026.0,cluster_12013799525_12013799526_2496228894,0,0,15
8026.0,cluster_12013799527_12013799528_2190601967,1,2,15
8026.0,cluster_12013799529_12013799530_473195061,2,2,15
8027.0,2496228891,0,2,15
8027.0,cluster_12013799525_12013799526_2496228894,0,0,15
8027.0,cluster_12013799527_12013799528_2190601967,1,2,15
8027.0,cluster_12013799529_12013799530_473195061,2,2,15
8028.0,2496228891,0,2,15
8028.0,cluster_12013799525_12013799526_2496228894,0,0,15
8028.0,cluster_12013799527_12013799528_2190601967,1,2,15
8028.0,cluster_12013799529_12013799530_473195061,1,2,15
8029.0,cluster_12013799527_12013799528_2190601967,1,2,15
8029.0,cluster_12013799529_12013799530_473195061,1,2,15
8030.0,cluster_12013799527_12013799528_2190601967,0,2,15
8031.0,cluster_12013799527_12013799528_2190601967,0,2,15
8032.0,2496228891,3,0,15
8032.0,cluster_12013799525_12013799526_2496228894,2,2,15
8032.0,cluster_12013799527_12013799528_2190601967,0,2,15
8033.0,2496228891,3,0,15
8033.0,cluster_12013799525_12013799526_2496228894,1,2,15
8033.0,cluster_12013799527_12013799528_2190601967,0,2,15
8033.0,cluster_12013799529_12013799530_473195061,0,0,15
8034.0,2496228891,3,0,15
8034.0,cluster_12013799525_12013799526_2496228894,1,2,15
8034.0,cluster_12013799527_12013799528_2190601967,0,2,15
8034.0,cluster_12013799529_12013799530_473195061,0,0,15
8035.0,2496228891,3,0,15
8035.0,cluster_12013799525_12013799526_2496228894,1,2,15
8035.0,cluster_12013799529_12013799530_473195061,0,0,15
8036.0,2496228891,2,0,15
8036.0,cluster_12013799525_12013799526_2496228894,0,2,15
8036.0,cluster_12013799529_12013799530_473195061,0,0,15
8037.0,2496228891,2,0,15
8037.0,cluster_12013799525_12013799526_2496228894,1,2,15
8037.0,cluster_12013799529_12013799530_473195061,0,0,15
8038.0,2496228891,2,0,15
8038.0,cluster_12013799525_12013799526_2496228894,2,2,15
8038.0,cluster_12013799527_12013799528_2190601967,0,0,15
8038.0,cluster_12013799529_12013799530_473195061,0,0,15
8039.0,2496228891,1,0,15
8039.0,cluster_12013799525_12013799526_2496228894,2,2,15
8039.0,cluster_12013799527_12013799528_2190601967,0,0,15
8039.0,cluster_12013799529_12013799530_473195061,0,0,15
8040.0,2496228891,1,0,15
8040.0,cluster_12013799525_12013799526_2496228894,2,2,15
8040.0,cluster_12013799527_12013799528_2190601967,0,0,15
8040.0,cluster_12013799529_12013799530_473195061,0,0,15
8041.0,2496228891,1,0,15
8041.0,cluster_12013799525_12013799526_2496228894,3,2,15
8041.0,cluster_12013799527_12013799528_2190601967,0,0,15
8041.0,cluster_12013799529_12013799530_473195061,0,0,15
8042.0,2496228891,0,0,15
8042.0,cluster_12013799525_12013799526_2496228894,3,2,15
8042.0,cluster_12013799527_12013799528_2190601967,0,0,15
8042.0,cluster_12013799529_12013799530_473195061,0,0,15
8043.0,2496228891,0,0,15
8043.0,cluster_12013799525_12013799526_2496228894,4,2,23
8043.0,cluster_12013799527_12013799528_2190601967,0,0,15
8043.0,cluster_12013799529_12013799530_473195061,0,0,15
8044.0,2496228891,1,0,15
8044.0,cluster_12013799525_12013799526_2496228894,5,2,23
8044.0,cluster_12013799527_12013799528_2190601967,1,0,15
8044.0,cluster_12013799529_12013799530_473195061,1,0,15
8045.0,2496228891,1,0,15
8045.0,cluster_12013799525_12013799526_2496228894,5,2,21
8045.0,cluster_12013799527_12013799528_2190601967,1,0,15
8045.0,cluster_12013799529_12013799530_473195061,1,0,15
8046.0,2496228891,1,0,15
8046.0,cluster_12013799525_12013799526_2496228894,4,2,21
8046.0,cluster_12013799527_12013799528_2190601967,1,0,15
8046.0,cluster_12013799529_12013799530_473195061,1,0,15
8047.0,2496228891,1,0,15
8047.0,cluster_12013799525_12013799526_2496228894,4,2,21
8047.0,cluster_12013799527_12013799528_2190601967,1,0,15
8047.0,cluster_12013799529_12013799530_473195061,1,0,15
8048.0,cluster_12013799527_12013799528_2190601967,2,0,15
8048.0,cluster_12013799529_12013799530_473195061,2,0,15
8049.0,cluster_12013799527_12013799528_2190601967,2,0,15
8050.0,cluster_12013799527_12013799528_2190601967,2,0,15
8051.0,2496228891,2,2,15
8051.0,cluster_12013799525_12013799526_2496228894,2,0,15
8051.0,cluster_12013799527_12013799528_2190601967,2,0,15
8052.0,2496228891,2,2,15
8052.0,cluster_12013799525_12013799526_2496228894,3,0,15
8052.0,cluster_12013799527_12013799528_2190601967,3,0,15
8052.0,cluster_12013799529_12013799530_473195061,5,2,21
8053.0,2496228891,3,2,15
8053.0,cluster_12013799525_12013799526_2496228894,3,0,15
8053.0,cluster_12013799527_12013799528_2190601967,3,0,15
8053.0,cluster_12013799529_12013799530_473195061,4,2,21
8054.0,2496228891,3,2,15
8054.0,cluster_12013799525_12013799526_2496228894,2,0,15
8054.0,cluster_12013799529_12013799530_473195061,4,2,21
8055.0,2496228891,3,2,15
8055.0,cluster_12013799525_12013799526_2496228894,2,0,15
8055.0,cluster_12013799529_12013799530_473195061,4,2,21
8056.0,2496228891,3,2,15
8056.0,cluster_12013799525_12013799526_2496228894,3,0,15
8056.0,cluster_12013799529_12013799530_473195061,5,2,23
8057.0,2496228891,3,2,15
8057.0,cluster_12013799525_12013799526_2496228894,2,0,15
8057.0,cluster_12013799527_12013799528_2190601967,6,2,21
8057.0,cluster_12013799529_12013799530_473195061,4,2,21
8058.0,2496228891,3,2,15
8058.0,cluster_12013799525_12013799526_2496228894,2,0,15
8058.0,cluster_12013799527_12013799528_2190601967,4,2,21
8058.0,cluster_12013799529_12013799530_473195061,4,2,21
8059.0,2496228891,3,2,15
8059.0,cluster_12013799525_12013799526_2496228894,2,0,15
8059.0,cluster_12013799527_12013799528_2190601967,4,2,21
8059.0,cluster_12013799529_12013799530_473195061,4,2,21
8060.0,2496228891,2,2,15
8060.0,cluster_12013799525_12013799526_2496228894,2,0,15
8060.0,cluster_12013799527_12013799528_2190601967,5,2,23
8060.0,cluster_12013799529_12013799530_473195061,5,2,23
8061.0,2496228891,2,2,15
8061.0,cluster_12013799525_12013799526_2496228894,2,0,15
8061.0,cluster_12013799527_12013799528_2190601967,4,2,21
8061.0,cluster_12013799529_12013799530_473195061,6,2,23
8062.0,2496228891,2,2,15
8062.0,cluster_12013799525_12013799526_2496228894,1,0,15
8062.0,cluster_12013799527_12013799528_2190601967,3,2,15
8062.0,cluster_12013799529_12013799530_473195061,6,2,21
8063.0,2496228891,2,2,15
8063.0,cluster_12013799525_12013799526_2496228894,1,0,15
8063.0,cluster_12013799527_12013799528_2190601967,2,2,15
8063.0,cluster_12013799529_12013799530_473195061,6,2,21
8064.0,2496228891,2,2,15
8064.0,cluster_12013799525_12013799526_2496228894,1,0,15
8064.0,cluster_12013799527_12013799528_2190601967,4,2,23
8064.0,cluster_12013799529_12013799530_473195061,7,2,23
8065.0,2496228891,1,2,15
8065.0,cluster_12013799525_12013799526_2496228894,0,0,15
8065.0,cluster_12013799527_12013799528_2190601967,2,2,15
8065.0,cluster_12013799529_12013799530_473195061,7,2,21
8066.0,2496228891,1,2,15
8066.0,cluster_12013799525_12013799526_2496228894,0,0,15
8066.0,cluster_12013799527_12013799528_2190601967,3,2,15
8066.0,cluster_12013799529_12013799530_473195061,7,2,21
8067.0,cluster_12013799527_12013799528_2190601967,3,2,15
8067.0,cluster_12013799529_12013799530_473195061,7,2,21
8068.0,cluster_12013799527_12013799528_2190601967,4,2,23
8068.0,cluster_12013799529_12013799530_473195061,8,2,24
8069.0,cluster_12013799527_12013799528_2190601967,2,2,15
8069.0,cluster_12013799529_12013799530_473195061,8,2,21
8070.0,2496228891,5,0,21
8070.0,cluster_12013799525_12013799526_2496228894,3,2,15
8070.0,cluster_12013799527_12013799528_2190601967,2,2,15
8070.0,cluster_12013799529_12013799530_473195061,8,2,21
8071.0,2496228891,5,0,21
8071.0,cluster_12013799525_12013799526_2496228894,3,2,15
8071.0,cluster_12013799527_12013799528_2190601967,2,2,15
8071.0,cluster_12013799529_12013799530_473195061,7,2,21
8072.0,2496228891,5,0,21
8072.0,cluster_12013799525_12013799526_2496228894,4,2,23
8072.0,cluster_12013799527_12013799528_2190601967,2,2,15
8072.0,cluster_12013799529_12013799530_473195061,8,2,24
8073.0,2496228891,5,0,21
8073.0,cluster_12013799525_12013799526_2496228894,4,2,21
8073.0,cluster_12013799527_12013799528_2190601967,2,2,15
8073.0,cluster_12013799529_12013799530_473195061,8,2,21
8074.0,2496228891,5,0,21
8074.0,cluster_12013799525_12013799526_2496228894,4,2,21
8074.0,cluster_12013799527_12013799528_2190601967,0,2,15
8075.0,2496228891,5,0,21
8075.0,cluster_12013799525_12013799526_2496228894,3,2,15
8075.0,cluster_12013799527_12013799528_2190601967,1,2,15
8076.0,2496228891,5,0,21
8076.0,cluster_12013799525_12013799526_2496228894,3,2,15
8076.0,cluster_12013799527_12013799528_2190601967,1,2,15
8077.0,2496228891,5,0,21
8077.0,cluster_12013799525_12013799526_2496228894,2,2,15
8077.0,cluster_12013799527_12013799528_2190601967,1,2,15
8077.0,cluster_12013799529_12013799530_473195061,5,0,21
8078.0,2496228891,4,0,21
8078.0,cluster_12013799525_12013799526_2496228894,2,2,15
8078.0,cluster_12013799527_12013799528_2190601967,1,2,15
8078.0,cluster_12013799529_12013799530_473195061,4,0,21
8079.0,2496228891,4,0,21
8079.0,cluster_12013799525_12013799526_2496228894,2,2,15
8079.0,cluster_12013799529_12013799530_473195061,4,0,21
8080.0,2496228891,4,0,21
8080.0,cluster_12013799525_12013799526_2496228894,2,2,15
8080.0,cluster_12013799529_12013799530_473195061,4,0,21
8081.0,2496228891,3,0,15
8081.0,cluster_12013799525_12013799526_2496228894,1,2,15
8081.0,cluster_12013799529_12013799530_473195061,3,0,15
8082.0,2496228891,5,0,23
8082.0,cluster_12013799525_12013799526_2496228894,1,2,15
8082.0,cluster_12013799527_12013799528_2190601967,6,0,21
8082.0,cluster_12013799529_12013799530_473195061,3,0,15
8083.0,2496228891,5,0,21
8083.0,cluster_12013799525_12013799526_2496228894,1,2,15
8083.0,cluster_12013799527_12013799528_2190601967,6,0,21
8083.0,cluster_12013799529_12013799530_473195061,3,0,15
8084.0,2496228891,4,0,21
8084.0,cluster_12013799525_12013799526_2496228894,1,2,15
8084.0,cluster_12013799527_12013799528_2190601967,6,0,21
8084.0,cluster_12013799529_12013799530_473195061,2,0,15
8085.0,2496228891,6,0,23
8085.0,cluster_12013799525_12013799526_2496228894,1,2,15
8085.0,cluster_12013799527_12013799528_2190601967,6,0,21
8085.0,cluster_12013799529_12013799530_473195061,2,0,15
8086.0,2496228891,6,0,21
8086.0,cluster_12013799527_12013799528_2190601967,5,0,21
8086.0,cluster_12013799529_12013799530_473195061,2,0,15
8087.0,2496228891,5,0,21
8087.0,cluster_12013799527_12013799528_2190601967,5,0,21
8087.0,cluster_12013799529_12013799530_473195061,1,0,15
8088.0,2496228891,3,0,15
8088.0,cluster_12013799527_12013799528_2190601967,5,0,21
8088.0,cluster_12013799529_12013799530_473195061,1,0,15
8089.0,2496228891,3,0,15
8089.0,cluster_12013799525_12013799526_2496228894,0,0,15
8089.0,cluster_12013799527_12013799528_2190601967,4,0,21
8089.0,cluster_12013799529_12013799530_473195061,0,0,15
8090.0,2496228891,2,0,15
8090.0,cluster_12013799525_12013799526_2496228894,0,0,15
8090.0,cluster_12013799527_12013799528_2190601967,4,0,21
8090.0,cluster_12013799529_12013799530_473195061,0,0,15
8091.0,2496228891,2,0,15
8091.0,cluster_12013799525_12013799526_2496228894,0,0,15
8091.0,cluster_12013799527_12013799528_2190601967,4,0,21
8091.0,cluster_12013799529_12013799530_473195061,0,0,15
8092.0,cluster_12013799525_12013799526_2496228894,0,0,15
8092.0,cluster_12013799527_12013799528_2190601967,3,0,15
8092.0,cluster_12013799529_12013799530_473195061,0,0,15
8093.0,cluster_12013799525_12013799526_2496228894,0,0,15
8093.0,cluster_12013799527_12013799528_2190601967,3,0,15
8093.0,cluster_12013799529_12013799530_473195061,0,0,15
8094.0,cluster_12013799525_12013799526_2496228894,0,0,15
8094.0,cluster_12013799527_12013799528_2190601967,2,0,15
8094.0,cluster_12013799529_12013799530_473195061,0,0,15
8095.0,2496228891,1,2,15
8095.0,cluster_12013799525_12013799526_2496228894,0,0,15
8095.0,cluster_12013799527_12013799528_2190601967,2,0,15
8095.0,cluster_12013799529_12013799530_473195061,0,0,15
8096.0,2496228891,0,2,15
8096.0,cluster_12013799525_12013799526_2496228894,0,0,15
8096.0,cluster_12013799527_12013799528_2190601967,1,0,15
8096.0,cluster_12013799529_12013799530_473195061,0,0,15
8097.0,2496228891,0,2,15
8097.0,cluster_12013799525_12013799526_2496228894,0,0,15
8097.0,cluster_12013799527_12013799528_2190601967,1,0,15
8097.0,cluster_12013799529_12013799530_473195061,0,0,15
8098.0,2496228891,0,2,15
8098.0,cluster_12013799525_12013799526_2496228894,0,0,15
8098.0,cluster_12013799527_12013799528_2190601967,0,0,15
8098.0,cluster_12013799529_12013799530_473195061,0,0,15
8099.0,2496228891,0,2,15
8099.0,cluster_12013799525_12013799526_2496228894,0,0,15
8099.0,cluster_12013799527_12013799528_2190601967,0,0,15
8100.0,2496228891,0,2,15
8100.0,cluster_12013799525_12013799526_2496228894,0,0,15
8100.0,cluster_12013799527_12013799528_2190601967,0,0,15
8101.0,2496228891,0,2,15
8101.0,cluster_12013799525_12013799526_2496228894,0,0,15
8101.0,cluster_12013799527_12013799528_2190601967,0,0,15
8102.0,2496228891,0,2,15
8102.0,cluster_12013799525_12013799526_2496228894,0,0,15
8102.0,cluster_12013799527_12013799528_2190601967,0,0,15
8102.0,cluster_12013799529_12013799530_473195061,7,2,21
8103.0,2496228891,0,2,15
8103.0,cluster_12013799525_12013799526_2496228894,0,0,15
8103.0,cluster_12013799527_12013799528_2190601967,0,0,15
8103.0,cluster_12013799529_12013799530_473195061,6,2,21
8104.0,2496228891,0,2,15
8104.0,cluster_12013799525_12013799526_2496228894,0,0,15
8104.0,cluster_12013799529_12013799530_473195061,6,2,21
8105.0,2496228891,0,2,15
8105.0,cluster_12013799529_12013799530_473195061,6,2,21
8106.0,2496228891,0,2,15
8106.0,cluster_12013799529_12013799530_473195061,5,2,21
8107.0,2496228891,0,2,15
8107.0,cluster_12013799527_12013799528_2190601967,2,2,15
8107.0,cluster_12013799529_12013799530_473195061,4,2,21
8108.0,2496228891,0,2,15
8108.0,cluster_12013799525_12013799526_2496228894,1,2,15
8108.0,cluster_12013799527_12013799528_2190601967,0,2,15
8108.0,cluster_12013799529_12013799530_473195061,4,2,21
8109.0,2496228891,0,2,15
8109.0,cluster_12013799525_12013799526_2496228894,1,2,15
8109.0,cluster_12013799527_12013799528_2190601967,0,2,15
8109.0,cluster_12013799529_12013799530_473195061,2,2,15
8110.0,2496228891,0,2,15
8110.0,cluster_12013799525_12013799526_2496228894,0,2,15
8110.0,cluster_12013799527_12013799528_2190601967,0,2,15
8110.0,cluster_12013799529_12013799530_473195061,2,2,15
8111.0,cluster_12013799525_12013799526_2496228894,0,2,15
8111.0,cluster_12013799527_12013799528_2190601967,0,2,15
8111.0,cluster_12013799529_12013799530_473195061,1,2,15
8112.0,cluster_12013799525_12013799526_2496228894,0,2,15
8112.0,cluster_12013799527_12013799528_2190601967,1,2,15
8112.0,cluster_12013799529_12013799530_473195061,2,2,15
8113.0,cluster_12013799525_12013799526_2496228894,0,2,15
8113.0,cluster_12013799527_12013799528_2190601967,1,2,15
8113.0,cluster_12013799529_12013799530_473195061,2,2,15
8114.0,2496228891,5,0,21
8114.0,cluster_12013799525_12013799526_2496228894,0,2,15
8114.0,cluster_12013799527_12013799528_2190601967,1,2,15
8114.0,cluster_12013799529_12013799530_473195061,1,2,15
8115.0,2496228891,4,0,23
8115.0,cluster_12013799525_12013799526_2496228894,0,2,15
8115.0,cluster_12013799527_12013799528_2190601967,1,2,15
8115.0,cluster_12013799529_12013799530_473195061,1,2,15
8116.0,2496228891,4,0,23
8116.0,cluster_12013799525_12013799526_2496228894,0,2,15
8116.0,cluster_12013799527_12013799528_2190601967,1,2,15
8116.0,cluster_12013799529_12013799530_473195061,1,2,15
8117.0,2496228891,4,0,23
8117.0,cluster_12013799525_12013799526_2496228894,0,2,15
8117.0,cluster_12013799527_12013799528_2190601967,1,2,15
8117.0,cluster_12013799529_12013799530_473195061,1,2,15
8118.0,2496228891,4,0,23
8118.0,cluster_12013799525_12013799526_2496228894,1,2,15
8118.0,cluster_12013799527_12013799528_2190601967,0,2,15
8118.0,cluster_12013799529_12013799530_473195061,1,2,15
8119.0,2496228891,4,0,23
8119.0,cluster_12013799525_12013799526_2496228894,1,2,15
8119.0,cluster_12013799527_12013799528_2190601967,1,2,15
8119.0,cluster_12013799529_12013799530_473195061,1,2,15
8120.0,2496228891,4,0,23
8120.0,cluster_12013799525_12013799526_2496228894,2,2,15
8120.0,cluster_12013799527_12013799528_2190601967,1,2,15
8120.0,cluster_12013799529_12013799530_473195061,1,2,15
8121.0,2496228891,4,0,23
8121.0,cluster_12013799525_12013799526_2496228894,3,2,15
8121.0,cluster_12013799527_12013799528_2190601967,2,2,15
8121.0,cluster_12013799529_12013799530_473195061,2,2,15
8122.0,2496228891,3,0,15
8122.0,cluster_12013799525_12013799526_2496228894,3,2,15
8122.0,cluster_12013799527_12013799528_2190601967,2,2,15
8122.0,cluster_12013799529_12013799530_473195061,2,2,15
8123.0,2496228891,3,0,15
8123.0,cluster_12013799525_12013799526_2496228894,4,2,23
8123.0,cluster_12013799529_12013799530_473195061,2,2,15
8124.0,2496228891,2,0,15
8125.0,2496228891,3,0,15
8126.0,2496228891,2,0,15
8126.0,cluster_12013799527_12013799528_2190601967,2,0,15
8127.0,2496228891,2,0,15
8127.0,cluster_12013799525_12013799526_2496228894,2,0,15
8127.0,cluster_12013799527_12013799528_2190601967,2,0,15
8127.0,cluster_12013799529_12013799530_473195061,2,0,15
8128.0,2496228891,2,0,15
8128.0,cluster_12013799525_12013799526_2496228894,2,0,15
8128.0,cluster_12013799527_12013799528_2190601967,2,0,15
8128.0,cluster_12013799529_12013799530_473195061,2,0,15
8129.0,2496228891,2,0,15
8129.0,cluster_12013799525_12013799526_2496228894,3,0,15
8129.0,cluster_12013799527_12013799528_2190601967,3,0,15
8129.0,cluster_12013799529_12013799530_473195061,2,0,15
8130.0,2496228891,3,0,15
8130.0,cluster_12013799525_12013799526_2496228894,3,0,15
8130.0,cluster_12013799527_12013799528_2190601967,3,0,15
8130.0,cluster_12013799529_12013799530_473195061,3,0,15
8131.0,2496228891,3,0,15
8131.0,cluster_12013799525_12013799526_2496228894,2,0,15
8131.0,cluster_12013799527_12013799528_2190601967,3,0,15
8131.0,cluster_12013799529_12013799530_473195061,3,0,15
8132.0,2496228891,4,0,23
8132.0,cluster_12013799525_12013799526_2496228894,2,0,15
8132.0,cluster_12013799527_12013799528_2190601967,3,0,15
8132.0,cluster_12013799529_12013799530_473195061,3,0,15
8133.0,2496228891,4,0,21
8133.0,cluster_12013799525_12013799526_2496228894,3,0,15
8133.0,cluster_12013799527_12013799528_2190601967,4,0,23
8133.0,cluster_12013799529_12013799530_473195061,3,0,15
8134.0,2496228891,5,0,23
8134.0,cluster_12013799525_12013799526_2496228894,3,0,15
8134.0,cluster_12013799527_12013799528_2190601967,4,0,21
8134.0,cluster_12013799529_12013799530_473195061,4,0,21
8135.0,2496228891,5,0,21
8135.0,cluster_12013799525_12013799526_2496228894,2,0,15
8135.0,cluster_12013799527_12013799528_2190601967,4,0,21
8135.0,cluster_12013799529_12013799530_473195061,4,0,21
8136.0,cluster_12013799525_12013799526_2496228894,2,0,15
8136.0,cluster_12013799527_12013799528_2190601967,3,0,15
8136.0,cluster_12013799529_12013799530_473195061,4,0,21
8137.0,cluster_12013799525_12013799526_2496228894,2,0,15
8137.0,cluster_12013799527_12013799528_2190601967,4,0,23
8137.0,cluster_12013799529_12013799530_473195061,4,0,21
8138.0,cluster_12013799525_12013799526_2496228894,1,0,15
8138.0,cluster_12013799527_12013799528_2190601967,4,0,21
8138.0,cluster_12013799529_12013799530_473195061,4,0,21
8139.0,2496228891,2,2,15
8139.0,cluster_12013799525_12013799526_2496228894,1,0,15
8139.0,cluster_12013799527_12013799528_2190601967,4,0,21
8139.0,cluster_12013799529_12013799530_473195061,4,0,21
8140.0,2496228891,2,2,15
8140.0,cluster_12013799525_12013799526_2496228894,1,0,15
8140.0,cluster_12013799527_12013799528_2190601967,4,0,21
8140.0,cluster_12013799529_12013799530_473195061,4,0,21
8141.0,2496228891,2,2,15
8141.0,cluster_12013799525_12013799526_2496228894,1,0,15
8141.0,cluster_12013799527_12013799528_2190601967,5,0,23
8141.0,cluster_12013799529_12013799530_473195061,3,0,15
8142.0,2496228891,2,2,15
8142.0,cluster_12013799525_12013799526_2496228894,0,0,15
8142.0,cluster_12013799529_12013799530_473195061,3,0,15
8143.0,2496228891,1,2,15
8144.0,2496228891,1,2,15
8145.0,2496228891,1,2,15
8145.0,cluster_12013799527_12013799528_2190601967,3,2,15
8146.0,2496228891,0,2,15
8146.0,cluster_12013799525_12013799526_2496228894,6,2,21
8146.0,cluster_12013799527_12013799528_2190601967,2,2,15
8146.0,cluster_12013799529_12013799530_473195061,7,2,21
8147.0,2496228891,0,2,15
8147.0,cluster_12013799525_12013799526_2496228894,4,2,21
8147.0,cluster_12013799527_12013799528_2190601967,3,2,15
8147.0,cluster_12013799529_12013799530_473195061,6,2,21
8148.0,2496228891,0,2,15
8148.0,cluster_12013799525_12013799526_2496228894,5,2,23
8148.0,cluster_12013799527_12013799528_2190601967,3,2,15
8148.0,cluster_12013799529_12013799530_473195061,7,2,23
8149.0,2496228891,0,2,15
8149.0,cluster_12013799525_12013799526_2496228894,5,2,23
8149.0,cluster_12013799527_12013799528_2190601967,3,2,15
8149.0,cluster_12013799529_12013799530_473195061,7,2,21
8150.0,2496228891,0,2,15
8150.0,cluster_12013799525_12013799526_2496228894,4,2,21
8150.0,cluster_12013799527_12013799528_2190601967,1,2,15
8150.0,cluster_12013799529_12013799530_473195061,7,2,21
8151.0,2496228891,0,2,15
8151.0,cluster_12013799525_12013799526_2496228894,3,2,15
8151.0,cluster_12013799527_12013799528_2190601967,3,2,15
8151.0,cluster_12013799529_12013799530_473195061,7,2,21
8152.0,2496228891,0,2,15
8152.0,cluster_12013799525_12013799526_2496228894,3,2,15
8152.0,cluster_12013799527_12013799528_2190601967,2,2,15
8152.0,cluster_12013799529_12013799530_473195061,7,2,21
8153.0,2496228891,0,2,15
8153.0,cluster_12013799525_12013799526_2496228894,2,2,15
8153.0,cluster_12013799527_12013799528_2190601967,2,2,15
8153.0,cluster_12013799529_12013799530_473195061,8,2,24
8154.0,2496228891,0,2,15
8154.0,cluster_12013799525_12013799526_2496228894,2,2,15
8154.0,cluster_12013799527_12013799528_2190601967,2,2,15
8154.0,cluster_12013799529_12013799530_473195061,7,2,21
8155.0,cluster_12013799525_12013799526_2496228894,1,2,15
8155.0,cluster_12013799527_12013799528_2190601967,2,2,15
8155.0,cluster_12013799529_12013799530_473195061,7,2,21
8156.0,cluster_12013799525_12013799526_2496228894,1,2,15
8156.0,cluster_12013799527_12013799528_2190601967,1,2,15
8156.0,cluster_12013799529_12013799530_473195061,7,2,21
8157.0,cluster_12013799525_12013799526_2496228894,1,2,15
8157.0,cluster_12013799527_12013799528_2190601967,1,2,15
8157.0,cluster_12013799529_12013799530_473195061,7,2,21
8158.0,2496228891,3,0,15
8158.0,cluster_12013799525_12013799526_2496228894,0,2,15
8158.0,cluster_12013799527_12013799528_2190601967,2,2,15
8158.0,cluster_12013799529_12013799530_473195061,7,2,21
8159.0,2496228891,3,0,15
8159.0,cluster_12013799525_12013799526_2496228894,0,2,15
8159.0,cluster_12013799527_12013799528_2190601967,2,2,15
8159.0,cluster_12013799529_12013799530_473195061,7,2,21
8160.0,2496228891,3,0,15
8160.0,cluster_12013799525_12013799526_2496228894,0,2,15
8160.0,cluster_12013799527_12013799528_2190601967,3,2,15
8160.0,cluster_12013799529_12013799530_473195061,7,2,21
8161.0,2496228891,3,0,15
8161.0,cluster_12013799525_12013799526_2496228894,1,2,15
8161.0,cluster_12013799529_12013799530_473195061,7,2,21
8162.0,2496228891,3,0,15
8162.0,cluster_12013799525_12013799526_2496228894,1,2,15
8162.0,cluster_12013799529_12013799530_473195061,7,2,21
8163.0,2496228891,3,0,15
8163.0,cluster_12013799525_12013799526_2496228894,1,2,15
8163.0,cluster_12013799529_12013799530_473195061,6,2,21
8164.0,2496228891,3,0,15
8164.0,cluster_12013799525_12013799526_2496228894,1,2,15
8164.0,cluster_12013799527_12013799528_2190601967,4,0,21
8164.0,cluster_12013799529_12013799530_473195061,5,2,21
8165.0,2496228891,5,0,23
8165.0,cluster_12013799525_12013799526_2496228894,1,2,15
8165.0,cluster_12013799527_12013799528_2190601967,4,0,21
8165.0,cluster_12013799529_12013799530_473195061,5,2,21
8166.0,2496228891,5,0,21
8166.0,cluster_12013799525_12013799526_2496228894,1,2,15
8166.0,cluster_12013799527_12013799528_2190601967,4,0,21
8166.0,cluster_12013799529_12013799530_473195061,5,2,21
8167.0,2496228891,5,0,21
8167.0,cluster_12013799525_12013799526_2496228894,1,2,15
8167.0,cluster_12013799527_12013799528_2190601967,4,0,21
8167.0,cluster_12013799529_12013799530_473195061,4,2,21
8168.0,2496228891,5,0,21
8168.0,cluster_12013799527_12013799528_2190601967,3,0,15
8169.0,2496228891,3,0,15
8169.0,cluster_12013799527_12013799528_2190601967,3,0,15
8170.0,2496228891,4,0,23
8170.0,cluster_12013799527_12013799528_2190601967,3,0,15
8171.0,2496228891,4,0,21
8171.0,cluster_12013799525_12013799526_2496228894,0,0,15
8171.0,cluster_12013799527_12013799528_2190601967,2,0,15
8171.0,cluster_12013799529_12013799530_473195061,3,0,15
8172.0,2496228891,3,0,15
8172.0,cluster_12013799525_12013799526_2496228894,0,0,15
8172.0,cluster_12013799527_12013799528_2190601967,2,0,15
8172.0,cluster_12013799529_12013799530_473195061,2,0,15
8173.0,2496228891,3,0,15
8173.0,cluster_12013799525_12013799526_2496228894,0,0,15
8173.0,cluster_12013799527_12013799528_2190601967,1,0,15
8173.0,cluster_12013799529_12013799530_473195061,2,0,15
8174.0,cluster_12013799525_12013799526_2496228894,0,0,15
8174.0,cluster_12013799527_12013799528_2190601967,1,0,15
8174.0,cluster_12013799529_12013799530_473195061,2,0,15
8175.0,cluster_12013799525_12013799526_2496228894,0,0,15
8175.0,cluster_12013799527_12013799528_2190601967,1,0,15
8175.0,cluster_12013799529_12013799530_473195061,2,0,15
8176.0,cluster_12013799525_12013799526_2496228894,0,0,15
8176.0,cluster_12013799527_12013799528_2190601967,0,0,15
8176.0,cluster_12013799529_12013799530_473195061,1,0,15
8177.0,2496228891,0,2,15
8177.0,cluster_12013799525_12013799526_2496228894,0,0,15
8177.0,cluster_12013799527_12013799528_2190601967,0,0,15
8177.0,cluster_12013799529_12013799530_473195061,1,0,15
8178.0,2496228891,0,2,15
8178.0,cluster_12013799525_12013799526_2496228894,0,0,15
8178.0,cluster_12013799527_12013799528_2190601967,0,0,15
8178.0,cluster_12013799529_12013799530_473195061,1,0,15
8179.0,2496228891,0,2,15
8179.0,cluster_12013799525_12013799526_2496228894,0,0,15
8179.0,cluster_12013799527_12013799528_2190601967,0,0,15
8179.0,cluster_12013799529_12013799530_473195061,0,0,15
8180.0,2496228891,0,2,15
8180.0,cluster_12013799525_12013799526_2496228894,0,0,15
8180.0,cluster_12013799527_12013799528_2190601967,0,0,15
8180.0,cluster_12013799529_12013799530_473195061,0,0,15
8181.0,2496228891,0,2,15
8181.0,cluster_12013799525_12013799526_2496228894,0,0,15
8181.0,cluster_12013799527_12013799528_2190601967,0,0,15
8181.0,cluster_12013799529_12013799530_473195061,0,0,15
8182.0,2496228891,0,2,15
8182.0,cluster_12013799525_12013799526_2496228894,0,0,15
8182.0,cluster_12013799527_12013799528_2190601967,0,0,15
8182.0,cluster_12013799529_12013799530_473195061,0,0,15
8183.0,2496228891,0,2,15
8183.0,cluster_12013799525_12013799526_2496228894,0,0,15
8183.0,cluster_12013799527_12013799528_2190601967,0,0,15
8183.0,cluster_12013799529_12013799530_473195061,0,0,15
8184.0,2496228891,0,2,15
8184.0,cluster_12013799525_12013799526_2496228894,0,0,15
8184.0,cluster_12013799527_12013799528_2190601967,0,0,15
8184.0,cluster_12013799529_12013799530_473195061,0,0,15
8185.0,2496228891,0,2,15
8185.0,cluster_12013799525_12013799526_2496228894,0,0,15
8185.0,cluster_12013799527_12013799528_2190601967,0,0,15
8185.0,cluster_12013799529_12013799530_473195061,0,0,15
8186.0,2496228891,0,2,15
8186.0,cluster_12013799525_12013799526_2496228894,0,0,15
8186.0,cluster_12013799529_12013799530_473195061,0,0,15
8187.0,2496228891,0,2,15
8188.0,2496228891,0,2,15
8189.0,2496228891,0,2,15
8189.0,cluster_12013799527_12013799528_2190601967,3,2,15
8190.0,2496228891,0,2,15
8190.0,cluster_12013799525_12013799526_2496228894,0,2,15
8190.0,cluster_12013799527_12013799528_2190601967,1,2,15
8190.0,cluster_12013799529_12013799530_473195061,4,2,21
8191.0,2496228891,0,2,15
8191.0,cluster_12013799525_12013799526_2496228894,0,2,15
8191.0,cluster_12013799527_12013799528_2190601967,1,2,15
8191.0,cluster_12013799529_12013799530_473195061,3,2,15
8192.0,2496228891,0,2,15
8192.0,cluster_12013799525_12013799526_2496228894,0,2,15
8192.0,cluster_12013799527_12013799528_2190601967,1,2,15
8192.0,cluster_12013799529_12013799530_473195061,3,2,15
8193.0,cluster_12013799525_12013799526_2496228894,0,2,15
8193.0,cluster_12013799527_12013799528_2190601967,1,2,15
8193.0,cluster_12013799529_12013799530_473195061,3,2,15
8194.0,cluster_12013799525_12013799526_2496228894,0,2,15
8194.0,cluster_12013799527_12013799528_2190601967,0,2,15
8194.0,cluster_12013799529_12013799530_473195061,3,2,15
8195.0,cluster_12013799525_12013799526_2496228894,0,2,15
8195.0,cluster_12013799527_12013799528_2190601967,0,2,15
8195.0,cluster_12013799529_12013799530_473195061,3,2,15
8196.0,2496228891,6,0,21
8196.0,cluster_12013799525_12013799526_2496228894,0,2,15
8196.0,cluster_12013799527_12013799528_2190601967,0,2,15
8196.0,cluster_12013799529_12013799530_473195061,3,2,15
8197.0,2496228891,6,0,23
8197.0,cluster_12013799525_12013799526_2496228894,1,2,15
8197.0,cluster_12013799527_12013799528_2190601967,1,2,15
8197.0,cluster_12013799529_12013799530_473195061,3,2,15
8198.0,2496228891,6,0,23
8198.0,cluster_12013799525_12013799526_2496228894,1,2,15
8198.0,cluster_12013799527_12013799528_2190601967,1,2,15
8198.0,cluster_12013799529_12013799530_473195061,3,2,15
8199.0,2496228891,6,0,21
8199.0,cluster_12013799525_12013799526_2496228894,2,2,15
8199.0,cluster_12013799527_12013799528_2190601967,1,2,15
8199.0,cluster_12013799529_12013799530_473195061,3,2,15
8200.0,2496228891,5,0,23
8200.0,cluster_12013799525_12013799526_2496228894,2,2,15
8200.0,cluster_12013799527_12013799528_2190601967,1,2,15
8200.0,cluster_12013799529_12013799530_473195061,2,2,15
8201.0,2496228891,5,0,23
8201.0,cluster_12013799525_12013799526_2496228894,3,2,15
8201.0,cluster_12013799527_12013799528_2190601967,2,2,15
8201.0,cluster_12013799529_12013799530_473195061,3,2,15
8202.0,2496228891,5,0,23
8202.0,cluster_12013799525_12013799526_2496228894,4,2,23
8202.0,cluster_12013799527_12013799528_2190601967,2,2,15
8202.0,cluster_12013799529_12013799530_473195061,3,2,15
8203.0,2496228891,5,0,23
8203.0,cluster_12013799525_12013799526_2496228894,4,2,23
8203.0,cluster_12013799527_12013799528_2190601967,2,2,15
8203.0,cluster_12013799529_12013799530_473195061,3,2,15
8204.0,2496228891,5,0,23
8204.0,cluster_12013799525_12013799526_2496228894,4,2,21
8204.0,cluster_12013799527_12013799528_2190601967,2,2,15
8204.0,cluster_12013799529_12013799530_473195061,2,2,15
8205.0,2496228891,6,0,23
8205.0,cluster_12013799525_12013799526_2496228894,5,2,23
8205.0,cluster_12013799529_12013799530_473195061,3,2,15
8206.0,2496228891,5,0,23
8206.0,cluster_12013799529_12013799530_473195061,3,2,15
8207.0,2496228891,5,0,23
8207.0,cluster_12013799529_12013799530_473195061,3,2,15
8208.0,2496228891,4,0,21
8208.0,cluster_12013799527_12013799528_2190601967,3,0,15
8208.0,cluster_12013799529_12013799530_473195061,3,2,15
8209.0,2496228891,5,0,23
8209.0,cluster_12013799525_12013799526_2496228894,4,0,22
8209.0,cluster_12013799527_12013799528_2190601967,4,0,23
8209.0,cluster_12013799529_12013799530_473195061,4,2,21
8210.0,2496228891,5,0,21
8210.0,cluster_12013799525_12013799526_2496228894,3,0,15
8210.0,cluster_12013799527_12013799528_2190601967,4,0,21
8210.0,cluster_12013799529_12013799530_473195061,4,2,21
8211.0,2496228891,5,0,21
8211.0,cluster_12013799525_12013799526_2496228894,3,0,15
8211.0,cluster_12013799527_12013799528_2190601967,4,0,21
8211.0,cluster_12013799529_12013799530_473195061,4,2,21
8212.0,2496228891,5,0,21
8212.0,cluster_12013799525_12013799526_2496228894,3,0,15
8212.0,cluster_12013799527_12013799528_2190601967,3,0,15
8213.0,2496228891,6,0,23
8213.0,cluster_12013799525_12013799526_2496228894,2,0,15
8213.0,cluster_12013799527_12013799528_2190601967,4,0,23
8214.0,2496228891,5,0,21
8214.0,cluster_12013799525_12013799526_2496228894,2,0,15
8214.0,cluster_12013799527_12013799528_2190601967,4,0,21
8215.0,2496228891,4,0,21
8215.0,cluster_12013799525_12013799526_2496228894,2,0,15
8215.0,cluster_12013799527_12013799528_2190601967,4,0,21
8215.0,cluster_12013799529_12013799530_473195061,4,0,21
8216.0,2496228891,4,0,21
8216.0,cluster_12013799525_12013799526_2496228894,1,0,15
8216.0,cluster_12013799527_12013799528_2190601967,4,0,21
8216.0,cluster_12013799529_12013799530_473195061,4,0,21
8217.0,2496228891,4,0,21
8217.0,cluster_12013799525_12013799526_2496228894,1,0,15
8217.0,cluster_12013799527_12013799528_2190601967,5,0,23
8217.0,cluster_12013799529_12013799530_473195061,4,0,21
8218.0,cluster_12013799525_12013799526_2496228894,1,0,15
8218.0,cluster_12013799527_12013799528_2190601967,4,0,21
8218.0,cluster_12013799529_12013799530_473195061,3,0,15
8219.0,cluster_12013799525_12013799526_2496228894,0,0,15
8219.0,cluster_12013799527_12013799528_2190601967,4,0,21
8219.0,cluster_12013799529_12013799530_473195061,3,0,15
8220.0,cluster_12013799525_12013799526_2496228894,0,0,15
8220.0,cluster_12013799527_12013799528_2190601967,4,0,21
8220.0,cluster_12013799529_12013799530_473195061,3,0,15
8221.0,2496228891,3,2,15
8221.0,cluster_12013799525_12013799526_2496228894,0,0,15
8221.0,cluster_12013799527_12013799528_2190601967,4,0,21
8221.0,cluster_12013799529_12013799530_473195061,3,0,15
8222.0,2496228891,2,2,15
8222.0,cluster_12013799525_12013799526_2496228894,0,0,15
8222.0,cluster_12013799527_12013799528_2190601967,4,0,21
8222.0,cluster_12013799529_12013799530_473195061,3,0,15
8223.0,2496228891,2,2,15
8223.0,cluster_12013799525_12013799526_2496228894,0,0,15
8223.0,cluster_12013799527_12013799528_2190601967,4,0,21
8223.0,cluster_12013799529_12013799530_473195061,2,0,15
8224.0,2496228891,2,2,15
8224.0,cluster_12013799525_12013799526_2496228894,0,0,15
8224.0,cluster_12013799529_12013799530_473195061,2,0,15
8225.0,2496228891,2,2,15
8225.0,cluster_12013799525_12013799526_2496228894,0,0,15
8225.0,cluster_12013799529_12013799530_473195061,2,0,15
8226.0,2496228891,1,2,15
8226.0,cluster_12013799525_12013799526_2496228894,0,0,15
8226.0,cluster_12013799529_12013799530_473195061,1,0,15
8227.0,2496228891,1,2,15
8227.0,cluster_12013799525_12013799526_2496228894,0,0,15
8227.0,cluster_12013799527_12013799528_2190601967,3,2,15
8227.0,cluster_12013799529_12013799530_473195061,1,0,15
8228.0,2496228891,0,2,15
8228.0,cluster_12013799525_12013799526_2496228894,0,0,15
8228.0,cluster_12013799527_12013799528_2190601967,1,2,15
8228.0,cluster_12013799529_12013799530_473195061,1,0,15
8229.0,2496228891,0,2,15
8229.0,cluster_12013799525_12013799526_2496228894,0,0,15
8229.0,cluster_12013799527_12013799528_2190601967,2,2,15
8229.0,cluster_12013799529_12013799530_473195061,0,0,15
8230.0,2496228891,0,2,15
8230.0,cluster_12013799525_12013799526_2496228894,0,0,15
8230.0,cluster_12013799527_12013799528_2190601967,1,2,15
8230.0,cluster_12013799529_12013799530_473195061,0,0,15
8231.0,2496228891,0,2,15
8231.0,cluster_12013799525_12013799526_2496228894,0,0,15
8231.0,cluster_12013799527_12013799528_2190601967,1,2,15
8231.0,cluster_12013799529_12013799530_473195061,0,0,15
8232.0,2496228891,0,2,15
8232.0,cluster_12013799527_12013799528_2190601967,1,2,15
8232.0,cluster_12013799529_12013799530_473195061,0,0,15
8233.0,2496228891,0,2,15
8233.0,cluster_12013799527_12013799528_2190601967,1,2,15
8233.0,cluster_12013799529_12013799530_473195061,0,0,15
8234.0,2496228891,0,2,15
8234.0,cluster_12013799527_12013799528_2190601967,0,2,15
8234.0,cluster_12013799529_12013799530_473195061,0,0,15
8235.0,2496228891,0,2,15
8235.0,cluster_12013799525_12013799526_2496228894,6,2,21
8235.0,cluster_12013799527_12013799528_2190601967,0,2,15
8235.0,cluster_12013799529_12013799530_473195061,0,0,15
8236.0,2496228891,0,2,15
8236.0,cluster_12013799525_12013799526_2496228894,5,2,21
8236.0,cluster_12013799527_12013799528_2190601967,0,2,15
8236.0,cluster_12013799529_12013799530_473195061,0,0,15
8237.0,cluster_12013799525_12013799526_2496228894,5,2,21
8237.0,cluster_12013799527_12013799528_2190601967,0,2,15
8238.0,cluster_12013799525_12013799526_2496228894,5,2,21
8238.0,cluster_12013799527_12013799528_2190601967,0,2,15
8239.0,cluster_12013799525_12013799526_2496228894,4,2,21
8239.0,cluster_12013799527_12013799528_2190601967,0,2,15
8240.0,2496228891,2,0,15
8240.0,cluster_12013799525_12013799526_2496228894,3,2,15
8240.0,cluster_12013799527_12013799528_2190601967,1,2,15
8240.0,cluster_12013799529_12013799530_473195061,8,2,21
8241.0,2496228891,2,0,15
8241.0,cluster_12013799525_12013799526_2496228894,3,2,15
8241.0,cluster_12013799527_12013799528_2190601967,1,2,15
8241.0,cluster_12013799529_12013799530_473195061,7,2,21
8242.0,2496228891,2,0,15
8242.0,cluster_12013799525_12013799526_2496228894,2,2,15
8242.0,cluster_12013799527_12013799528_2190601967,1,2,15
8242.0,cluster_12013799529_12013799530_473195061,7,2,21
8243.0,2496228891,2,0,15
8243.0,cluster_12013799525_12013799526_2496228894,2,2,15
8243.0,cluster_12013799529_12013799530_473195061,7,2,21
8244.0,2496228891,1,0,15
8244.0,cluster_12013799525_12013799526_2496228894,1,2,15
8244.0,cluster_12013799529_12013799530_473195061,6,2,21
8245.0,2496228891,3,0,15
8245.0,cluster_12013799525_12013799526_2496228894,1,2,15
8245.0,cluster_12013799529_12013799530_473195061,6,2,21
8246.0,2496228891,3,0,15
8246.0,cluster_12013799525_12013799526_2496228894,2,2,15
8246.0,cluster_12013799527_12013799528_2190601967,3,0,15
8246.0,cluster_12013799529_12013799530_473195061,5,2,21
8247.0,2496228891,2,0,15
8247.0,cluster_12013799525_12013799526_2496228894,2,2,15
8247.0,cluster_12013799527_12013799528_2190601967,3,0,15
8247.0,cluster_12013799529_12013799530_473195061,4,2,21
8248.0,2496228891,2,0,15
8248.0,cluster_12013799525_12013799526_2496228894,3,2,15
8248.0,cluster_12013799527_12013799528_2190601967,3,0,15
8248.0,cluster_12013799529_12013799530_473195061,4,2,21
8249.0,2496228891,3,0,15
8249.0,cluster_12013799525_12013799526_2496228894,3,2,15
8249.0,cluster_12013799527_12013799528_2190601967,3,0,15
8249.0,cluster_12013799529_12013799530_473195061,3,2,15
8250.0,2496228891,3,0,15
8250.0,cluster_12013799525_12013799526_2496228894,3,2,15
8250.0,cluster_12013799527_12013799528_2190601967,3,0,15
8250.0,cluster_12013799529_12013799530_473195061,3,2,15
8251.0,2496228891,3,0,15
8251.0,cluster_12013799525_12013799526_2496228894,3,2,15
8251.0,cluster_12013799527_12013799528_2190601967,2,0,15
8251.0,cluster_12013799529_12013799530_473195061,3,2,15
8252.0,2496228891,3,0,15
8252.0,cluster_12013799525_12013799526_2496228894,3,2,15
8252.0,cluster_12013799527_12013799528_2190601967,2,0,15
8252.0,cluster_12013799529_12013799530_473195061,3,2,15
8253.0,2496228891,3,0,15
8253.0,cluster_12013799525_12013799526_2496228894,3,2,15
8253.0,cluster_12013799527_12013799528_2190601967,1,0,15
8253.0,cluster_12013799529_12013799530_473195061,2,2,15
8254.0,2496228891,1,0,15
8254.0,cluster_12013799525_12013799526_2496228894,3,2,15
8254.0,cluster_12013799527_12013799528_2190601967,1,0,15
8254.0,cluster_12013799529_12013799530_473195061,3,2,15
8255.0,2496228891,1,0,15
8255.0,cluster_12013799525_12013799526_2496228894,2,2,15
8255.0,cluster_12013799527_12013799528_2190601967,1,0,15
8255.0,cluster_12013799529_12013799530_473195061,3,2,15
8256.0,cluster_12013799525_12013799526_2496228894,2,2,15
8256.0,cluster_12013799527_12013799528_2190601967,0,0,15
8256.0,cluster_12013799529_12013799530_473195061,3,2,15
8257.0,cluster_12013799527_12013799528_2190601967,0,0,15
8257.0,cluster_12013799529_12013799530_473195061,3,2,15
8258.0,cluster_12013799527_12013799528_2190601967,0,0,15
8258.0,cluster_12013799529_12013799530_473195061,4,2,23
8259.0,2496228891,0,2,15
8259.0,cluster_12013799527_12013799528_2190601967,0,0,15
8259.0,cluster_12013799529_12013799530_473195061,4,2,21
8260.0,2496228891,0,2,15
8260.0,cluster_12013799525_12013799526_2496228894,0,0,15
8260.0,cluster_12013799527_12013799528_2190601967,0,0,15
8260.0,cluster_12013799529_12013799530_473195061,4,2,21
8261.0,2496228891,0,2,15
8261.0,cluster_12013799525_12013799526_2496228894,0,0,15
8261.0,cluster_12013799527_12013799528_2190601967,0,0,15
8261.0,cluster_12013799529_12013799530_473195061,4,2,21
8262.0,2496228891,0,2,15
8262.0,cluster_12013799525_12013799526_2496228894,0,0,15
8263.0,2496228891,0,2,15
8263.0,cluster_12013799525_12013799526_2496228894,0,0,15
8264.0,2496228891,0,2,15
8264.0,cluster_12013799525_12013799526_2496228894,0,0,15
8265.0,2496228891,0,2,15
8265.0,cluster_12013799525_12013799526_2496228894,0,0,15
8265.0,cluster_12013799527_12013799528_2190601967,3,2,15
8265.0,cluster_12013799529_12013799530_473195061,0,0,15
8266.0,2496228891,0,2,15
8266.0,cluster_12013799525_12013799526_2496228894,0,0,15
8266.0,cluster_12013799527_12013799528_2190601967,1,2,15
8266.0,cluster_12013799529_12013799530_473195061,0,0,15
8267.0,2496228891,0,2,15
8267.0,cluster_12013799525_12013799526_2496228894,0,0,15
8267.0,cluster_12013799527_12013799528_2190601967,1,2,15
8267.0,cluster_12013799529_12013799530_473195061,0,0,15
8268.0,2496228891,0,2,15
8268.0,cluster_12013799525_12013799526_2496228894,0,0,15
8268.0,cluster_12013799527_12013799528_2190601967,1,2,15
8268.0,cluster_12013799529_12013799530_473195061,0,0,15
8269.0,2496228891,0,2,15
8269.0,cluster_12013799525_12013799526_2496228894,0,0,15
8269.0,cluster_12013799527_12013799528_2190601967,1,2,15
8269.0,cluster_12013799529_12013799530_473195061,0,0,15
8270.0,2496228891,0,2,15
8270.0,cluster_12013799525_12013799526_2496228894,0,0,15
8270.0,cluster_12013799527_12013799528_2190601967,0,2,15
8270.0,cluster_12013799529_12013799530_473195061,0,0,15
8271.0,2496228891,0,2,15
8271.0,cluster_12013799525_12013799526_2496228894,0,0,15
8271.0,cluster_12013799527_12013799528_2190601967,0,2,15
8271.0,cluster_12013799529_12013799530_473195061,0,0,15
8272.0,2496228891,0,2,15
8272.0,cluster_12013799525_12013799526_2496228894,0,0,15
8272.0,cluster_12013799527_12013799528_2190601967,0,2,15
8272.0,cluster_12013799529_12013799530_473195061,0,0,15
8273.0,2496228891,0,2,15
8273.0,cluster_12013799525_12013799526_2496228894,0,0,15
8273.0,cluster_12013799527_12013799528_2190601967,0,2,15
8273.0,cluster_12013799529_12013799530_473195061,0,0,15
8274.0,2496228891,1,2,15
8274.0,cluster_12013799525_12013799526_2496228894,1,0,15
8274.0,cluster_12013799527_12013799528_2190601967,1,2,15
8274.0,cluster_12013799529_12013799530_473195061,1,0,15
8275.0,cluster_12013799525_12013799526_2496228894,1,0,15
8275.0,cluster_12013799527_12013799528_2190601967,1,2,15
8275.0,cluster_12013799529_12013799530_473195061,1,0,15
8276.0,cluster_12013799527_12013799528_2190601967,1,2,15
8276.0,cluster_12013799529_12013799530_473195061,1,0,15
8277.0,cluster_12013799527_12013799528_2190601967,1,2,15
8277.0,cluster_12013799529_12013799530_473195061,1,0,15
8278.0,2496228891,4,0,22
8278.0,cluster_12013799527_12013799528_2190601967,2,2,15
8278.0,cluster_12013799529_12013799530_473195061,2,0,15
8279.0,2496228891,3,0,15
8279.0,cluster_12013799525_12013799526_2496228894,3,2,15
8279.0,cluster_12013799527_12013799528_2190601967,2,2,15
8279.0,cluster_12013799529_12013799530_473195061,2,0,15
8280.0,2496228891,3,0,15
8280.0,cluster_12013799525_12013799526_2496228894,2,2,15
8280.0,cluster_12013799527_12013799528_2190601967,2,2,15
8280.0,cluster_12013799529_12013799530_473195061,2,0,15
8281.0,2496228891,3,0,15
8281.0,cluster_12013799525_12013799526_2496228894,2,2,15
8282.0,2496228891,4,0,23
8282.0,cluster_12013799525_12013799526_2496228894,3,2,15
8283.0,2496228891,3,0,15
8283.0,cluster_12013799525_12013799526_2496228894,4,2,23
8284.0,2496228891,3,0,15
8284.0,cluster_12013799525_12013799526_2496228894,5,2,23
8284.0,cluster_12013799527_12013799528_2190601967,3,0,15
8284.0,cluster_12013799529_12013799530_473195061,6,2,21
8285.0,2496228891,3,0,15
8285.0,cluster_12013799525_12013799526_2496228894,5,2,23
8285.0,cluster_12013799527_12013799528_2190601967,3,0,15
8285.0,cluster_12013799529_12013799530_473195061,4,2,21
8286.0,2496228891,4,0,23
8286.0,cluster_12013799525_12013799526_2496228894,4,2,21
8286.0,cluster_12013799527_12013799528_2190601967,4,0,23
8286.0,cluster_12013799529_12013799530_473195061,5,2,21
8287.0,2496228891,4,0,21
8287.0,cluster_12013799525_12013799526_2496228894,5,2,23
8287.0,cluster_12013799527_12013799528_2190601967,4,0,21
8287.0,cluster_12013799529_12013799530_473195061,5,2,21
8288.0,2496228891,4,0,21
8288.0,cluster_12013799525_12013799526_2496228894,5,2,21
8288.0,cluster_12013799527_12013799528_2190601967,4,0,21
8288.0,cluster_12013799529_12013799530_473195061,4,2,21
8289.0,2496228891,4,0,21
8289.0,cluster_12013799525_12013799526_2496228894,5,2,21
8289.0,cluster_12013799527_12013799528_2190601967,4,0,21
8289.0,cluster_12013799529_12013799530_473195061,4,2,21
8290.0,2496228891,5,0,23
8290.0,cluster_12013799525_12013799526_2496228894,4,2,21
8290.0,cluster_12013799527_12013799528_2190601967,5,0,23
8290.0,cluster_12013799529_12013799530_473195061,5,2,21
8291.0,2496228891,5,0,21
8291.0,cluster_12013799525_12013799526_2496228894,5,2,23
8291.0,cluster_12013799527_12013799528_2190601967,5,0,21
8291.0,cluster_12013799529_12013799530_473195061,5,2,21
8292.0,2496228891,5,0,21
8292.0,cluster_12013799525_12013799526_2496228894,5,2,21
8292.0,cluster_12013799527_12013799528_2190601967,4,0,21
8292.0,cluster_12013799529_12013799530_473195061,4,2,21
8293.0,2496228891,5,0,21
8293.0,cluster_12013799525_12013799526_2496228894,5,2,21
8293.0,cluster_12013799527_12013799528_2190601967,4,0,21
8293.0,cluster_12013799529_12013799530_473195061,4,2,21
8294.0,2496228891,5,0,21
8294.0,cluster_12013799525_12013799526_2496228894,4,2,21
8294.0,cluster_12013799527_12013799528_2190601967,4,0,21
8294.0,cluster_12013799529_12013799530_473195061,4,2,21
8295.0,2496228891,5,0,21
8295.0,cluster_12013799527_12013799528_2190601967,4,0,21
8295.0,cluster_12013799529_12013799530_473195061,4,2,21
8296.0,2496228891,6,0,23
8296.0,cluster_12013799527_12013799528_2190601967,4,0,21
8296.0,cluster_12013799529_12013799530_473195061,5,2,23
8297.0,2496228891,6,0,21
8297.0,cluster_12013799527_12013799528_2190601967,4,0,21
8297.0,cluster_12013799529_12013799530_473195061,5,2,21
8298.0,2496228891,6,0,21
8298.0,cluster_12013799525_12013799526_2496228894,4,0,21
8298.0,cluster_12013799527_12013799528_2190601967,5,0,23
8298.0,cluster_12013799529_12013799530_473195061,6,2,21
8299.0,2496228891,6,0,21
8299.0,cluster_12013799525_12013799526_2496228894,3,0,15
8299.0,cluster_12013799527_12013799528_2190601967,4,0,21
8299.0,cluster_12013799529_12013799530_473195061,5,2,21
8300.0,2496228891,6,0,21
8300.0,cluster_12013799525_12013799526_2496228894,3,0,15
8300.0,cluster_12013799529_12013799530_473195061,5,2,21
8301.0,cluster_12013799525_12013799526_2496228894,3,0,15
8301.0,cluster_12013799529_12013799530_473195061,6,2,23
8302.0,cluster_12013799525_12013799526_2496228894,2,0,15
8302.0,cluster_12013799529_12013799530_473195061,6,2,21
8303.0,cluster_12013799525_12013799526_2496228894,2,0,15
8303.0,cluster_12013799527_12013799528_2190601967,2,2,15
8303.0,cluster_12013799529_12013799530_473195061,6,2,21
8304.0,2496228891,3,2,15
8304.0,cluster_12013799525_12013799526_2496228894,2,0,15
8304.0,cluster_12013799527_12013799528_2190601967,3,2,15
8304.0,cluster_12013799529_12013799530_473195061,6,2,21
8305.0,2496228891,2,2,15
8305.0,cluster_12013799525_12013799526_2496228894,1,0,15
8305.0,cluster_12013799527_12013799528_2190601967,2,2,15
8305.0,cluster_12013799529_12013799530_473195061,5,2,21
8306.0,2496228891,2,2,15
8306.0,cluster_12013799525_12013799526_2496228894,1,0,15
8306.0,cluster_12013799527_12013799528_2190601967,3,2,15
8307.0,2496228891,2,2,15
8307.0,cluster_12013799525_12013799526_2496228894,1,0,15
8307.0,cluster_12013799527_12013799528_2190601967,3,2,15
8308.0,2496228891,2,2,15
8308.0,cluster_12013799525_12013799526_2496228894,0,0,15
8308.0,cluster_12013799527_12013799528_2190601967,2,2,15
8309.0,2496228891,1,2,15
8309.0,cluster_12013799525_12013799526_2496228894,0,0,15
8309.0,cluster_12013799527_12013799528_2190601967,3,2,15
8309.0,cluster_12013799529_12013799530_473195061,4,0,21
8310.0,2496228891,1,2,15
8310.0,cluster_12013799525_12013799526_2496228894,0,0,15
8310.0,cluster_12013799527_12013799528_2190601967,3,2,15
8310.0,cluster_12013799529_12013799530_473195061,4,0,21
8311.0,2496228891,0,2,15
8311.0,cluster_12013799525_12013799526_2496228894,0,0,15
8311.0,cluster_12013799527_12013799528_2190601967,4,2,23
8311.0,cluster_12013799529_12013799530_473195061,4,0,21
8312.0,2496228891,0,2,15
8312.0,cluster_12013799525_12013799526_2496228894,0,0,15
8312.0,cluster_12013799527_12013799528_2190601967,4,2,21
8312.0,cluster_12013799529_12013799530_473195061,4,0,21
8313.0,2496228891,0,2,15
8313.0,cluster_12013799525_12013799526_2496228894,0,0,15
8313.0,cluster_12013799527_12013799528_2190601967,4,2,23
8313.0,cluster_12013799529_12013799530_473195061,4,0,21
8314.0,2496228891,0,2,15
8314.0,cluster_12013799525_12013799526_2496228894,0,0,15
8314.0,cluster_12013799527_12013799528_2190601967,4,2,23
8314.0,cluster_12013799529_12013799530_473195061,3,0,15
8315.0,2496228891,0,2,15
8315.0,cluster_12013799525_12013799526_2496228894,0,0,15
8315.0,cluster_12013799527_12013799528_2190601967,3,2,15
8315.0,cluster_12013799529_12013799530_473195061,3,0,15
8316.0,2496228891,0,2,15
8316.0,cluster_12013799525_12013799526_2496228894,0,0,15
8316.0,cluster_12013799527_12013799528_2190601967,2,2,15
8316.0,cluster_12013799529_12013799530_473195061,2,0,15
8317.0,2496228891,0,2,15
8317.0,cluster_12013799525_12013799526_2496228894,0,0,15
8317.0,cluster_12013799527_12013799528_2190601967,3,2,15
8317.0,cluster_12013799529_12013799530_473195061,2,0,15
8318.0,2496228891,0,2,15
8318.0,cluster_12013799525_12013799526_2496228894,0,0,15
8318.0,cluster_12013799527_12013799528_2190601967,3,2,15
8318.0,cluster_12013799529_12013799530_473195061,2,0,15
8319.0,2496228891,0,2,15
8319.0,cluster_12013799525_12013799526_2496228894,0,0,15
8319.0,cluster_12013799529_12013799530_473195061,1,0,15
8320.0,cluster_12013799529_12013799530_473195061,1,0,15
8321.0,cluster_12013799529_12013799530_473195061,0,0,15
8322.0,cluster_12013799527_12013799528_2190601967,4,0,21
8322.0,cluster_12013799529_12013799530_473195061,0,0,15
8323.0,2496228891,3,0,15
8323.0,cluster_12013799525_12013799526_2496228894,1,2,15
8323.0,cluster_12013799527_12013799528_2190601967,3,0,15
8323.0,cluster_12013799529_12013799530_473195061,0,0,15
8324.0,2496228891,1,0,15
8324.0,cluster_12013799525_12013799526_2496228894,1,2,15
8324.0,cluster_12013799527_12013799528_2190601967,3,0,15
8324.0,cluster_12013799529_12013799530_473195061,0,0,15
8325.0,2496228891,2,0,15
8325.0,cluster_12013799525_12013799526_2496228894,0,2,15
8325.0,cluster_12013799527_12013799528_2190601967,3,0,15
8325.0,cluster_12013799529_12013799530_473195061,0,0,15
8326.0,2496228891,2,0,15
8326.0,cluster_12013799525_12013799526_2496228894,0,2,15
8326.0,cluster_12013799527_12013799528_2190601967,3,0,15
8326.0,cluster_12013799529_12013799530_473195061,0,0,15
8327.0,2496228891,3,0,15
8327.0,cluster_12013799525_12013799526_2496228894,1,2,15
8327.0,cluster_12013799527_12013799528_2190601967,2,0,15
8327.0,cluster_12013799529_12013799530_473195061,0,0,15
8328.0,2496228891,4,0,23
8328.0,cluster_12013799525_12013799526_2496228894,1,2,15
8328.0,cluster_12013799527_12013799528_2190601967,2,0,15
8328.0,cluster_12013799529_12013799530_473195061,0,0,15
8329.0,2496228891,3,0,15
8329.0,cluster_12013799525_12013799526_2496228894,1,2,15
8329.0,cluster_12013799527_12013799528_2190601967,1,0,15
8329.0,cluster_12013799529_12013799530_473195061,0,0,15
8330.0,2496228891,2,0,15
8330.0,cluster_12013799525_12013799526_2496228894,1,2,15
8330.0,cluster_12013799527_12013799528_2190601967,1,0,15
8330.0,cluster_12013799529_12013799530_473195061,0,0,15
8331.0,2496228891,2,0,15
8331.0,cluster_12013799525_12013799526_2496228894,1,2,15
8331.0,cluster_12013799527_12013799528_2190601967,1,0,15
8332.0,2496228891,2,0,15
8332.0,cluster_12013799525_12013799526_2496228894,2,2,15
8332.0,cluster_12013799527_12013799528_2190601967,0,0,15
8333.0,2496228891,1,0,15
8333.0,cluster_12013799525_12013799526_2496228894,2,2,15
8333.0,cluster_12013799527_12013799528_2190601967,0,0,15
8334.0,2496228891,1,0,15
8334.0,cluster_12013799525_12013799526_2496228894,3,2,15
8334.0,cluster_12013799527_12013799528_2190601967,0,0,15
8334.0,cluster_12013799529_12013799530_473195061,6,2,21
8335.0,2496228891,0,0,15
8335.0,cluster_12013799525_12013799526_2496228894,3,2,15
8335.0,cluster_12013799527_12013799528_2190601967,0,0,15
8335.0,cluster_12013799529_12013799530_473195061,5,2,21
8336.0,2496228891,0,0,15
8336.0,cluster_12013799525_12013799526_2496228894,3,2,15
8336.0,cluster_12013799527_12013799528_2190601967,0,0,15
8336.0,cluster_12013799529_12013799530_473195061,5,2,21
8337.0,2496228891,0,0,15
8337.0,cluster_12013799525_12013799526_2496228894,4,2,23
8337.0,cluster_12013799527_12013799528_2190601967,0,0,15
8337.0,cluster_12013799529_12013799530_473195061,5,2,21
8338.0,2496228891,0,0,15
8338.0,cluster_12013799525_12013799526_2496228894,4,2,21
8338.0,cluster_12013799527_12013799528_2190601967,0,0,15
8338.0,cluster_12013799529_12013799530_473195061,5,2,21
8339.0,cluster_12013799527_12013799528_2190601967,0,0,15
8339.0,cluster_12013799529_12013799530_473195061,4,2,21
8340.0,cluster_12013799527_12013799528_2190601967,0,0,15
8340.0,cluster_12013799529_12013799530_473195061,4,2,21
8341.0,cluster_12013799527_12013799528_2190601967,0,0,15
8341.0,cluster_12013799529_12013799530_473195061,3,2,15
8342.0,2496228891,0,2,15
8342.0,cluster_12013799525_12013799526_2496228894,0,0,15
8342.0,cluster_12013799527_12013799528_2190601967,0,0,15
8342.0,cluster_12013799529_12013799530_473195061,2,2,15
8343.0,2496228891,0,2,15
8343.0,cluster_12013799525_12013799526_2496228894,0,0,15
8343.0,cluster_12013799527_12013799528_2190601967,0,0,15
8343.0,cluster_12013799529_12013799530_473195061,2,2,15
8344.0,2496228891,0,2,15
8344.0,cluster_12013799525_12013799526_2496228894,0,0,15
8344.0,cluster_12013799529_12013799530_473195061,1,2,15
8345.0,2496228891,0,2,15
8345.0,cluster_12013799525_12013799526_2496228894,0,0,15
8345.0,cluster_12013799529_12013799530_473195061,1,2,15
8346.0,2496228891,0,2,15
8346.0,cluster_12013799525_12013799526_2496228894,0,0,15
8346.0,cluster_12013799529_12013799530_473195061,0,2,15
8347.0,2496228891,0,2,15
8347.0,cluster_12013799525_12013799526_2496228894,0,0,15
8347.0,cluster_12013799527_12013799528_2190601967,2,2,15
8347.0,cluster_12013799529_12013799530_473195061,0,2,15
8348.0,2496228891,0,2,15
8348.0,cluster_12013799525_12013799526_2496228894,0,0,15
8348.0,cluster_12013799527_12013799528_2190601967,1,2,15
8348.0,cluster_12013799529_12013799530_473195061,0,2,15
8349.0,2496228891,0,2,15
8349.0,cluster_12013799525_12013799526_2496228894,0,0,15
8349.0,cluster_12013799527_12013799528_2190601967,1,2,15
8349.0,cluster_12013799529_12013799530_473195061,0,2,15
8350.0,2496228891,1,2,15
8350.0,cluster_12013799525_12013799526_2496228894,1,0,15
8350.0,cluster_12013799527_12013799528_2190601967,2,2,15
8350.0,cluster_12013799529_12013799530_473195061,1,2,15
8351.0,2496228891,1,2,15
8351.0,cluster_12013799525_12013799526_2496228894,1,0,15
8351.0,cluster_12013799527_12013799528_2190601967,1,2,15
8351.0,cluster_12013799529_12013799530_473195061,2,2,15
8352.0,2496228891,1,2,15
8352.0,cluster_12013799525_12013799526_2496228894,1,0,15
8352.0,cluster_12013799527_12013799528_2190601967,1,2,15
8352.0,cluster_12013799529_12013799530_473195061,2,2,15
8353.0,2496228891,1,2,15
8353.0,cluster_12013799525_12013799526_2496228894,1,0,15
8353.0,cluster_12013799527_12013799528_2190601967,1,2,15
8353.0,cluster_12013799529_12013799530_473195061,2,2,15
8354.0,2496228891,2,2,15
8354.0,cluster_12013799525_12013799526_2496228894,2,0,15
8354.0,cluster_12013799527_12013799528_2190601967,2,2,15
8354.0,cluster_12013799529_12013799530_473195061,4,2,23
8355.0,2496228891,2,2,15
8355.0,cluster_12013799525_12013799526_2496228894,2,0,15
8355.0,cluster_12013799527_12013799528_2190601967,2,2,15
8355.0,cluster_12013799529_12013799530_473195061,4,2,21
8356.0,2496228891,2,2,15
8356.0,cluster_12013799525_12013799526_2496228894,2,0,15
8356.0,cluster_12013799527_12013799528_2190601967,2,2,15
8357.0,2496228891,2,2,15
8357.0,cluster_12013799525_12013799526_2496228894,2,0,15
8357.0,cluster_12013799527_12013799528_2190601967,2,2,15
8358.0,cluster_12013799527_12013799528_2190601967,3,2,15
8359.0,cluster_12013799527_12013799528_2190601967,3,2,15
8359.0,cluster_12013799529_12013799530_473195061,3,0,15
8360.0,cluster_12013799527_12013799528_2190601967,3,2,15
8360.0,cluster_12013799529_12013799530_473195061,3,0,15
8361.0,2496228891,7,0,21
8361.0,cluster_12013799525_12013799526_2496228894,5,2,21
8361.0,cluster_12013799527_12013799528_2190601967,3,2,15
8361.0,cluster_12013799529_12013799530_473195061,3,0,15
8362.0,2496228891,6,0,23
8362.0,cluster_12013799525_12013799526_2496228894,3,2,15
8362.0,cluster_12013799527_12013799528_2190601967,4,2,23
8362.0,cluster_12013799529_12013799530_473195061,4,0,21
8363.0,2496228891,6,0,23
8363.0,cluster_12013799525_12013799526_2496228894,4,2,23
8363.0,cluster_12013799529_12013799530_473195061,4,0,21
8364.0,2496228891,6,0,21
8364.0,cluster_12013799525_12013799526_2496228894,4,2,21
8364.0,cluster_12013799529_12013799530_473195061,4,0,21
8365.0,2496228891,5,0,21
8365.0,cluster_12013799525_12013799526_2496228894,5,2,23
8365.0,cluster_12013799529_12013799530_473195061,4,0,21
8366.0,2496228891,5,0,23
8366.0,cluster_12013799525_12013799526_2496228894,3,2,15
8366.0,cluster_12013799527_12013799528_2190601967,5,0,21
8366.0,cluster_12013799529_12013799530_473195061,5,0,21
8367.0,2496228891,5,0,21
8367.0,cluster_12013799525_12013799526_2496228894,4,2,23
8367.0,cluster_12013799527_12013799528_2190601967,4,0,21
8367.0,cluster_12013799529_12013799530_473195061,5,0,21
8368.0,2496228891,4,0,21
8368.0,cluster_12013799525_12013799526_2496228894,5,2,23
8368.0,cluster_12013799527_12013799528_2190601967,4,0,21
8368.0,cluster_12013799529_12013799530_473195061,4,0,21
8369.0,2496228891,4,0,21
8369.0,cluster_12013799525_12013799526_2496228894,5,2,21
8369.0,cluster_12013799527_12013799528_2190601967,4,0,21
8369.0,cluster_12013799529_12013799530_473195061,4,0,21
8370.0,2496228891,4,0,21
8370.0,cluster_12013799525_12013799526_2496228894,5,2,21
8370.0,cluster_12013799527_12013799528_2190601967,5,0,23
8370.0,cluster_12013799529_12013799530_473195061,4,0,21
8371.0,2496228891,6,0,23
8371.0,cluster_12013799525_12013799526_2496228894,5,2,21
8371.0,cluster_12013799527_12013799528_2190601967,5,0,21
8371.0,cluster_12013799529_12013799530_473195061,4,0,21
8372.0,2496228891,6,0,21
8372.0,cluster_12013799525_12013799526_2496228894,5,2,21
8372.0,cluster_12013799527_12013799528_2190601967,5,0,21
8372.0,cluster_12013799529_12013799530_473195061,4,0,21
8373.0,2496228891,5,0,21
8373.0,cluster_12013799525_12013799526_2496228894,5,2,21
8373.0,cluster_12013799527_12013799528_2190601967,4,0,21
8373.0,cluster_12013799529_12013799530_473195061,3,0,15
8374.0,2496228891,5,0,21
8374.0,cluster_12013799525_12013799526_2496228894,5,2,21
8374.0,cluster_12013799527_12013799528_2190601967,5,0,23
8374.0,cluster_12013799529_12013799530_473195061,3,0,15
8375.0,2496228891,3,0,15
8375.0,cluster_12013799525_12013799526_2496228894,5,2,21
8375.0,cluster_12013799527_12013799528_2190601967,4,0,21
8376.0,2496228891,5,0,23
8376.0,cluster_12013799525_12013799526_2496228894,5,2,21
8376.0,cluster_12013799527_12013799528_2190601967,4,0,21
8377.0,2496228891,6,0,23
8377.0,cluster_12013799525_12013799526_2496228894,4,2,21
8377.0,cluster_12013799527_12013799528_2190601967,4,0,21
8378.0,2496228891,6,0,21
8378.0,cluster_12013799525_12013799526_2496228894,4,2,21
8378.0,cluster_12013799527_12013799528_2190601967,4,0,21
8378.0,cluster_12013799529_12013799530_473195061,6,2,21
8379.0,2496228891,6,0,21
8379.0,cluster_12013799525_12013799526_2496228894,3,2,15
8379.0,cluster_12013799527_12013799528_2190601967,3,0,15
8379.0,cluster_12013799529_12013799530_473195061,5,2,21
8380.0,2496228891,6,0,21
8380.0,cluster_12013799525_12013799526_2496228894,3,2,15
8380.0,cluster_12013799527_12013799528_2190601967,3,0,15
8380.0,cluster_12013799529_12013799530_473195061,5,2,21
8381.0,2496228891,6,0,21
8381.0,cluster_12013799525_12013799526_2496228894,3,2,15
8381.0,cluster_12013799527_12013799528_2190601967,3,0,15
8381.0,cluster_12013799529_12013799530_473195061,6,2,23
8382.0,2496228891,3,0,15
8382.0,cluster_12013799525_12013799526_2496228894,3,2,15
8382.0,cluster_12013799527_12013799528_2190601967,2,0,15
8382.0,cluster_12013799529_12013799530_473195061,5,2,21
8383.0,cluster_12013799527_12013799528_2190601967,2,0,15
8383.0,cluster_12013799529_12013799530_473195061,5,2,21
8384.0,cluster_12013799527_12013799528_2190601967,2,0,15
8384.0,cluster_12013799529_12013799530_473195061,6,2,23
8385.0,cluster_12013799527_12013799528_2190601967,2,0,15
8385.0,cluster_12013799529_12013799530_473195061,6,2,21
8386.0,2496228891,3,2,15
8386.0,cluster_12013799525_12013799526_2496228894,3,0,15
8386.0,cluster_12013799527_12013799528_2190601967,2,0,15
8386.0,cluster_12013799529_12013799530_473195061,6,2,21
8387.0,2496228891,2,2,15
8387.0,cluster_12013799525_12013799526_2496228894,3,0,15
8387.0,cluster_12013799527_12013799528_2190601967,2,0,15
8387.0,cluster_12013799529_12013799530_473195061,5,2,21
8388.0,2496228891,2,2,15
8388.0,cluster_12013799525_12013799526_2496228894,3,0,15
8388.0,cluster_12013799529_12013799530_473195061,3,2,15
8389.0,2496228891,2,2,15
8389.0,cluster_12013799525_12013799526_2496228894,3,0,15
8389.0,cluster_12013799529_12013799530_473195061,3,2,15
8390.0,2496228891,2,2,15
8390.0,cluster_12013799525_12013799526_2496228894,2,0,15
8390.0,cluster_12013799529_12013799530_473195061,4,2,23
8391.0,2496228891,1,2,15
8391.0,cluster_12013799525_12013799526_2496228894,2,0,15
8391.0,cluster_12013799527_12013799528_2190601967,3,2,15
8391.0,cluster_12013799529_12013799530_473195061,3,2,15
8392.0,2496228891,1,2,15
8392.0,cluster_12013799525_12013799526_2496228894,2,0,15
8392.0,cluster_12013799527_12013799528_2190601967,3,2,15
8392.0,cluster_12013799529_12013799530_473195061,3,2,15
8393.0,2496228891,1,2,15
8393.0,cluster_12013799525_12013799526_2496228894,1,0,15
8393.0,cluster_12013799527_12013799528_2190601967,2,2,15
8393.0,cluster_12013799529_12013799530_473195061,2,2,15
8394.0,2496228891,0,2,15
8394.0,cluster_12013799525_12013799526_2496228894,1,0,15
8394.0,cluster_12013799527_12013799528_2190601967,3,2,15
8394.0,cluster_12013799529_12013799530_473195061,2,2,15
8395.0,2496228891,0,2,15
8395.0,cluster_12013799525_12013799526_2496228894,1,0,15
8395.0,cluster_12013799527_12013799528_2190601967,3,2,15
8395.0,cluster_12013799529_12013799530_473195061,2,2,15
8396.0,2496228891,0,2,15
8396.0,cluster_12013799525_12013799526_2496228894,1,0,15
8396.0,cluster_12013799527_12013799528_2190601967,4,2,23
8396.0,cluster_12013799529_12013799530_473195061,2,2,15
8397.0,2496228891,0,2,15
8397.0,cluster_12013799525_12013799526_2496228894,0,0,15
8397.0,cluster_12013799527_12013799528_2190601967,3,2,15
8397.0,cluster_12013799529_12013799530_473195061,2,2,15
8398.0,2496228891,0,2,15
8398.0,cluster_12013799525_12013799526_2496228894,0,0,15
8398.0,cluster_12013799527_12013799528_2190601967,3,2,15
8398.0,cluster_12013799529_12013799530_473195061,2,2,15
8399.0,2496228891,0,2,15
8399.0,cluster_12013799525_12013799526_2496228894,0,0,15
8399.0,cluster_12013799527_12013799528_2190601967,4,2,23
8399.0,cluster_12013799529_12013799530_473195061,2,2,15
8400.0,2496228891,0,2,15
8400.0,cluster_12013799525_12013799526_2496228894,0,0,15
8400.0,cluster_12013799527_12013799528_2190601967,4,2,23
8401.0,2496228891,0,2,15
8401.0,cluster_12013799525_12013799526_2496228894,0,0,15
8401.0,cluster_12013799527_12013799528_2190601967,4,2,23
8402.0,cluster_12013799527_12013799528_2190601967,4,2,21
8403.0,cluster_12013799527_12013799528_2190601967,4,2,21
8403.0,cluster_12013799529_12013799530_473195061,2,0,15
8404.0,cluster_12013799527_12013799528_2190601967,3,2,15
8404.0,cluster_12013799529_12013799530_473195061,2,0,15
8405.0,2496228891,7,0,21
8405.0,cluster_12013799525_12013799526_2496228894,1,2,15
8405.0,cluster_12013799527_12013799528_2190601967,1,2,15
8405.0,cluster_12013799529_12013799530_473195061,2,0,15
8406.0,2496228891,5,0,21
8406.0,cluster_12013799525_12013799526_2496228894,1,2,15
8406.0,cluster_12013799527_12013799528_2190601967,1,2,15
8406.0,cluster_12013799529_12013799530_473195061,2,0,15
8407.0,2496228891,4,0,23
8407.0,cluster_12013799525_12013799526_2496228894,0,2,15
8407.0,cluster_12013799529_12013799530_473195061,1,0,15
8408.0,2496228891,4,0,21
8408.0,cluster_12013799525_12013799526_2496228894,1,2,15
8408.0,cluster_12013799529_12013799530_473195061,1,0,15
8409.0,2496228891,3,0,15
8409.0,cluster_12013799525_12013799526_2496228894,1,2,15
8409.0,cluster_12013799529_12013799530_473195061,1,0,15
8410.0,2496228891,1,0,15
8410.0,cluster_12013799525_12013799526_2496228894,1,2,15
8410.0,cluster_12013799527_12013799528_2190601967,1,0,15
8410.0,cluster_12013799529_12013799530_473195061,0,0,15
8411.0,2496228891,1,0,15
8411.0,cluster_12013799525_12013799526_2496228894,2,2,15
8411.0,cluster_12013799527_12013799528_2190601967,0,0,15
8411.0,cluster_12013799529_12013799530_473195061,0,0,15
8412.0,2496228891,0,0,15
8412.0,cluster_12013799525_12013799526_2496228894,2,2,15
8412.0,cluster_12013799527_12013799528_2190601967,0,0,15
8412.0,cluster_12013799529_12013799530_473195061,0,0,15
8413.0,2496228891,0,0,15
8413.0,cluster_12013799525_12013799526_2496228894,2,2,15
8413.0,cluster_12013799527_12013799528_2190601967,0,0,15
8413.0,cluster_12013799529_12013799530_473195061,0,0,15
8414.0,2496228891,1,0,15
8414.0,cluster_12013799525_12013799526_2496228894,3,2,15
8414.0,cluster_12013799527_12013799528_2190601967,0,0,15
8414.0,cluster_12013799529_12013799530_473195061,0,0,15
8415.0,2496228891,1,0,15
8415.0,cluster_12013799525_12013799526_2496228894,3,2,15
8415.0,cluster_12013799527_12013799528_2190601967,0,0,15
8415.0,cluster_12013799529_12013799530_473195061,0,0,15
8416.0,2496228891,2,0,15
8416.0,cluster_12013799525_12013799526_2496228894,3,2,15
8416.0,cluster_12013799527_12013799528_2190601967,0,0,15
8416.0,cluster_12013799529_12013799530_473195061,0,0,15
8417.0,2496228891,2,0,15
8417.0,cluster_12013799525_12013799526_2496228894,3,2,15
8417.0,cluster_12013799527_12013799528_2190601967,0,0,15
8417.0,cluster_12013799529_12013799530_473195061,0,0,15
8418.0,2496228891,2,0,15
8418.0,cluster_12013799525_12013799526_2496228894,3,2,15
8418.0,cluster_12013799527_12013799528_2190601967,0,0,15
8418.0,cluster_12013799529_12013799530_473195061,0,0,15
8419.0,2496228891,2,0,15
8419.0,cluster_12013799525_12013799526_2496228894,2,2,15
8419.0,cluster_12013799527_12013799528_2190601967,0,0,15
8420.0,2496228891,2,0,15
8420.0,cluster_12013799525_12013799526_2496228894,3,2,15
8420.0,cluster_12013799527_12013799528_2190601967,0,0,15
8421.0,2496228891,2,0,15
8421.0,cluster_12013799527_12013799528_2190601967,0,0,15
8422.0,2496228891,2,0,15
8422.0,cluster_12013799527_12013799528_2190601967,0,0,15
8422.0,cluster_12013799529_12013799530_473195061,2,2,15
8423.0,2496228891,2,0,15
8423.0,cluster_12013799527_12013799528_2190601967,0,0,15
8423.0,cluster_12013799529_12013799530_473195061,1,2,15
8424.0,2496228891,1,0,15
8424.0,cluster_12013799525_12013799526_2496228894,0,0,15
8424.0,cluster_12013799527_12013799528_2190601967,0,0,15
8424.0,cluster_12013799529_12013799530_473195061,1,2,15
8425.0,2496228891,1,0,15
8425.0,cluster_12013799525_12013799526_2496228894,0,0,15
8425.0,cluster_12013799527_12013799528_2190601967,0,0,15
8425.0,cluster_12013799529_12013799530_473195061,1,2,15
8426.0,2496228891,0,0,15
8426.0,cluster_12013799525_12013799526_2496228894,0,0,15
8426.0,cluster_12013799529_12013799530_473195061,1,2,15
8427.0,cluster_12013799525_12013799526_2496228894,1,0,15
8427.0,cluster_12013799529_12013799530_473195061,1,2,15
8428.0,cluster_12013799525_12013799526_2496228894,1,0,15
8428.0,cluster_12013799529_12013799530_473195061,1,2,15
8429.0,cluster_12013799525_12013799526_2496228894,1,0,15
8429.0,cluster_12013799527_12013799528_2190601967,2,2,15
8429.0,cluster_12013799529_12013799530_473195061,1,2,15
8430.0,2496228891,1,2,15
8430.0,cluster_12013799525_12013799526_2496228894,1,0,15
8430.0,cluster_12013799527_12013799528_2190601967,2,2,15
8430.0,cluster_12013799529_12013799530_473195061,1,2,15
8431.0,2496228891,2,2,15
8431.0,cluster_12013799525_12013799526_2496228894,2,0,15
8431.0,cluster_12013799527_12013799528_2190601967,3,2,15
8431.0,cluster_12013799529_12013799530_473195061,2,2,15
8432.0,2496228891,2,2,15
8432.0,cluster_12013799525_12013799526_2496228894,2,0,15
8432.0,cluster_12013799527_12013799528_2190601967,3,2,15
8432.0,cluster_12013799529_12013799530_473195061,2,2,15
8433.0,2496228891,2,2,15
8433.0,cluster_12013799525_12013799526_2496228894,2,0,15
8433.0,cluster_12013799527_12013799528_2190601967,2,2,15
8433.0,cluster_12013799529_12013799530_473195061,3,2,15
8434.0,2496228891,2,2,15
8434.0,cluster_12013799525_12013799526_2496228894,2,0,15
8434.0,cluster_12013799527_12013799528_2190601967,2,2,15
8434.0,cluster_12013799529_12013799530_473195061,3,2,15
8435.0,2496228891,2,2,15
8435.0,cluster_12013799525_12013799526_2496228894,3,0,15
8435.0,cluster_12013799527_12013799528_2190601967,3,2,15
8435.0,cluster_12013799529_12013799530_473195061,4,2,23
8436.0,2496228891,3,2,15
8436.0,cluster_12013799525_12013799526_2496228894,2,0,15
8436.0,cluster_12013799527_12013799528_2190601967,2,2,15
8436.0,cluster_12013799529_12013799530_473195061,5,2,23
8437.0,2496228891,3,2,15
8437.0,cluster_12013799525_12013799526_2496228894,2,0,15
8437.0,cluster_12013799527_12013799528_2190601967,2,2,15
8437.0,cluster_12013799529_12013799530_473195061,5,2,21
8438.0,2496228891,3,2,15
8438.0,cluster_12013799525_12013799526_2496228894,2,0,15
8438.0,cluster_12013799527_12013799528_2190601967,2,2,15
8439.0,2496228891,2,2,15
8439.0,cluster_12013799525_12013799526_2496228894,3,0,15
8439.0,cluster_12013799527_12013799528_2190601967,4,2,23
8440.0,2496228891,3,2,15
8440.0,cluster_12013799527_12013799528_2190601967,4,2,21
8441.0,2496228891,3,2,15
8441.0,cluster_12013799527_12013799528_2190601967,4,2,21
8441.0,cluster_12013799529_12013799530_473195061,4,0,21
8442.0,2496228891,3,2,15
8442.0,cluster_12013799527_12013799528_2190601967,4,2,21
8442.0,cluster_12013799529_12013799530_473195061,4,0,21
8443.0,2496228891,2,2,15
8443.0,cluster_12013799525_12013799526_2496228894,5,2,21
8443.0,cluster_12013799527_12013799528_2190601967,4,2,21
8443.0,cluster_12013799529_12013799530_473195061,4,0,21
8444.0,2496228891,2,2,15
8444.0,cluster_12013799525_12013799526_2496228894,3,2,15
8444.0,cluster_12013799527_12013799528_2190601967,4,2,23
8444.0,cluster_12013799529_12013799530_473195061,4,0,21
8445.0,2496228891,2,2,15
8445.0,cluster_12013799525_12013799526_2496228894,3,2,15
8445.0,cluster_12013799529_12013799530_473195061,4,0,21
8446.0,cluster_12013799525_12013799526_2496228894,4,2,23
8446.0,cluster_12013799529_12013799530_473195061,4,0,21
8447.0,cluster_12013799525_12013799526_2496228894,3,2,15
8447.0,cluster_12013799529_12013799530_473195061,4,0,21
8448.0,cluster_12013799525_12013799526_2496228894,3,2,15
8448.0,cluster_12013799527_12013799528_2190601967,6,0,21
8448.0,cluster_12013799529_12013799530_473195061,3,0,15
8449.0,2496228891,6,0,21
8449.0,cluster_12013799525_12013799526_2496228894,3,2,15
8449.0,cluster_12013799527_12013799528_2190601967,5,0,21
8449.0,cluster_12013799529_12013799530_473195061,3,0,15
8450.0,2496228891,5,0,21
8450.0,cluster_12013799525_12013799526_2496228894,3,2,15
8450.0,cluster_12013799527_12013799528_2190601967,5,0,21
8450.0,cluster_12013799529_12013799530_473195061,3,0,15
8451.0,2496228891,5,0,23
8451.0,cluster_12013799525_12013799526_2496228894,3,2,15
8451.0,cluster_12013799527_12013799528_2190601967,6,0,23
8451.0,cluster_12013799529_12013799530_473195061,2,0,15
8452.0,2496228891,5,0,21
8452.0,cluster_12013799525_12013799526_2496228894,3,2,15
8452.0,cluster_12013799527_12013799528_2190601967,5,0,21
8452.0,cluster_12013799529_12013799530_473195061,2,0,15
8453.0,2496228891,5,0,21
8453.0,cluster_12013799525_12013799526_2496228894,3,2,15
8453.0,cluster_12013799527_12013799528_2190601967,5,0,21
8453.0,cluster_12013799529_12013799530_473195061,2,0,15
8454.0,2496228891,5,0,21
8454.0,cluster_12013799525_12013799526_2496228894,3,2,15
8454.0,cluster_12013799527_12013799528_2190601967,5,0,21
8454.0,cluster_12013799529_12013799530_473195061,2,0,15
8455.0,2496228891,3,0,15
8455.0,cluster_12013799525_12013799526_2496228894,3,2,15
8455.0,cluster_12013799527_12013799528_2190601967,4,0,21
8455.0,cluster_12013799529_12013799530_473195061,2,0,15
8456.0,2496228891,3,0,15
8456.0,cluster_12013799525_12013799526_2496228894,2,2,15
8456.0,cluster_12013799527_12013799528_2190601967,4,0,21
8456.0,cluster_12013799529_12013799530_473195061,2,0,15
8457.0,2496228891,2,0,15
8457.0,cluster_12013799525_12013799526_2496228894,2,2,15
8457.0,cluster_12013799527_12013799528_2190601967,3,0,15
8457.0,cluster_12013799529_12013799530_473195061,1,0,15
8458.0,2496228891,2,0,15
8458.0,cluster_12013799525_12013799526_2496228894,2,2,15
8458.0,cluster_12013799527_12013799528_2190601967,3,0,15
8458.0,cluster_12013799529_12013799530_473195061,1,0,15
8459.0,2496228891,3,0,15
8459.0,cluster_12013799525_12013799526_2496228894,2,2,15
8459.0,cluster_12013799527_12013799528_2190601967,3,0,15
8459.0,cluster_12013799529_12013799530_473195061,1,0,15
8460.0,2496228891,2,0,15
8460.0,cluster_12013799525_12013799526_2496228894,2,2,15
8460.0,cluster_12013799527_12013799528_2190601967,2,0,15
8460.0,cluster_12013799529_12013799530_473195061,0,0,15
8461.0,2496228891,2,0,15
8461.0,cluster_12013799525_12013799526_2496228894,2,2,15
8461.0,cluster_12013799527_12013799528_2190601967,2,0,15
8461.0,cluster_12013799529_12013799530_473195061,0,0,15
8462.0,2496228891,1,0,15
8462.0,cluster_12013799525_12013799526_2496228894,2,2,15
8462.0,cluster_12013799527_12013799528_2190601967,2,0,15
8462.0,cluster_12013799529_12013799530_473195061,0,0,15
8463.0,2496228891,1,0,15
8463.0,cluster_12013799525_12013799526_2496228894,2,2,15
8463.0,cluster_12013799527_12013799528_2190601967,2,0,15
8464.0,2496228891,0,0,15
8464.0,cluster_12013799525_12013799526_2496228894,2,2,15
8464.0,cluster_12013799527_12013799528_2190601967,2,0,15
8465.0,2496228891,0,0,15
8465.0,cluster_12013799527_12013799528_2190601967,1,0,15
8466.0,2496228891,0,0,15
8466.0,cluster_12013799527_12013799528_2190601967,1,0,15
8466.0,cluster_12013799529_12013799530_473195061,6,2,21
8467.0,2496228891,1,0,15
8467.0,cluster_12013799527_12013799528_2190601967,1,0,15
8467.0,cluster_12013799529_12013799530_473195061,5,2,21
8468.0,2496228891,1,0,15
8468.0,cluster_12013799525_12013799526_2496228894,3,0,15
8468.0,cluster_12013799527_12013799528_2190601967,0,0,15
8468.0,cluster_12013799529_12013799530_473195061,5,2,23
8469.0,2496228891,2,0,15
8469.0,cluster_12013799525_12013799526_2496228894,2,0,15
8469.0,cluster_12013799527_12013799528_2190601967,0,0,15
8469.0,cluster_12013799529_12013799530_473195061,5,2,21
8470.0,2496228891,2,0,15
8470.0,cluster_12013799525_12013799526_2496228894,2,0,15
8470.0,cluster_12013799529_12013799530_473195061,5,2,23
8471.0,cluster_12013799525_12013799526_2496228894,2,0,15
8471.0,cluster_12013799529_12013799530_473195061,4,2,21
8472.0,cluster_12013799525_12013799526_2496228894,2,0,15
8472.0,cluster_12013799529_12013799530_473195061,4,2,21
8473.0,cluster_12013799525_12013799526_2496228894,1,0,15
8473.0,cluster_12013799527_12013799528_2190601967,2,2,15
8473.0,cluster_12013799529_12013799530_473195061,3,2,15
8474.0,2496228891,2,2,15
8474.0,cluster_12013799525_12013799526_2496228894,1,0,15
8474.0,cluster_12013799527_12013799528_2190601967,2,2,15
8474.0,cluster_12013799529_12013799530_473195061,3,2,15
8475.0,2496228891,1,2,15
8475.0,cluster_12013799525_12013799526_2496228894,1,0,15
8475.0,cluster_12013799527_12013799528_2190601967,2,2,15
8475.0,cluster_12013799529_12013799530_473195061,3,2,15
8476.0,2496228891,1,2,15
8476.0,cluster_12013799525_12013799526_2496228894,0,0,15
8476.0,cluster_12013799527_12013799528_2190601967,2,2,15
8476.0,cluster_12013799529_12013799530_473195061,2,2,15
8477.0,2496228891,1,2,15
8477.0,cluster_12013799525_12013799526_2496228894,0,0,15
8477.0,cluster_12013799527_12013799528_2190601967,2,2,15
8477.0,cluster_12013799529_12013799530_473195061,2,2,15
8478.0,2496228891,1,2,15
8478.0,cluster_12013799525_12013799526_2496228894,0,0,15
8478.0,cluster_12013799527_12013799528_2190601967,3,2,15
8478.0,cluster_12013799529_12013799530_473195061,3,2,15
8479.0,2496228891,0,2,15
8479.0,cluster_12013799525_12013799526_2496228894,0,0,15
8479.0,cluster_12013799527_12013799528_2190601967,3,2,15
8479.0,cluster_12013799529_12013799530_473195061,1,2,15
8480.0,2496228891,0,2,15
8480.0,cluster_12013799525_12013799526_2496228894,0,0,15
8480.0,cluster_12013799527_12013799528_2190601967,3,2,15
8480.0,cluster_12013799529_12013799530_473195061,1,2,15
8481.0,2496228891,0,2,15
8481.0,cluster_12013799525_12013799526_2496228894,0,0,15
8481.0,cluster_12013799527_12013799528_2190601967,3,2,15
8481.0,cluster_12013799529_12013799530_473195061,1,2,15
8482.0,2496228891,0,2,15
8482.0,cluster_12013799525_12013799526_2496228894,0,0,15
8482.0,cluster_12013799527_12013799528_2190601967,3,2,15
8482.0,cluster_12013799529_12013799530_473195061,1,2,15
8483.0,2496228891,0,2,15
8483.0,cluster_12013799525_12013799526_2496228894,0,0,15
8483.0,cluster_12013799527_12013799528_2190601967,3,2,15
8483.0,cluster_12013799529_12013799530_473195061,1,2,15
8484.0,2496228891,0,2,15
8484.0,cluster_12013799527_12013799528_2190601967,2,2,15
8484.0,cluster_12013799529_12013799530_473195061,1,2,15
8485.0,2496228891,0,2,15
8485.0,cluster_12013799527_12013799528_2190601967,1,2,15
8485.0,cluster_12013799529_12013799530_473195061,1,2,15
8486.0,2496228891,0,2,15
8486.0,cluster_12013799527_12013799528_2190601967,2,2,15
8486.0,cluster_12013799529_12013799530_473195061,1,2,15
8487.0,2496228891,0,2,15
8487.0,cluster_12013799525_12013799526_2496228894,2,2,15
8487.0,cluster_12013799527_12013799528_2190601967,2,2,15
8487.0,cluster_12013799529_12013799530_473195061,1,2,15
8488.0,2496228891,0,2,15
8488.0,cluster_12013799525_12013799526_2496228894,2,2,15
8488.0,cluster_12013799527_12013799528_2190601967,2,2,15
8489.0,2496228891,0,2,15
8489.0,cluster_12013799525_12013799526_2496228894,1,2,15
8490.0,cluster_12013799525_12013799526_2496228894,1,2,15
8491.0,cluster_12013799525_12013799526_2496228894,1,2,15
8491.0,cluster_12013799529_12013799530_473195061,0,0,15
8492.0,cluster_12013799525_12013799526_2496228894,1,2,15
8492.0,cluster_12013799527_12013799528_2190601967,0,0,15
8492.0,cluster_12013799529_12013799530_473195061,0,0,15
8493.0,2496228891,6,0,21
8493.0,cluster_12013799525_12013799526_2496228894,0,2,15
8493.0,cluster_12013799527_12013799528_2190601967,0,0,15
8493.0,cluster_12013799529_12013799530_473195061,0,0,15
8494.0,2496228891,4,0,21
8494.0,cluster_12013799525_12013799526_2496228894,0,2,15
8494.0,cluster_12013799527_12013799528_2190601967,0,0,15
8494.0,cluster_12013799529_12013799530_473195061,0,0,15
8495.0,2496228891,4,0,23
8495.0,cluster_12013799525_12013799526_2496228894,0,2,15
8495.0,cluster_12013799527_12013799528_2190601967,0,0,15
8495.0,cluster_12013799529_12013799530_473195061,0,0,15
8496.0,2496228891,4,0,21
8496.0,cluster_12013799525_12013799526_2496228894,0,2,15
8496.0,cluster_12013799527_12013799528_2190601967,0,0,15
8496.0,cluster_12013799529_12013799530_473195061,0,0,15
8497.0,2496228891,3,0,15
8497.0,cluster_12013799525_12013799526_2496228894,1,2,15
8497.0,cluster_12013799527_12013799528_2190601967,0,0,15
8497.0,cluster_12013799529_12013799530_473195061,0,0,15
8498.0,2496228891,3,0,15
8498.0,cluster_12013799525_12013799526_2496228894,1,2,15
8498.0,cluster_12013799527_12013799528_2190601967,0,0,15
8498.0,cluster_12013799529_12013799530_473195061,0,0,15
8499.0,2496228891,3,0,15
8499.0,cluster_12013799525_12013799526_2496228894,2,2,15
8499.0,cluster_12013799527_12013799528_2190601967,0,0,15
8499.0,cluster_12013799529_12013799530_473195061,0,0,15
8500.0,2496228891,3,0,15
8500.0,cluster_12013799525_12013799526_2496228894,2,2,15
8500.0,cluster_12013799527_12013799528_2190601967,0,0,15
8500.0,cluster_12013799529_12013799530_473195061,0,0,15
8501.0,2496228891,2,0,15
8501.0,cluster_12013799525_12013799526_2496228894,2,2,15
8501.0,cluster_12013799527_12013799528_2190601967,0,0,15
8501.0,cluster_12013799529_12013799530_473195061,0,0,15
8502.0,2496228891,2,0,15
8502.0,cluster_12013799525_12013799526_2496228894,3,2,15
8502.0,cluster_12013799527_12013799528_2190601967,0,0,15
8502.0,cluster_12013799529_12013799530_473195061,0,0,15
8503.0,2496228891,1,0,15
8503.0,cluster_12013799527_12013799528_2190601967,0,0,15
8503.0,cluster_12013799529_12013799530_473195061,0,0,15
8504.0,2496228891,2,0,15
8504.0,cluster_12013799527_12013799528_2190601967,1,0,15
8504.0,cluster_12013799529_12013799530_473195061,1,0,15
8505.0,2496228891,1,0,15
8505.0,cluster_12013799527_12013799528_2190601967,1,0,15
8505.0,cluster_12013799529_12013799530_473195061,1,0,15
8506.0,2496228891,1,0,15
8506.0,cluster_12013799525_12013799526_2496228894,1,0,15
8506.0,cluster_12013799527_12013799528_2190601967,1,0,15
8506.0,cluster_12013799529_12013799530_473195061,1,0,15
8507.0,2496228891,1,0,15
8507.0,cluster_12013799525_12013799526_2496228894,1,0,15
8507.0,cluster_12013799527_12013799528_2190601967,1,0,15
8508.0,2496228891,2,0,15
8508.0,cluster_12013799525_12013799526_2496228894,2,0,15
8509.0,2496228891,2,0,15
8509.0,cluster_12013799525_12013799526_2496228894,2,0,15
8510.0,2496228891,2,0,15
8510.0,cluster_12013799525_12013799526_2496228894,2,0,15
8510.0,cluster_12013799529_12013799530_473195061,2,2,15
8511.0,2496228891,2,0,15
8511.0,cluster_12013799525_12013799526_2496228894,2,0,15
8511.0,cluster_12013799527_12013799528_2190601967,5,2,21
8511.0,cluster_12013799529_12013799530_473195061,2,2,15
8512.0,2496228891,3,0,15
8512.0,cluster_12013799525_12013799526_2496228894,3,0,15
8512.0,cluster_12013799527_12013799528_2190601967,4,2,21
8512.0,cluster_12013799529_12013799530_473195061,3,2,15
8513.0,2496228891,3,0,15
8513.0,cluster_12013799525_12013799526_2496228894,3,0,15
8513.0,cluster_12013799527_12013799528_2190601967,4,2,21
8513.0,cluster_12013799529_12013799530_473195061,3,2,15
8514.0,2496228891,3,0,15
8514.0,cluster_12013799525_12013799526_2496228894,2,0,15
8514.0,cluster_12013799527_12013799528_2190601967,3,2,15
8514.0,cluster_12013799529_12013799530_473195061,3,2,15
8515.0,cluster_12013799525_12013799526_2496228894,2,0,15
8515.0,cluster_12013799527_12013799528_2190601967,3,2,15
8515.0,cluster_12013799529_12013799530_473195061,3,2,15
8516.0,cluster_12013799525_12013799526_2496228894,3,0,15
8516.0,cluster_12013799527_12013799528_2190601967,4,2,23
8516.0,cluster_12013799529_12013799530_473195061,5,2,23
8517.0,cluster_12013799525_12013799526_2496228894,2,0,15
8517.0,cluster_12013799527_12013799528_2190601967,3,2,15
8517.0,cluster_12013799529_12013799530_473195061,5,2,21
8518.0,2496228891,3,2,15
8518.0,cluster_12013799525_12013799526_2496228894,2,0,15
8518.0,cluster_12013799527_12013799528_2190601967,3,2,15
8518.0,cluster_12013799529_12013799530_473195061,5,2,21
8519.0,2496228891,3,2,15
8519.0,cluster_12013799525_12013799526_2496228894,2,0,15
8519.0,cluster_12013799527_12013799528_2190601967,4,2,23
8519.0,cluster_12013799529_12013799530_473195061,6,2,23
8520.0,2496228891,3,2,15
8520.0,cluster_12013799525_12013799526_2496228894,2,0,15
8520.0,cluster_12013799527_12013799528_2190601967,4,2,21
8520.0,cluster_12013799529_12013799530_473195061,7,2,23
8521.0,2496228891,2,2,15
8521.0,cluster_12013799525_12013799526_2496228894,1,0,15
8521.0,cluster_12013799527_12013799528_2190601967,3,2,15
8521.0,cluster_12013799529_12013799530_473195061,7,2,21
8522.0,2496228891,2,2,15
8522.0,cluster_12013799527_12013799528_2190601967,3,2,15
8522.0,cluster_12013799529_12013799530_473195061,7,2,21
8523.0,2496228891,2,2,15
8523.0,cluster_12013799527_12013799528_2190601967,4,2,23
8523.0,cluster_12013799529_12013799530_473195061,7,2,21
8524.0,2496228891,2,2,15
8524.0,cluster_12013799527_12013799528_2190601967,3,2,15
8524.0,cluster_12013799529_12013799530_473195061,8,2,24
8525.0,2496228891,2,2,15
8525.0,cluster_12013799525_12013799526_2496228894,8,2,21
8525.0,cluster_12013799527_12013799528_2190601967,4,2,23
8525.0,cluster_12013799529_12013799530_473195061,8,2,21
8526.0,2496228891,2,2,15
8526.0,cluster_12013799525_12013799526_2496228894,6,2,21
8526.0,cluster_12013799527_12013799528_2190601967,4,2,21
8527.0,2496228891,1,2,15
8527.0,cluster_12013799525_12013799526_2496228894,5,2,21
8527.0,cluster_12013799527_12013799528_2190601967,4,2,21
8528.0,2496228891,1,2,15
8528.0,cluster_12013799525_12013799526_2496228894,5,2,21
8528.0,cluster_12013799527_12013799528_2190601967,3,2,15
8529.0,2496228891,1,2,15
8529.0,cluster_12013799525_12013799526_2496228894,4,2,21
8529.0,cluster_12013799527_12013799528_2190601967,2,2,15
8529.0,cluster_12013799529_12013799530_473195061,5,0,21
8530.0,2496228891,0,2,15
8530.0,cluster_12013799525_12013799526_2496228894,3,2,15
8530.0,cluster_12013799527_12013799528_2190601967,3,2,15
8530.0,cluster_12013799529_12013799530_473195061,4,0,21
8531.0,2496228891,0,2,15
8531.0,cluster_12013799525_12013799526_2496228894,3,2,15
8531.0,cluster_12013799527_12013799528_2190601967,3,2,15
8531.0,cluster_12013799529_12013799530_473195061,4,0,21
8532.0,2496228891,0,2,15
8532.0,cluster_12013799525_12013799526_2496228894,3,2,15
8532.0,cluster_12013799527_12013799528_2190601967,3,2,15
8532.0,cluster_12013799529_12013799530_473195061,4,0,21
8533.0,2496228891,0,2,15
8533.0,cluster_12013799525_12013799526_2496228894,3,2,15
8533.0,cluster_12013799529_12013799530_473195061,4,0,21
8534.0,cluster_12013799525_12013799526_2496228894,3,2,15
8534.0,cluster_12013799529_12013799530_473195061,3,0,15
8535.0,cluster_12013799525_12013799526_2496228894,2,2,15
8535.0,cluster_12013799529_12013799530_473195061,3,0,15
8536.0,cluster_12013799525_12013799526_2496228894,2,2,15
8536.0,cluster_12013799527_12013799528_2190601967,7,0,21
8536.0,cluster_12013799529_12013799530_473195061,3,0,15
8537.0,2496228891,7,0,21
8537.0,cluster_12013799525_12013799526_2496228894,2,2,15
8537.0,cluster_12013799527_12013799528_2190601967,6,0,21
8537.0,cluster_12013799529_12013799530_473195061,2,0,15
8538.0,2496228891,7,0,21
8538.0,cluster_12013799525_12013799526_2496228894,2,2,15
8538.0,cluster_12013799527_12013799528_2190601967,6,0,21
8538.0,cluster_12013799529_12013799530_473195061,2,0,15
8539.0,2496228891,4,0,23
8539.0,cluster_12013799525_12013799526_2496228894,2,2,15
8539.0,cluster_12013799527_12013799528_2190601967,6,0,21
8539.0,cluster_12013799529_12013799530_473195061,1,0,15
8540.0,2496228891,3,0,15
8540.0,cluster_12013799525_12013799526_2496228894,1,2,15
8540.0,cluster_12013799527_12013799528_2190601967,5,0,21
8540.0,cluster_12013799529_12013799530_473195061,1,0,15
8541.0,2496228891,3,0,15
8541.0,cluster_12013799525_12013799526_2496228894,1,2,15
8541.0,cluster_12013799527_12013799528_2190601967,5,0,21
8541.0,cluster_12013799529_12013799530_473195061,0,0,15
8542.0,2496228891,1,0,15
8542.0,cluster_12013799525_12013799526_2496228894,2,2,15
8542.0,cluster_12013799527_12013799528_2190601967,5,0,21
8542.0,cluster_12013799529_12013799530_473195061,0,0,15
8543.0,2496228891,1,0,15
8543.0,cluster_12013799525_12013799526_2496228894,1,2,15
8543.0,cluster_12013799527_12013799528_2190601967,4,0,21
8543.0,cluster_12013799529_12013799530_473195061,0,0,15
8544.0,2496228891,2,0,15
8544.0,cluster_12013799525_12013799526_2496228894,1,2,15
8544.0,cluster_12013799527_12013799528_2190601967,4,0,21
8544.0,cluster_12013799529_12013799530_473195061,0,0,15
8545.0,2496228891,3,0,15
8545.0,cluster_12013799525_12013799526_2496228894,1,2,15
8545.0,cluster_12013799527_12013799528_2190601967,4,0,21
8545.0,cluster_12013799529_12013799530_473195061,0,0,15
8546.0,2496228891,2,0,15
8546.0,cluster_12013799525_12013799526_2496228894,1,2,15
8546.0,cluster_12013799527_12013799528_2190601967,3,0,15
8546.0,cluster_12013799529_12013799530_473195061,0,0,15
8547.0,2496228891,3,0,15
8547.0,cluster_12013799527_12013799528_2190601967,3,0,15
8547.0,cluster_12013799529_12013799530_473195061,0,0,15
8548.0,2496228891,4,0,23
8548.0,cluster_12013799527_12013799528_2190601967,2,0,15
8548.0,cluster_12013799529_12013799530_473195061,0,0,15
8549.0,2496228891,4,0,23
8549.0,cluster_12013799527_12013799528_2190601967,2,0,15
8549.0,cluster_12013799529_12013799530_473195061,0,0,15
8550.0,2496228891,2,0,15
8550.0,cluster_12013799525_12013799526_2496228894,1,0,15
8550.0,cluster_12013799527_12013799528_2190601967,1,0,15
8550.0,cluster_12013799529_12013799530_473195061,0,0,15
8551.0,2496228891,2,0,15
8551.0,cluster_12013799525_12013799526_2496228894,0,0,15
8551.0,cluster_12013799527_12013799528_2190601967,1,0,15
8552.0,2496228891,1,0,15
8552.0,cluster_12013799525_12013799526_2496228894,0,0,15
8552.0,cluster_12013799527_12013799528_2190601967,1,0,15
8553.0,2496228891,1,0,15
8553.0,cluster_12013799525_12013799526_2496228894,0,0,15
8553.0,cluster_12013799527_12013799528_2190601967,0,0,15
8554.0,2496228891,1,0,15
8554.0,cluster_12013799525_12013799526_2496228894,0,0,15
8554.0,cluster_12013799527_12013799528_2190601967,0,0,15
8554.0,cluster_12013799529_12013799530_473195061,8,2,21
8555.0,2496228891,0,0,15
8555.0,cluster_12013799525_12013799526_2496228894,0,0,15
8555.0,cluster_12013799527_12013799528_2190601967,0,0,15
8555.0,cluster_12013799529_12013799530_473195061,7,2,21
8556.0,2496228891,0,0,15
8556.0,cluster_12013799525_12013799526_2496228894,0,0,15
8556.0,cluster_12013799527_12013799528_2190601967,0,0,15
8556.0,cluster_12013799529_12013799530_473195061,7,2,21
8557.0,2496228891,0,0,15
8557.0,cluster_12013799525_12013799526_2496228894,0,0,15
8557.0,cluster_12013799527_12013799528_2190601967,0,0,15
8557.0,cluster_12013799529_12013799530_473195061,7,2,21
8558.0,2496228891,0,0,15
8558.0,cluster_12013799525_12013799526_2496228894,0,0,15
8558.0,cluster_12013799529_12013799530_473195061,7,2,21
8559.0,cluster_12013799525_12013799526_2496228894,0,0,15
8559.0,cluster_12013799529_12013799530_473195061,5,2,21
8560.0,cluster_12013799525_12013799526_2496228894,0,0,15
8560.0,cluster_12013799529_12013799530_473195061,5,2,21
8561.0,cluster_12013799525_12013799526_2496228894,0,0,15
8561.0,cluster_12013799527_12013799528_2190601967,4,2,21
8561.0,cluster_12013799529_12013799530_473195061,4,2,21
8562.0,2496228891,0,2,15
8562.0,cluster_12013799525_12013799526_2496228894,0,0,15
8562.0,cluster_12013799527_12013799528_2190601967,2,2,15
8562.0,cluster_12013799529_12013799530_473195061,4,2,21
8563.0,2496228891,0,2,15
8563.0,cluster_12013799525_12013799526_2496228894,0,0,15
8563.0,cluster_12013799527_12013799528_2190601967,2,2,15
8563.0,cluster_12013799529_12013799530_473195061,3,2,15
8564.0,2496228891,0,2,15
8564.0,cluster_12013799525_12013799526_2496228894,0,0,15
8564.0,cluster_12013799527_12013799528_2190601967,2,2,15
8564.0,cluster_12013799529_12013799530_473195061,2,2,15
8565.0,2496228891,0,2,15
8565.0,cluster_12013799525_12013799526_2496228894,0,0,15
8565.0,cluster_12013799527_12013799528_2190601967,1,2,15
8565.0,cluster_12013799529_12013799530_473195061,3,2,15
8566.0,2496228891,0,2,15
8566.0,cluster_12013799527_12013799528_2190601967,0,2,15
8566.0,cluster_12013799529_12013799530_473195061,2,2,15
8567.0,2496228891,0,2,15
8567.0,cluster_12013799527_12013799528_2190601967,0,2,15
8567.0,cluster_12013799529_12013799530_473195061,2,2,15
8568.0,2496228891,0,2,15
8568.0,cluster_12013799527_12013799528_2190601967,0,2,15
8568.0,cluster_12013799529_12013799530_473195061,2,2,15
8569.0,2496228891,0,2,15
8569.0,cluster_12013799525_12013799526_2496228894,0,2,15
8569.0,cluster_12013799527_12013799528_2190601967,0,2,15
8569.0,cluster_12013799529_12013799530_473195061,2,2,15
8570.0,2496228891,0,2,15
8570.0,cluster_12013799525_12013799526_2496228894,0,2,15
8570.0,cluster_12013799527_12013799528_2190601967,0,2,15
8570.0,cluster_12013799529_12013799530_473195061,2,2,15
8571.0,2496228891,0,2,15
8571.0,cluster_12013799525_12013799526_2496228894,0,2,15
8571.0,cluster_12013799527_12013799528_2190601967,0,2,15
8571.0,cluster_12013799529_12013799530_473195061,2,2,15
8572.0,2496228891,0,2,15
8572.0,cluster_12013799525_12013799526_2496228894,0,2,15
8572.0,cluster_12013799527_12013799528_2190601967,0,2,15
8572.0,cluster_12013799529_12013799530_473195061,2,2,15
8573.0,2496228891,0,2,15
8573.0,cluster_12013799525_12013799526_2496228894,0,2,15
8573.0,cluster_12013799527_12013799528_2190601967,0,2,15
8573.0,cluster_12013799529_12013799530_473195061,2,2,15
8574.0,2496228891,0,2,15
8574.0,cluster_12013799525_12013799526_2496228894,0,2,15
8574.0,cluster_12013799527_12013799528_2190601967,1,2,15
8574.0,cluster_12013799529_12013799530_473195061,2,2,15
8575.0,2496228891,0,2,15
8575.0,cluster_12013799525_12013799526_2496228894,0,2,15
8575.0,cluster_12013799527_12013799528_2190601967,1,2,15
8575.0,cluster_12013799529_12013799530_473195061,2,2,15
8576.0,2496228891,0,2,15
8576.0,cluster_12013799525_12013799526_2496228894,0,2,15
8576.0,cluster_12013799527_12013799528_2190601967,1,2,15
8577.0,2496228891,0,2,15
8577.0,cluster_12013799525_12013799526_2496228894,0,2,15
8577.0,cluster_12013799527_12013799528_2190601967,1,2,15
8578.0,cluster_12013799525_12013799526_2496228894,0,2,15
8578.0,cluster_12013799527_12013799528_2190601967,1,2,15
8579.0,cluster_12013799525_12013799526_2496228894,0,2,15
8579.0,cluster_12013799527_12013799528_2190601967,1,2,15
8579.0,cluster_12013799529_12013799530_473195061,0,0,15
8580.0,cluster_12013799525_12013799526_2496228894,1,2,15
8580.0,cluster_12013799527_12013799528_2190601967,2,2,15
8580.0,cluster_12013799529_12013799530_473195061,1,0,15
8581.0,2496228891,5,0,21
8581.0,cluster_12013799525_12013799526_2496228894,1,2,15
8581.0,cluster_12013799527_12013799528_2190601967,2,2,15
8581.0,cluster_12013799529_12013799530_473195061,1,0,15
8582.0,2496228891,3,0,15
8582.0,cluster_12013799525_12013799526_2496228894,1,2,15
8582.0,cluster_12013799527_12013799528_2190601967,2,2,15
8582.0,cluster_12013799529_12013799530_473195061,1,0,15
8583.0,2496228891,3,0,15
8583.0,cluster_12013799525_12013799526_2496228894,1,2,15
8583.0,cluster_12013799529_12013799530_473195061,1,0,15
8584.0,2496228891,4,0,23
8584.0,cluster_12013799525_12013799526_2496228894,2,2,15
8584.0,cluster_12013799529_12013799530_473195061,2,0,15
8585.0,2496228891,4,0,21
8585.0,cluster_12013799529_12013799530_473195061,2,0,15
8586.0,2496228891,2,0,15
8586.0,cluster_12013799527_12013799528_2190601967,2,0,15
8586.0,cluster_12013799529_12013799530_473195061,2,0,15
8587.0,2496228891,2,0,15
8587.0,cluster_12013799527_12013799528_2190601967,2,0,15
8587.0,cluster_12013799529_12013799530_473195061,2,0,15
8588.0,2496228891,3,0,15
8588.0,cluster_12013799525_12013799526_2496228894,3,0,15
8588.0,cluster_12013799527_12013799528_2190601967,3,0,15
8588.0,cluster_12013799529_12013799530_473195061,3,0,15
8589.0,2496228891,3,0,15
8589.0,cluster_12013799525_12013799526_2496228894,2,0,15
8589.0,cluster_12013799527_12013799528_2190601967,3,0,15
8589.0,cluster_12013799529_12013799530_473195061,3,0,15
8590.0,2496228891,3,0,15
8590.0,cluster_12013799525_12013799526_2496228894,2,0,15
8590.0,cluster_12013799527_12013799528_2190601967,3,0,15
8590.0,cluster_12013799529_12013799530_473195061,3,0,15
8591.0,2496228891,3,0,15
8591.0,cluster_12013799525_12013799526_2496228894,2,0,15
8591.0,cluster_12013799527_12013799528_2190601967,3,0,15
8591.0,cluster_12013799529_12013799530_473195061,3,0,15
8592.0,2496228891,4,0,23
8592.0,cluster_12013799525_12013799526_2496228894,3,0,15
8592.0,cluster_12013799527_12013799528_2190601967,4,0,23
8592.0,cluster_12013799529_12013799530_473195061,4,0,21
8593.0,2496228891,4,0,21
8593.0,cluster_12013799525_12013799526_2496228894,3,0,15
8593.0,cluster_12013799527_12013799528_2190601967,4,0,21
8593.0,cluster_12013799529_12013799530_473195061,4,0,21
8594.0,2496228891,4,0,21
8594.0,cluster_12013799525_12013799526_2496228894,2,0,15
8594.0,cluster_12013799527_12013799528_2190601967,4,0,21
8594.0,cluster_12013799529_12013799530_473195061,4,0,21
8595.0,2496228891,4,0,21
8595.0,cluster_12013799525_12013799526_2496228894,2,0,15
8595.0,cluster_12013799527_12013799528_2190601967,4,0,21
8596.0,2496228891,5,0,23
8596.0,cluster_12013799525_12013799526_2496228894,2,0,15
8596.0,cluster_12013799527_12013799528_2190601967,4,0,21
8597.0,2496228891,5,0,21
8597.0,cluster_12013799525_12013799526_2496228894,2,0,15
8597.0,cluster_12013799527_12013799528_2190601967,4,0,21
8598.0,2496228891,5,0,21
8598.0,cluster_12013799525_12013799526_2496228894,1,0,15
8598.0,cluster_12013799527_12013799528_2190601967,4,0,21
8598.0,cluster_12013799529_12013799530_473195061,5,2,21
8599.0,2496228891,5,0,21
8599.0,cluster_12013799525_12013799526_2496228894,1,0,15
8599.0,cluster_12013799527_12013799528_2190601967,4,0,21
8599.0,cluster_12013799529_12013799530_473195061,4,2,21
8600.0,2496228891,5,0,21
8600.0,cluster_12013799525_12013799526_2496228894,1,0,15
8600.0,cluster_12013799527_12013799528_2190601967,5,0,23
8600.0,cluster_12013799529_12013799530_473195061,5,2,21
8601.0,2496228891,5,0,21
8601.0,cluster_12013799525_12013799526_2496228894,1,0,15
8601.0,cluster_12013799527_12013799528_2190601967,5,0,21
8601.0,cluster_12013799529_12013799530_473195061,5,2,21
8602.0,2496228891,5,0,21
8602.0,cluster_12013799525_12013799526_2496228894,0,0,15
8602.0,cluster_12013799529_12013799530_473195061,4,2,21
8603.0,cluster_12013799525_12013799526_2496228894,0,0,15
8603.0,cluster_12013799529_12013799530_473195061,4,2,21
8604.0,cluster_12013799529_12013799530_473195061,6,2,23
8605.0,cluster_12013799527_12013799528_2190601967,4,2,21
8605.0,cluster_12013799529_12013799530_473195061,6,2,21
8606.0,2496228891,2,2,15
8606.0,cluster_12013799527_12013799528_2190601967,3,2,15
8606.0,cluster_12013799529_12013799530_473195061,6,2,21
8607.0,2496228891,2,2,15
8607.0,cluster_12013799525_12013799526_2496228894,2,2,15
8607.0,cluster_12013799527_12013799528_2190601967,3,2,15
8607.0,cluster_12013799529_12013799530_473195061,6,2,21
8608.0,2496228891,2,2,15
8608.0,cluster_12013799525_12013799526_2496228894,2,2,15
8608.0,cluster_12013799527_12013799528_2190601967,2,2,15
8608.0,cluster_12013799529_12013799530_473195061,6,2,21
8609.0,2496228891,2,2,15
8609.0,cluster_12013799525_12013799526_2496228894,2,2,15
8609.0,cluster_12013799527_12013799528_2190601967,3,2,15
8609.0,cluster_12013799529_12013799530_473195061,7,2,23
8610.0,2496228891,1,2,15
8610.0,cluster_12013799525_12013799526_2496228894,1,2,15
8610.0,cluster_12013799527_12013799528_2190601967,2,2,15
8610.0,cluster_12013799529_12013799530_473195061,7,2,21
8611.0,2496228891,1,2,15
8611.0,cluster_12013799525_12013799526_2496228894,2,2,15
8611.0,cluster_12013799527_12013799528_2190601967,2,2,15
8611.0,cluster_12013799529_12013799530_473195061,7,2,21
8612.0,2496228891,1,2,15
8612.0,cluster_12013799525_12013799526_2496228894,2,2,15
8612.0,cluster_12013799527_12013799528_2190601967,2,2,15
8612.0,cluster_12013799529_12013799530_473195061,7,2,21
8613.0,2496228891,0,2,15
8613.0,cluster_12013799525_12013799526_2496228894,2,2,15
8613.0,cluster_12013799527_12013799528_2190601967,2,2,15
8613.0,cluster_12013799529_12013799530_473195061,7,2,21
8614.0,2496228891,0,2,15
8614.0,cluster_12013799525_12013799526_2496228894,2,2,15
8614.0,cluster_12013799527_12013799528_2190601967,2,2,15
8614.0,cluster_12013799529_12013799530_473195061,6,2,21
8615.0,2496228891,0,2,15
8615.0,cluster_12013799525_12013799526_2496228894,3,2,15
8615.0,cluster_12013799527_12013799528_2190601967,2,2,15
8615.0,cluster_12013799529_12013799530_473195061,6,2,21
8616.0,2496228891,0,2,15
8616.0,cluster_12013799525_12013799526_2496228894,3,2,15
8616.0,cluster_12013799527_12013799528_2190601967,1,2,15
8616.0,cluster_12013799529_12013799530_473195061,6,2,21
8617.0,2496228891,0,2,15
8617.0,cluster_12013799525_12013799526_2496228894,3,2,15
8617.0,cluster_12013799527_12013799528_2190601967,1,2,15
8617.0,cluster_12013799529_12013799530_473195061,6,2,21
8618.0,2496228891,0,2,15
8618.0,cluster_12013799525_12013799526_2496228894,3,2,15
8618.0,cluster_12013799527_12013799528_2190601967,0,2,15
8618.0,cluster_12013799529_12013799530_473195061,7,2,23
8619.0,2496228891,0,2,15
8619.0,cluster_12013799525_12013799526_2496228894,3,2,15
8619.0,cluster_12013799527_12013799528_2190601967,0,2,15
8619.0,cluster_12013799529_12013799530_473195061,6,2,21
8620.0,2496228891,0,2,15
8620.0,cluster_12013799525_12013799526_2496228894,3,2,15
8620.0,cluster_12013799527_12013799528_2190601967,0,2,15
8621.0,2496228891,0,2,15
8621.0,cluster_12013799525_12013799526_2496228894,2,2,15
8621.0,cluster_12013799527_12013799528_2190601967,0,2,15
8622.0,cluster_12013799525_12013799526_2496228894,2,2,15
8622.0,cluster_12013799527_12013799528_2190601967,0,2,15
8623.0,cluster_12013799527_12013799528_2190601967,0,2,15
8623.0,cluster_12013799529_12013799530_473195061,4,0,21
8624.0,cluster_12013799527_12013799528_2190601967,0,2,15
8624.0,cluster_12013799529_12013799530_473195061,4,0,21
8625.0,2496228891,5,0,21
8625.0,cluster_12013799527_12013799528_2190601967,0,2,15
8625.0,cluster_12013799529_12013799530_473195061,4,0,21
8626.0,2496228891,4,0,21
8626.0,cluster_12013799525_12013799526_2496228894,0,0,15
8626.0,cluster_12013799527_12013799528_2190601967,0,2,15
8626.0,cluster_12013799529_12013799530_473195061,4,0,21
8627.0,2496228891,3,0,15
8627.0,cluster_12013799525_12013799526_2496228894,0,0,15
8627.0,cluster_12013799529_12013799530_473195061,3,0,15
8628.0,2496228891,5,0,23
8628.0,cluster_12013799525_12013799526_2496228894,0,0,15
8628.0,cluster_12013799529_12013799530_473195061,3,0,15
8629.0,2496228891,5,0,21
8629.0,cluster_12013799525_12013799526_2496228894,0,0,15
8629.0,cluster_12013799529_12013799530_473195061,3,0,15
8630.0,2496228891,6,0,23
8630.0,cluster_12013799525_12013799526_2496228894,0,0,15
8630.0,cluster_12013799527_12013799528_2190601967,5,0,21
8630.0,cluster_12013799529_12013799530_473195061,2,0,15
8631.0,2496228891,6,0,21
8631.0,cluster_12013799525_12013799526_2496228894,0,0,15
8631.0,cluster_12013799527_12013799528_2190601967,4,0,21
8631.0,cluster_12013799529_12013799530_473195061,2,0,15
8632.0,2496228891,6,0,21
8632.0,cluster_12013799525_12013799526_2496228894,0,0,15
8632.0,cluster_12013799527_12013799528_2190601967,4,0,21
8632.0,cluster_12013799529_12013799530_473195061,2,0,15
8633.0,2496228891,3,0,15
8633.0,cluster_12013799525_12013799526_2496228894,0,0,15
8633.0,cluster_12013799527_12013799528_2190601967,4,0,21
8633.0,cluster_12013799529_12013799530_473195061,1,0,15
8634.0,2496228891,4,0,23
8634.0,cluster_12013799525_12013799526_2496228894,0,0,15
8634.0,cluster_12013799527_12013799528_2190601967,4,0,21
8634.0,cluster_12013799529_12013799530_473195061,1,0,15
8635.0,2496228891,1,0,15
8635.0,cluster_12013799525_12013799526_2496228894,0,0,15
8635.0,cluster_12013799527_12013799528_2190601967,3,0,15
8635.0,cluster_12013799529_12013799530_473195061,0,0,15
8636.0,2496228891,2,0,15
8636.0,cluster_12013799525_12013799526_2496228894,0,0,15
8636.0,cluster_12013799527_12013799528_2190601967,3,0,15
8636.0,cluster_12013799529_12013799530_473195061,0,0,15
8637.0,2496228891,2,0,15
8637.0,cluster_12013799525_12013799526_2496228894,0,0,15
8637.0,cluster_12013799527_12013799528_2190601967,3,0,15
8637.0,cluster_12013799529_12013799530_473195061,0,0,15
8638.0,2496228891,1,0,15
8638.0,cluster_12013799525_12013799526_2496228894,0,0,15
8638.0,cluster_12013799527_12013799528_2190601967,2,0,15
8638.0,cluster_12013799529_12013799530_473195061,0,0,15
8639.0,2496228891,2,0,15
8639.0,cluster_12013799525_12013799526_2496228894,0,0,15
8639.0,cluster_12013799527_12013799528_2190601967,2,0,15
8639.0,cluster_12013799529_12013799530_473195061,0,0,15
8640.0,2496228891,2,0,15
8640.0,cluster_12013799525_12013799526_2496228894,0,0,15
8640.0,cluster_12013799527_12013799528_2190601967,1,0,15
8640.0,cluster_12013799529_12013799530_473195061,0,0,15
8641.0,2496228891,2,0,15
8641.0,cluster_12013799525_12013799526_2496228894,0,0,15
8641.0,cluster_12013799527_12013799528_2190601967,1,0,15
8641.0,cluster_12013799529_12013799530_473195061,0,0,15
8642.0,2496228891,2,0,15
8642.0,cluster_12013799527_12013799528_2190601967,0,0,15
8642.0,cluster_12013799529_12013799530_473195061,0,0,15
8643.0,2496228891,3,0,15
8643.0,cluster_12013799527_12013799528_2190601967,0,0,15
8643.0,cluster_12013799529_12013799530_473195061,0,0,15
8644.0,2496228891,3,0,15
8644.0,cluster_12013799527_12013799528_2190601967,0,0,15
8644.0,cluster_12013799529_12013799530_473195061,0,0,15
8645.0,2496228891,2,0,15
8645.0,cluster_12013799525_12013799526_2496228894,2,2,15
8645.0,cluster_12013799527_12013799528_2190601967,0,0,15
8646.0,2496228891,2,0,15
8646.0,cluster_12013799525_12013799526_2496228894,2,2,15
8646.0,cluster_12013799527_12013799528_2190601967,0,0,15
8647.0,cluster_12013799525_12013799526_2496228894,2,2,15
8647.0,cluster_12013799527_12013799528_2190601967,0,0,15
8648.0,cluster_12013799525_12013799526_2496228894,2,2,15
8648.0,cluster_12013799527_12013799528_2190601967,0,0,15
8648.0,cluster_12013799529_12013799530_473195061,7,2,21
8649.0,cluster_12013799525_12013799526_2496228894,1,2,15
8649.0,cluster_12013799527_12013799528_2190601967,0,0,15
8649.0,cluster_12013799529_12013799530_473195061,6,2,21
8650.0,2496228891,0,2,15
8650.0,cluster_12013799525_12013799526_2496228894,1,2,15
8650.0,cluster_12013799527_12013799528_2190601967,0,0,15
8650.0,cluster_12013799529_12013799530_473195061,6,2,21
8651.0,2496228891,0,2,15
8651.0,cluster_12013799525_12013799526_2496228894,1,2,15
8651.0,cluster_12013799527_12013799528_2190601967,0,0,15
8651.0,cluster_12013799529_12013799530_473195061,6,2,21
8652.0,2496228891,0,2,15
8652.0,cluster_12013799525_12013799526_2496228894,1,2,15
8652.0,cluster_12013799529_12013799530_473195061,5,2,21
8653.0,2496228891,0,2,15
8653.0,cluster_12013799525_12013799526_2496228894,1,2,15
8653.0,cluster_12013799529_12013799530_473195061,4,2,21
8654.0,2496228891,0,2,15
8654.0,cluster_12013799525_12013799526_2496228894,1,2,15
8654.0,cluster_12013799529_12013799530_473195061,4,2,21
8655.0,2496228891,0,2,15
8655.0,cluster_12013799525_12013799526_2496228894,1,2,15
8655.0,cluster_12013799527_12013799528_2190601967,2,2,15
8655.0,cluster_12013799529_12013799530_473195061,4,2,21
8656.0,2496228891,0,2,15
8656.0,cluster_12013799525_12013799526_2496228894,1,2,15
8656.0,cluster_12013799527_12013799528_2190601967,1,2,15
8656.0,cluster_12013799529_12013799530_473195061,3,2,15
8657.0,2496228891,1,2,15
8657.0,cluster_12013799525_12013799526_2496228894,1,2,15
8657.0,cluster_12013799527_12013799528_2190601967,3,2,15
8657.0,cluster_12013799529_12013799530_473195061,4,2,23
8658.0,2496228891,1,2,15
8658.0,cluster_12013799525_12013799526_2496228894,1,2,15
8658.0,cluster_12013799527_12013799528_2190601967,2,2,15
8658.0,cluster_12013799529_12013799530_473195061,3,2,15
8659.0,2496228891,1,2,15
8659.0,cluster_12013799525_12013799526_2496228894,1,2,15
8659.0,cluster_12013799527_12013799528_2190601967,3,2,15
8659.0,cluster_12013799529_12013799530_473195061,3,2,15
8660.0,2496228891,1,2,15
8660.0,cluster_12013799525_12013799526_2496228894,1,2,15
8660.0,cluster_12013799527_12013799528_2190601967,3,2,15
8660.0,cluster_12013799529_12013799530_473195061,2,2,15
8661.0,2496228891,2,2,15
8661.0,cluster_12013799527_12013799528_2190601967,4,2,23
8661.0,cluster_12013799529_12013799530_473195061,3,2,15
8662.0,2496228891,2,2,15
8662.0,cluster_12013799527_12013799528_2190601967,4,2,21
8662.0,cluster_12013799529_12013799530_473195061,3,2,15
8663.0,2496228891,2,2,15
8663.0,cluster_12013799527_12013799528_2190601967,2,2,15
8663.0,cluster_12013799529_12013799530_473195061,2,2,15
8664.0,2496228891,2,2,15
8664.0,cluster_12013799525_12013799526_2496228894,2,0,15
8664.0,cluster_12013799527_12013799528_2190601967,2,2,15
8664.0,cluster_12013799529_12013799530_473195061,2,2,15
8665.0,2496228891,3,2,15
8665.0,cluster_12013799525_12013799526_2496228894,3,0,15
8665.0,cluster_12013799527_12013799528_2190601967,3,2,15
8665.0,cluster_12013799529_12013799530_473195061,4,2,23
8666.0,cluster_12013799525_12013799526_2496228894,3,0,15
8666.0,cluster_12013799527_12013799528_2190601967,3,2,15
8666.0,cluster_12013799529_12013799530_473195061,4,2,21
8667.0,cluster_12013799525_12013799526_2496228894,2,0,15
8667.0,cluster_12013799527_12013799528_2190601967,2,2,15
8667.0,cluster_12013799529_12013799530_473195061,4,2,21
8668.0,cluster_12013799525_12013799526_2496228894,2,0,15
8668.0,cluster_12013799527_12013799528_2190601967,2,2,15
8668.0,cluster_12013799529_12013799530_473195061,4,2,21
8669.0,2496228891,10,0,22
8669.0,cluster_12013799525_12013799526_2496228894,3,0,15
8669.0,cluster_12013799527_12013799528_2190601967,4,2,23
8669.0,cluster_12013799529_12013799530_473195061,5,2,23
8670.0,2496228891,9,0,22
8670.0,cluster_12013799525_12013799526_2496228894,2,0,15
8670.0,cluster_12013799527_12013799528_2190601967,3,2,15
8671.0,2496228891,9,0,25
8671.0,cluster_12013799525_12013799526_2496228894,2,0,15
8672.0,2496228891,9,0,22
8672.0,cluster_12013799525_12013799526_2496228894,2,0,15
8673.0,2496228891,9,0,25
8673.0,cluster_12013799525_12013799526_2496228894,2,0,15
8673.0,cluster_12013799529_12013799530_473195061,5,0,21
8674.0,2496228891,7,0,21
8674.0,cluster_12013799525_12013799526_2496228894,1,0,15
8674.0,cluster_12013799527_12013799528_2190601967,4,0,21
8674.0,cluster_12013799529_12013799530_473195061,4,0,21
8675.0,2496228891,7,0,23
8675.0,cluster_12013799525_12013799526_2496228894,1,0,15
8675.0,cluster_12013799527_12013799528_2190601967,4,0,21
8675.0,cluster_12013799529_12013799530_473195061,4,0,21
8676.0,2496228891,9,0,25
8676.0,cluster_12013799525_12013799526_2496228894,1,0,15
8676.0,cluster_12013799527_12013799528_2190601967,4,0,21
8676.0,cluster_12013799529_12013799530_473195061,4,0,21
8677.0,2496228891,8,0,21
8677.0,cluster_12013799525_12013799526_2496228894,1,0,15
8677.0,cluster_12013799527_12013799528_2190601967,4,0,21
8677.0,cluster_12013799529_12013799530_473195061,4,0,21
8678.0,2496228891,8,0,24
8678.0,cluster_12013799525_12013799526_2496228894,1,0,15
8678.0,cluster_12013799527_12013799528_2190601967,4,0,21
8678.0,cluster_12013799529_12013799530_473195061,4,0,21
8679.0,2496228891,6,0,21
8679.0,cluster_12013799525_12013799526_2496228894,0,0,15
8679.0,cluster_12013799527_12013799528_2190601967,4,0,21
8679.0,cluster_12013799529_12013799530_473195061,3,0,15
8680.0,2496228891,4,0,21
8680.0,cluster_12013799527_12013799528_2190601967,4,0,21
8680.0,cluster_12013799529_12013799530_473195061,3,0,15
8681.0,2496228891,6,0,23
8681.0,cluster_12013799527_12013799528_2190601967,5,0,23
8681.0,cluster_12013799529_12013799530_473195061,3,0,15
8682.0,2496228891,6,0,23
8682.0,cluster_12013799527_12013799528_2190601967,5,0,21
8682.0,cluster_12013799529_12013799530_473195061,3,0,15
8683.0,2496228891,5,0,21
8683.0,cluster_12013799525_12013799526_2496228894,8,2,21
8683.0,cluster_12013799527_12013799528_2190601967,4,0,21
8683.0,cluster_12013799529_12013799530_473195061,2,0,15
8684.0,2496228891,5,0,21
8684.0,cluster_12013799525_12013799526_2496228894,7,2,21
8684.0,cluster_12013799527_12013799528_2190601967,4,0,21
8684.0,cluster_12013799529_12013799530_473195061,2,0,15
8685.0,2496228891,5,0,21
8685.0,cluster_12013799525_12013799526_2496228894,7,2,21
8685.0,cluster_12013799527_12013799528_2190601967,4,0,21
8685.0,cluster_12013799529_12013799530_473195061,2,0,15
8686.0,2496228891,1,0,15
8686.0,cluster_12013799525_12013799526_2496228894,6,2,21
8686.0,cluster_12013799527_12013799528_2190601967,4,0,21
8686.0,cluster_12013799529_12013799530_473195061,1,0,15
8687.0,2496228891,2,0,15
8687.0,cluster_12013799525_12013799526_2496228894,6,2,21
8687.0,cluster_12013799527_12013799528_2190601967,3,0,15
8687.0,cluster_12013799529_12013799530_473195061,1,0,15
8688.0,2496228891,2,0,15
8688.0,cluster_12013799525_12013799526_2496228894,6,2,21
8688.0,cluster_12013799527_12013799528_2190601967,3,0,15
8688.0,cluster_12013799529_12013799530_473195061,1,0,15
8689.0,2496228891,2,0,15
8689.0,cluster_12013799525_12013799526_2496228894,5,2,21
8689.0,cluster_12013799527_12013799528_2190601967,3,0,15
8689.0,cluster_12013799529_12013799530_473195061,1,0,15
8690.0,2496228891,1,0,15
8690.0,cluster_12013799525_12013799526_2496228894,5,2,21
8690.0,cluster_12013799527_12013799528_2190601967,3,0,15
8690.0,cluster_12013799529_12013799530_473195061,0,0,15
8691.0,2496228891,1,0,15
8691.0,cluster_12013799525_12013799526_2496228894,4,2,21
8691.0,cluster_12013799527_12013799528_2190601967,2,0,15
8691.0,cluster_12013799529_12013799530_473195061,0,0,15
8692.0,cluster_12013799525_12013799526_2496228894,4,2,21
8692.0,cluster_12013799527_12013799528_2190601967,2,0,15
8692.0,cluster_12013799529_12013799530_473195061,0,0,15
8693.0,cluster_12013799525_12013799526_2496228894,3,2,15
8693.0,cluster_12013799527_12013799528_2190601967,1,0,15
8693.0,cluster_12013799529_12013799530_473195061,0,0,15
8694.0,cluster_12013799525_12013799526_2496228894,3,2,15
8694.0,cluster_12013799527_12013799528_2190601967,1,0,15
8694.0,cluster_12013799529_12013799530_473195061,0,0,15
8695.0,2496228891,3,2,15
8695.0,cluster_12013799525_12013799526_2496228894,3,2,15
8695.0,cluster_12013799527_12013799528_2190601967,1,0,15
8696.0,2496228891,2,2,15
8696.0,cluster_12013799525_12013799526_2496228894,2,2,15
8697.0,2496228891,2,2,15
8697.0,cluster_12013799525_12013799526_2496228894,2,2,15
8698.0,2496228891,2,2,15
8698.0,cluster_12013799525_12013799526_2496228894,2,2,15
8698.0,cluster_12013799529_12013799530_473195061,7,2,21
8699.0,2496228891,1,2,15
8699.0,cluster_12013799525_12013799526_2496228894,1,2,15
8699.0,cluster_12013799527_12013799528_2190601967,4,2,21
8699.0,cluster_12013799529_12013799530_473195061,5,2,21
8700.0,2496228891,1,2,15
8700.0,cluster_12013799525_12013799526_2496228894,2,2,15
8700.0,cluster_12013799527_12013799528_2190601967,3,2,15
8700.0,cluster_12013799529_12013799530_473195061,5,2,21
8701.0,2496228891,1,2,15
8701.0,cluster_12013799525_12013799526_2496228894,2,2,15
8701.0,cluster_12013799527_12013799528_2190601967,3,2,15
8701.0,cluster_12013799529_12013799530_473195061,5,2,21
8702.0,2496228891,1,2,15
8702.0,cluster_12013799525_12013799526_2496228894,3,2,15
8702.0,cluster_12013799527_12013799528_2190601967,3,2,15
8702.0,cluster_12013799529_12013799530_473195061,4,2,21
8703.0,2496228891,0,2,15
8703.0,cluster_12013799525_12013799526_2496228894,2,2,15
8703.0,cluster_12013799527_12013799528_2190601967,1,2,15
8703.0,cluster_12013799529_12013799530_473195061,3,2,15
8704.0,2496228891,0,2,15
8704.0,cluster_12013799525_12013799526_2496228894,2,2,15
8704.0,cluster_12013799527_12013799528_2190601967,1,2,15
8704.0,cluster_12013799529_12013799530_473195061,4,2,23
8705.0,2496228891,0,2,15
8705.0,cluster_12013799527_12013799528_2190601967,1,2,15
8705.0,cluster_12013799529_12013799530_473195061,4,2,21
8706.0,2496228891,0,2,15
8706.0,cluster_12013799527_12013799528_2190601967,0,2,15
8706.0,cluster_12013799529_12013799530_473195061,4,2,21
8707.0,2496228891,0,2,15
8707.0,cluster_12013799527_12013799528_2190601967,0,2,15
8707.0,cluster_12013799529_12013799530_473195061,4,2,21
8708.0,2496228891,0,2,15
8708.0,cluster_12013799525_12013799526_2496228894,0,0,15
8708.0,cluster_12013799527_12013799528_2190601967,0,2,15
8708.0,cluster_12013799529_12013799530_473195061,4,2,21
8709.0,2496228891,0,2,15
8709.0,cluster_12013799525_12013799526_2496228894,0,0,15
8709.0,cluster_12013799527_12013799528_2190601967,0,2,15
8709.0,cluster_12013799529_12013799530_473195061,4,2,21
8710.0,2496228891,0,2,15
8710.0,cluster_12013799525_12013799526_2496228894,0,0,15
8710.0,cluster_12013799527_12013799528_2190601967,0,2,15
8710.0,cluster_12013799529_12013799530_473195061,4,2,21
8711.0,cluster_12013799525_12013799526_2496228894,0,0,15
8711.0,cluster_12013799527_12013799528_2190601967,0,2,15
8711.0,cluster_12013799529_12013799530_473195061,4,2,21
8712.0,cluster_12013799525_12013799526_2496228894,0,0,15
8712.0,cluster_12013799527_12013799528_2190601967,0,2,15
8712.0,cluster_12013799529_12013799530_473195061,4,2,21
8713.0,cluster_12013799525_12013799526_2496228894,0,0,15
8713.0,cluster_12013799527_12013799528_2190601967,0,2,15
8713.0,cluster_12013799529_12013799530_473195061,4,2,21
8714.0,2496228891,5,0,21
8714.0,cluster_12013799525_12013799526_2496228894,0,0,15
8714.0,cluster_12013799527_12013799528_2190601967,0,2,15
8714.0,cluster_12013799529_12013799530_473195061,3,2,15
8715.0,2496228891,5,0,23
8715.0,cluster_12013799525_12013799526_2496228894,0,0,15
8715.0,cluster_12013799527_12013799528_2190601967,0,2,15
8715.0,cluster_12013799529_12013799530_473195061,3,2,15
8716.0,2496228891,5,0,23
8716.0,cluster_12013799525_12013799526_2496228894,0,0,15
8716.0,cluster_12013799527_12013799528_2190601967,0,2,15
8716.0,cluster_12013799529_12013799530_473195061,2,2,15
8717.0,2496228891,7,0,23
8717.0,cluster_12013799525_12013799526_2496228894,0,0,15
8717.0,cluster_12013799527_12013799528_2190601967,0,2,15
8717.0,cluster_12013799529_12013799530_473195061,2,2,15
8718.0,2496228891,6,0,23
8718.0,cluster_12013799525_12013799526_2496228894,0,0,15
8718.0,cluster_12013799527_12013799528_2190601967,0,2,15
8718.0,cluster_12013799529_12013799530_473195061,2,2,15
8719.0,2496228891,5,0,21
8719.0,cluster_12013799525_12013799526_2496228894,0,0,15
8719.0,cluster_12013799527_12013799528_2190601967,0,2,15
8719.0,cluster_12013799529_12013799530_473195061,2,2,15
8720.0,2496228891,5,0,23
8720.0,cluster_12013799525_12013799526_2496228894,0,0,15
8720.0,cluster_12013799527_12013799528_2190601967,0,2,15
8721.0,2496228891,2,0,15
8721.0,cluster_12013799525_12013799526_2496228894,0,0,15
8722.0,2496228891,1,0,15
8722.0,cluster_12013799525_12013799526_2496228894,0,0,15
8723.0,2496228891,3,0,15
8723.0,cluster_12013799525_12013799526_2496228894,0,0,15
8723.0,cluster_12013799529_12013799530_473195061,0,0,15
8724.0,2496228891,2,0,15
8724.0,cluster_12013799527_12013799528_2190601967,1,0,15
8724.0,cluster_12013799529_12013799530_473195061,0,0,15
8725.0,2496228891,2,0,15
8725.0,cluster_12013799527_12013799528_2190601967,0,0,15
8725.0,cluster_12013799529_12013799530_473195061,0,0,15
8726.0,2496228891,1,0,15
8726.0,cluster_12013799527_12013799528_2190601967,0,0,15
8726.0,cluster_12013799529_12013799530_473195061,0,0,15
8727.0,2496228891,1,0,15
8727.0,cluster_12013799525_12013799526_2496228894,7,2,21
8727.0,cluster_12013799527_12013799528_2190601967,0,0,15
8727.0,cluster_12013799529_12013799530_473195061,0,0,15
8728.0,2496228891,0,0,15
8728.0,cluster_12013799525_12013799526_2496228894,6,2,21
8728.0,cluster_12013799527_12013799528_2190601967,0,0,15
8728.0,cluster_12013799529_12013799530_473195061,0,0,15
8729.0,2496228891,1,0,15
8729.0,cluster_12013799525_12013799526_2496228894,6,2,23
8729.0,cluster_12013799527_12013799528_2190601967,0,0,15
8729.0,cluster_12013799529_12013799530_473195061,0,0,15
8730.0,2496228891,1,0,15
8730.0,cluster_12013799525_12013799526_2496228894,6,2,21
8730.0,cluster_12013799527_12013799528_2190601967,0,0,15
8730.0,cluster_12013799529_12013799530_473195061,0,0,15
8731.0,2496228891,1,0,15
8731.0,cluster_12013799525_12013799526_2496228894,6,2,21
8731.0,cluster_12013799527_12013799528_2190601967,0,0,15
8731.0,cluster_12013799529_12013799530_473195061,0,0,15
8732.0,2496228891,1,0,15
8732.0,cluster_12013799525_12013799526_2496228894,5,2,21
8732.0,cluster_12013799527_12013799528_2190601967,0,0,15
8732.0,cluster_12013799529_12013799530_473195061,0,0,15
8733.0,2496228891,2,0,15
8733.0,cluster_12013799525_12013799526_2496228894,6,2,23
8733.0,cluster_12013799527_12013799528_2190601967,1,0,15
8733.0,cluster_12013799529_12013799530_473195061,1,0,15
8734.0,2496228891,2,0,15
8734.0,cluster_12013799525_12013799526_2496228894,5,2,21
8734.0,cluster_12013799527_12013799528_2190601967,1,0,15
8734.0,cluster_12013799529_12013799530_473195061,1,0,15
8735.0,2496228891,2,0,15
8735.0,cluster_12013799525_12013799526_2496228894,4,2,21
8735.0,cluster_12013799527_12013799528_2190601967,1,0,15
8735.0,cluster_12013799529_12013799530_473195061,1,0,15
8736.0,cluster_12013799525_12013799526_2496228894,4,2,21
8736.0,cluster_12013799527_12013799528_2190601967,1,0,15
8736.0,cluster_12013799529_12013799530_473195061,1,0,15
8737.0,cluster_12013799525_12013799526_2496228894,5,2,23
8737.0,cluster_12013799527_12013799528_2190601967,2,0,15
8737.0,cluster_12013799529_12013799530_473195061,2,0,15
8738.0,cluster_12013799525_12013799526_2496228894,5,2,23
8738.0,cluster_12013799527_12013799528_2190601967,2,0,15
8738.0,cluster_12013799529_12013799530_473195061,2,0,15
8739.0,2496228891,2,2,15
8739.0,cluster_12013799525_12013799526_2496228894,4,2,23
8739.0,cluster_12013799527_12013799528_2190601967,2,0,15
8740.0,2496228891,2,2,15
8740.0,cluster_12013799525_12013799526_2496228894,4,2,21
8741.0,2496228891,2,2,15
8741.0,cluster_12013799525_12013799526_2496228894,3,2,15
8742.0,2496228891,3,2,15
8742.0,cluster_12013799525_12013799526_2496228894,4,2,21
8742.0,cluster_12013799529_12013799530_473195061,3,2,15
8743.0,2496228891,3,2,15
8743.0,cluster_12013799525_12013799526_2496228894,4,2,21
8743.0,cluster_12013799527_12013799528_2190601967,6,2,21
8743.0,cluster_12013799529_12013799530_473195061,3,2,15
8744.0,2496228891,3,2,15
8744.0,cluster_12013799525_12013799526_2496228894,4,2,21
8744.0,cluster_12013799527_12013799528_2190601967,5,2,21
8744.0,cluster_12013799529_12013799530_473195061,3,2,15
8745.0,2496228891,2,2,15
8745.0,cluster_12013799525_12013799526_2496228894,3,2,15
8745.0,cluster_12013799527_12013799528_2190601967,6,2,23
8745.0,cluster_12013799529_12013799530_473195061,4,2,23
8746.0,2496228891,3,2,15
8746.0,cluster_12013799525_12013799526_2496228894,4,2,21
8746.0,cluster_12013799527_12013799528_2190601967,6,2,21
8746.0,cluster_12013799529_12013799530_473195061,4,2,21
8747.0,2496228891,3,2,15
8747.0,cluster_12013799525_12013799526_2496228894,4,2,21
8747.0,cluster_12013799527_12013799528_2190601967,5,2,21
8747.0,cluster_12013799529_12013799530_473195061,4,2,21
8748.0,2496228891,3,2,15
8748.0,cluster_12013799525_12013799526_2496228894,4,2,21
8748.0,cluster_12013799527_12013799528_2190601967,5,2,21
8748.0,cluster_12013799529_12013799530_473195061,4,2,21
8749.0,2496228891,3,2,15
8749.0,cluster_12013799527_12013799528_2190601967,5,2,21
8749.0,cluster_12013799529_12013799530_473195061,6,2,23
8750.0,2496228891,3,2,15
8750.0,cluster_12013799527_12013799528_2190601967,4,2,21
8750.0,cluster_12013799529_12013799530_473195061,6,2,21
8751.0,2496228891,2,2,15
8751.0,cluster_12013799527_12013799528_2190601967,4,2,21
8751.0,cluster_12013799529_12013799530_473195061,6,2,21
8752.0,2496228891,2,2,15
8752.0,cluster_12013799525_12013799526_2496228894,4,0,21
8752.0,cluster_12013799527_12013799528_2190601967,4,2,21
8752.0,cluster_12013799529_12013799530_473195061,6,2,21
8753.0,2496228891,1,2,15
8753.0,cluster_12013799525_12013799526_2496228894,3,0,15
8753.0,cluster_12013799527_12013799528_2190601967,3,2,15
8753.0,cluster_12013799529_12013799530_473195061,7,2,23
8754.0,2496228891,1,2,15
8754.0,cluster_12013799525_12013799526_2496228894,3,0,15
8754.0,cluster_12013799527_12013799528_2190601967,3,2,15
8754.0,cluster_12013799529_12013799530_473195061,7,2,21
8755.0,cluster_12013799525_12013799526_2496228894,3,0,15
8755.0,cluster_12013799527_12013799528_2190601967,3,2,15
8755.0,cluster_12013799529_12013799530_473195061,7,2,21
8756.0,cluster_12013799525_12013799526_2496228894,3,0,15
8756.0,cluster_12013799527_12013799528_2190601967,3,2,15
8756.0,cluster_12013799529_12013799530_473195061,7,2,21
8757.0,cluster_12013799525_12013799526_2496228894,2,0,15
8757.0,cluster_12013799527_12013799528_2190601967,2,2,15
8757.0,cluster_12013799529_12013799530_473195061,8,2,24
8758.0,2496228891,5,0,21
8758.0,cluster_12013799525_12013799526_2496228894,2,0,15
8758.0,cluster_12013799527_12013799528_2190601967,3,2,15
8759.0,2496228891,5,0,21
8759.0,cluster_12013799525_12013799526_2496228894,2,0,15
8759.0,cluster_12013799527_12013799528_2190601967,3,2,15
8760.0,2496228891,5,0,21
8760.0,cluster_12013799525_12013799526_2496228894,1,0,15
8760.0,cluster_12013799527_12013799528_2190601967,3,2,15
8761.0,2496228891,4,0,21
8761.0,cluster_12013799525_12013799526_2496228894,1,0,15
8761.0,cluster_12013799527_12013799528_2190601967,3,2,15
8761.0,cluster_12013799529_12013799530_473195061,4,0,21
8762.0,2496228891,4,0,21
8762.0,cluster_12013799525_12013799526_2496228894,0,0,15
8762.0,cluster_12013799527_12013799528_2190601967,2,2,15
8762.0,cluster_12013799529_12013799530_473195061,4,0,21
8763.0,2496228891,4,0,21
8763.0,cluster_12013799525_12013799526_2496228894,0,0,15
8763.0,cluster_12013799527_12013799528_2190601967,3,2,15
8763.0,cluster_12013799529_12013799530_473195061,4,0,21
8764.0,2496228891,4,0,21
8764.0,cluster_12013799525_12013799526_2496228894,0,0,15
8764.0,cluster_12013799527_12013799528_2190601967,3,2,15
8764.0,cluster_12013799529_12013799530_473195061,4,0,21
8765.0,2496228891,3,0,15
8765.0,cluster_12013799525_12013799526_2496228894,0,0,15
8765.0,cluster_12013799529_12013799530_473195061,3,0,15
8766.0,2496228891,5,0,23
8766.0,cluster_12013799525_12013799526_2496228894,0,0,15
8766.0,cluster_12013799529_12013799530_473195061,3,0,15
8767.0,2496228891,5,0,21
8767.0,cluster_12013799525_12013799526_2496228894,0,0,15
8767.0,cluster_12013799529_12013799530_473195061,3,0,15
8768.0,2496228891,4,0,21
8768.0,cluster_12013799525_12013799526_2496228894,0,0,15
8768.0,cluster_12013799527_12013799528_2190601967,7,0,21
8768.0,cluster_12013799529_12013799530_473195061,2,0,15
8769.0,2496228891,6,0,23
8769.0,cluster_12013799525_12013799526_2496228894,0,0,15
8769.0,cluster_12013799527_12013799528_2190601967,6,0,21
8769.0,cluster_12013799529_12013799530_473195061,2,0,15
8770.0,2496228891,6,0,21
8770.0,cluster_12013799525_12013799526_2496228894,0,0,15
8770.0,cluster_12013799527_12013799528_2190601967,6,0,21
8770.0,cluster_12013799529_12013799530_473195061,2,0,15
8771.0,2496228891,3,0,15
8771.0,cluster_12013799525_12013799526_2496228894,0,0,15
8771.0,cluster_12013799527_12013799528_2190601967,6,0,21
8771.0,cluster_12013799529_12013799530_473195061,1,0,15
8772.0,2496228891,4,0,23
8772.0,cluster_12013799525_12013799526_2496228894,0,0,15
8772.0,cluster_12013799527_12013799528_2190601967,5,0,21
8772.0,cluster_12013799529_12013799530_473195061,1,0,15
8773.0,2496228891,2,0,15
8773.0,cluster_12013799525_12013799526_2496228894,0,0,15
8773.0,cluster_12013799527_12013799528_2190601967,5,0,21
8773.0,cluster_12013799529_12013799530_473195061,0,0,15
8774.0,2496228891,2,0,15
8774.0,cluster_12013799527_12013799528_2190601967,5,0,21
8774.0,cluster_12013799529_12013799530_473195061,0,0,15
8775.0,2496228891,2,0,15
8775.0,cluster_12013799527_12013799528_2190601967,4,0,21
8775.0,cluster_12013799529_12013799530_473195061,0,0,15
8776.0,2496228891,2,0,15
8776.0,cluster_12013799527_12013799528_2190601967,4,0,21
8776.0,cluster_12013799529_12013799530_473195061,0,0,15
8777.0,2496228891,2,0,15
8777.0,cluster_12013799525_12013799526_2496228894,1,2,15
8777.0,cluster_12013799527_12013799528_2190601967,4,0,21
8777.0,cluster_12013799529_12013799530_473195061,0,0,15
8778.0,2496228891,2,0,15
8778.0,cluster_12013799525_12013799526_2496228894,1,2,15
8778.0,cluster_12013799527_12013799528_2190601967,3,0,15
8778.0,cluster_12013799529_12013799530_473195061,0,0,15
8779.0,2496228891,2,0,15
8779.0,cluster_12013799525_12013799526_2496228894,1,2,15
8779.0,cluster_12013799527_12013799528_2190601967,3,0,15
8779.0,cluster_12013799529_12013799530_473195061,0,0,15
8780.0,cluster_12013799525_12013799526_2496228894,1,2,15
8780.0,cluster_12013799527_12013799528_2190601967,2,0,15
8780.0,cluster_12013799529_12013799530_473195061,0,0,15
8781.0,cluster_12013799525_12013799526_2496228894,1,2,15
8781.0,cluster_12013799527_12013799528_2190601967,2,0,15
8781.0,cluster_12013799529_12013799530_473195061,0,0,15
8782.0,cluster_12013799525_12013799526_2496228894,1,2,15
8782.0,cluster_12013799527_12013799528_2190601967,2,0,15
8782.0,cluster_12013799529_12013799530_473195061,0,0,15
8783.0,2496228891,1,2,15
8783.0,cluster_12013799525_12013799526_2496228894,1,2,15
8783.0,cluster_12013799527_12013799528_2190601967,1,0,15
8784.0,2496228891,0,2,15
8784.0,cluster_12013799525_12013799526_2496228894,0,2,15
8784.0,cluster_12013799527_12013799528_2190601967,1,0,15
8785.0,2496228891,0,2,15
8785.0,cluster_12013799525_12013799526_2496228894,0,2,15
8785.0,cluster_12013799527_12013799528_2190601967,0,0,15
8786.0,2496228891,0,2,15
8786.0,cluster_12013799525_12013799526_2496228894,0,2,15
8786.0,cluster_12013799527_12013799528_2190601967,0,0,15
8786.0,cluster_12013799529_12013799530_473195061,6,2,21
8787.0,2496228891,0,2,15
8787.0,cluster_12013799525_12013799526_2496228894,0,2,15
8787.0,cluster_12013799527_12013799528_2190601967,0,0,15
8787.0,cluster_12013799529_12013799530_473195061,5,2,23
8788.0,2496228891,0,2,15
8788.0,cluster_12013799525_12013799526_2496228894,1,2,15
8788.0,cluster_12013799527_12013799528_2190601967,0,0,15
8788.0,cluster_12013799529_12013799530_473195061,5,2,21
8789.0,2496228891,0,2,15
8789.0,cluster_12013799525_12013799526_2496228894,1,2,15
8789.0,cluster_12013799527_12013799528_2190601967,0,0,15
8789.0,cluster_12013799529_12013799530_473195061,5,2,21
8790.0,2496228891,0,2,15
8790.0,cluster_12013799525_12013799526_2496228894,1,2,15
8790.0,cluster_12013799529_12013799530_473195061,4,2,21
8791.0,2496228891,0,2,15
8791.0,cluster_12013799525_12013799526_2496228894,1,2,15
8791.0,cluster_12013799529_12013799530_473195061,4,2,21
8792.0,2496228891,0,2,15
8792.0,cluster_12013799525_12013799526_2496228894,1,2,15
8792.0,cluster_12013799529_12013799530_473195061,4,2,21
8793.0,2496228891,0,2,15
8793.0,cluster_12013799527_12013799528_2190601967,3,2,15
8793.0,cluster_12013799529_12013799530_473195061,3,2,15
8794.0,2496228891,0,2,15
8794.0,cluster_12013799527_12013799528_2190601967,3,2,15
8794.0,cluster_12013799529_12013799530_473195061,3,2,15
8795.0,2496228891,0,2,15
8795.0,cluster_12013799527_12013799528_2190601967,3,2,15
8795.0,cluster_12013799529_12013799530_473195061,3,2,15
8796.0,2496228891,0,2,15
8796.0,cluster_12013799525_12013799526_2496228894,0,0,15
8796.0,cluster_12013799527_12013799528_2190601967,3,2,15
8796.0,cluster_12013799529_12013799530_473195061,1,2,15
8797.0,2496228891,0,2,15
8797.0,cluster_12013799525_12013799526_2496228894,0,0,15
8797.0,cluster_12013799527_12013799528_2190601967,1,2,15
8797.0,cluster_12013799529_12013799530_473195061,2,2,15
8798.0,2496228891,0,2,15
8798.0,cluster_12013799525_12013799526_2496228894,0,0,15
8798.0,cluster_12013799527_12013799528_2190601967,1,2,15
8798.0,cluster_12013799529_12013799530_473195061,1,2,15
8799.0,cluster_12013799525_12013799526_2496228894,0,0,15
8799.0,cluster_12013799527_12013799528_2190601967,1,2,15
8799.0,cluster_12013799529_12013799530_473195061,1,2,15
8800.0,cluster_12013799525_12013799526_2496228894,0,0,15
8800.0,cluster_12013799527_12013799528_2190601967,0,2,15
8800.0,cluster_12013799529_12013799530_473195061,2,2,15
8801.0,cluster_12013799525_12013799526_2496228894,0,0,15
8801.0,cluster_12013799527_12013799528_2190601967,0,2,15
8801.0,cluster_12013799529_12013799530_473195061,2,2,15
8802.0,2496228891,3,0,15
8802.0,cluster_12013799525_12013799526_2496228894,0,0,15
8802.0,cluster_12013799527_12013799528_2190601967,0,2,15
8802.0,cluster_12013799529_12013799530_473195061,3,2,15
8803.0,2496228891,3,0,15
8803.0,cluster_12013799525_12013799526_2496228894,0,0,15
8803.0,cluster_12013799527_12013799528_2190601967,0,2,15
8803.0,cluster_12013799529_12013799530_473195061,3,2,15
8804.0,2496228891,3,0,15
8804.0,cluster_12013799525_12013799526_2496228894,0,0,15
8804.0,cluster_12013799527_12013799528_2190601967,0,2,15
8804.0,cluster_12013799529_12013799530_473195061,3,2,15
8805.0,2496228891,4,0,23
8805.0,cluster_12013799525_12013799526_2496228894,0,0,15
8805.0,cluster_12013799527_12013799528_2190601967,0,2,15
8805.0,cluster_12013799529_12013799530_473195061,3,2,15
8806.0,2496228891,4,0,21
8806.0,cluster_12013799525_12013799526_2496228894,0,0,15
8806.0,cluster_12013799527_12013799528_2190601967,0,2,15
8806.0,cluster_12013799529_12013799530_473195061,3,2,15
8807.0,2496228891,3,0,15
8807.0,cluster_12013799525_12013799526_2496228894,0,0,15
8807.0,cluster_12013799527_12013799528_2190601967,0,2,15
8807.0,cluster_12013799529_12013799530_473195061,3,2,15
8808.0,2496228891,3,0,15
8808.0,cluster_12013799525_12013799526_2496228894,0,0,15
8808.0,cluster_12013799527_12013799528_2190601967,0,2,15
8809.0,2496228891,3,0,15
8809.0,cluster_12013799525_12013799526_2496228894,0,0,15
8810.0,2496228891,3,0,15
8810.0,cluster_12013799525_12013799526_2496228894,1,0,15
8811.0,2496228891,3,0,15
8811.0,cluster_12013799525_12013799526_2496228894,1,0,15
8811.0,cluster_12013799529_12013799530_473195061,1,0,15
8812.0,2496228891,2,0,15
8812.0,cluster_12013799527_12013799528_2190601967,1,0,15
8812.0,cluster_12013799529_12013799530_473195061,1,0,15
8813.0,2496228891,2,0,15
8813.0,cluster_12013799527_12013799528_2190601967,1,0,15
8813.0,cluster_12013799529_12013799530_473195061,1,0,15
8814.0,2496228891,3,0,15
8814.0,cluster_12013799527_12013799528_2190601967,2,0,15
8814.0,cluster_12013799529_12013799530_473195061,2,0,15
8815.0,2496228891,2,0,15
8815.0,cluster_12013799525_12013799526_2496228894,6,2,21
8815.0,cluster_12013799527_12013799528_2190601967,2,0,15
8815.0,cluster_12013799529_12013799530_473195061,2,0,15
8816.0,2496228891,2,0,15
8816.0,cluster_12013799525_12013799526_2496228894,7,2,23
8816.0,cluster_12013799527_12013799528_2190601967,2,0,15
8816.0,cluster_12013799529_12013799530_473195061,2,0,15
8817.0,2496228891,2,0,15
8817.0,cluster_12013799525_12013799526_2496228894,7,2,23
8817.0,cluster_12013799527_12013799528_2190601967,2,0,15
8817.0,cluster_12013799529_12013799530_473195061,2,0,15
8818.0,cluster_12013799525_12013799526_2496228894,7,2,21
8818.0,cluster_12013799527_12013799528_2190601967,3,0,15
8818.0,cluster_12013799529_12013799530_473195061,3,0,15
8819.0,cluster_12013799525_12013799526_2496228894,7,2,23
8819.0,cluster_12013799527_12013799528_2190601967,3,0,15
8819.0,cluster_12013799529_12013799530_473195061,3,0,15
8820.0,cluster_12013799525_12013799526_2496228894,7,2,21
8820.0,cluster_12013799527_12013799528_2190601967,3,0,15
8820.0,cluster_12013799529_12013799530_473195061,3,0,15
8821.0,2496228891,3,2,15
8821.0,cluster_12013799525_12013799526_2496228894,6,2,21
8821.0,cluster_12013799527_12013799528_2190601967,3,0,15
8821.0,cluster_12013799529_12013799530_473195061,3,0,15
8822.0,2496228891,2,2,15
8822.0,cluster_12013799525_12013799526_2496228894,5,2,21
8822.0,cluster_12013799527_12013799528_2190601967,4,0,23
8822.0,cluster_12013799529_12013799530_473195061,4,0,23
8823.0,2496228891,3,2,15
8823.0,cluster_12013799525_12013799526_2496228894,5,2,21
8823.0,cluster_12013799527_12013799528_2190601967,4,0,21
8823.0,cluster_12013799529_12013799530_473195061,4,0,21
8824.0,2496228891,3,2,15
8824.0,cluster_12013799525_12013799526_2496228894,5,2,21
8824.0,cluster_12013799527_12013799528_2190601967,4,0,21
8824.0,cluster_12013799529_12013799530_473195061,4,0,21
8825.0,2496228891,3,2,15
8825.0,cluster_12013799525_12013799526_2496228894,5,2,23
8825.0,cluster_12013799527_12013799528_2190601967,4,0,21
8825.0,cluster_12013799529_12013799530_473195061,4,0,21
8826.0,2496228891,2,2,15
8826.0,cluster_12013799525_12013799526_2496228894,4,2,21
8826.0,cluster_12013799527_12013799528_2190601967,4,0,21
8826.0,cluster_12013799529_12013799530_473195061,4,0,21
8827.0,2496228891,3,2,15
8827.0,cluster_12013799525_12013799526_2496228894,4,2,21
8827.0,cluster_12013799527_12013799528_2190601967,4,0,21
8828.0,2496228891,2,2,15
8828.0,cluster_12013799525_12013799526_2496228894,2,2,15
8829.0,2496228891,2,2,15
8829.0,cluster_12013799525_12013799526_2496228894,3,2,15
8830.0,2496228891,1,2,15
8830.0,cluster_12013799525_12013799526_2496228894,2,2,15
8830.0,cluster_12013799529_12013799530_473195061,7,2,22
8831.0,2496228891,1,2,15
8831.0,cluster_12013799525_12013799526_2496228894,2,2,15
8831.0,cluster_12013799527_12013799528_2190601967,4,2,21
8831.0,cluster_12013799529_12013799530_473195061,6,2,21
8832.0,2496228891,1,2,15
8832.0,cluster_12013799525_12013799526_2496228894,3,2,15
8832.0,cluster_12013799527_12013799528_2190601967,5,2,23
8832.0,cluster_12013799529_12013799530_473195061,6,2,21
8833.0,2496228891,1,2,15
8833.0,cluster_12013799525_12013799526_2496228894,3,2,15
8833.0,cluster_12013799527_12013799528_2190601967,5,2,21
8833.0,cluster_12013799529_12013799530_473195061,7,2,23
8834.0,2496228891,1,2,15
8834.0,cluster_12013799525_12013799526_2496228894,3,2,15
8834.0,cluster_12013799527_12013799528_2190601967,5,2,21
8834.0,cluster_12013799529_12013799530_473195061,7,2,23
8835.0,2496228891,1,2,15
8835.0,cluster_12013799525_12013799526_2496228894,3,2,15
8835.0,cluster_12013799527_12013799528_2190601967,5,2,21
8835.0,cluster_12013799529_12013799530_473195061,7,2,21
8836.0,2496228891,0,2,15
8836.0,cluster_12013799525_12013799526_2496228894,2,2,15
8836.0,cluster_12013799527_12013799528_2190601967,5,2,21
8836.0,cluster_12013799529_12013799530_473195061,7,2,21
8837.0,cluster_12013799527_12013799528_2190601967,5,2,21
8837.0,cluster_12013799529_12013799530_473195061,7,2,21
8838.0,cluster_12013799527_12013799528_2190601967,4,2,21
8838.0,cluster_12013799529_12013799530_473195061,7,2,21
8839.0,cluster_12013799527_12013799528_2190601967,4,2,21
8839.0,cluster_12013799529_12013799530_473195061,7,2,21
8840.0,2496228891,4,0,21
8840.0,cluster_12013799525_12013799526_2496228894,3,0,15
8840.0,cluster_12013799527_12013799528_2190601967,3,2,15
8840.0,cluster_12013799529_12013799530_473195061,7,2,21
8841.0,2496228891,5,0,23
8841.0,cluster_12013799525_12013799526_2496228894,3,0,15
8841.0,cluster_12013799527_12013799528_2190601967,3,2,15
8841.0,cluster_12013799529_12013799530_473195061,7,2,21
8842.0,2496228891,5,0,21
8842.0,cluster_12013799525_12013799526_2496228894,3,0,15
8842.0,cluster_12013799527_12013799528_2190601967,3,2,15
8842.0,cluster_12013799529_12013799530_473195061,6,2,21
8843.0,2496228891,6,0,23
8843.0,cluster_12013799525_12013799526_2496228894,3,0,15
8843.0,cluster_12013799527_12013799528_2190601967,3,2,15
8843.0,cluster_12013799529_12013799530_473195061,6,2,21
8844.0,2496228891,6,0,21
8844.0,cluster_12013799525_12013799526_2496228894,3,0,15
8844.0,cluster_12013799527_12013799528_2190601967,3,2,15
8844.0,cluster_12013799529_12013799530_473195061,6,2,21
8845.0,2496228891,6,0,21
8845.0,cluster_12013799525_12013799526_2496228894,2,0,15
8845.0,cluster_12013799527_12013799528_2190601967,2,2,15
8845.0,cluster_12013799529_12013799530_473195061,6,2,21
8846.0,2496228891,6,0,21
8846.0,cluster_12013799525_12013799526_2496228894,2,0,15
8846.0,cluster_12013799527_12013799528_2190601967,3,2,15
8846.0,cluster_12013799529_12013799530_473195061,6,2,21
8847.0,2496228891,6,0,23
8847.0,cluster_12013799525_12013799526_2496228894,2,0,15
8847.0,cluster_12013799527_12013799528_2190601967,3,2,15
8847.0,cluster_12013799529_12013799530_473195061,6,2,21
8848.0,2496228891,5,0,23
8848.0,cluster_12013799525_12013799526_2496228894,1,0,15
8848.0,cluster_12013799527_12013799528_2190601967,3,2,15
8848.0,cluster_12013799529_12013799530_473195061,6,2,21
8849.0,2496228891,4,0,21
8849.0,cluster_12013799525_12013799526_2496228894,1,0,15
8849.0,cluster_12013799527_12013799528_2190601967,3,2,15
8849.0,cluster_12013799529_12013799530_473195061,6,2,21
8850.0,2496228891,4,0,21
8850.0,cluster_12013799525_12013799526_2496228894,0,0,15
8850.0,cluster_12013799527_12013799528_2190601967,2,2,15
8850.0,cluster_12013799529_12013799530_473195061,6,2,21
8851.0,2496228891,4,0,21
8851.0,cluster_12013799525_12013799526_2496228894,0,0,15
8851.0,cluster_12013799527_12013799528_2190601967,3,2,15
8851.0,cluster_12013799529_12013799530_473195061,6,2,21
8852.0,2496228891,4,0,21
8852.0,cluster_12013799525_12013799526_2496228894,0,0,15
8852.0,cluster_12013799527_12013799528_2190601967,3,2,15
8852.0,cluster_12013799529_12013799530_473195061,6,2,21
8853.0,2496228891,4,0,21
8853.0,cluster_12013799525_12013799526_2496228894,0,0,15
8854.0,2496228891,4,0,21
8854.0,cluster_12013799525_12013799526_2496228894,0,0,15
8855.0,2496228891,4,0,21
8855.0,cluster_12013799525_12013799526_2496228894,0,0,15
8856.0,2496228891,3,0,15
8856.0,cluster_12013799527_12013799528_2190601967,6,0,21
8856.0,cluster_12013799529_12013799530_473195061,3,0,15
8857.0,2496228891,3,0,15
8857.0,cluster_12013799527_12013799528_2190601967,5,0,21
8857.0,cluster_12013799529_12013799530_473195061,3,0,15
8858.0,2496228891,3,0,15
8858.0,cluster_12013799527_12013799528_2190601967,5,0,21
8858.0,cluster_12013799529_12013799530_473195061,3,0,15
8859.0,2496228891,3,0,15
8859.0,cluster_12013799525_12013799526_2496228894,3,2,15
8859.0,cluster_12013799527_12013799528_2190601967,5,0,21
8859.0,cluster_12013799529_12013799530_473195061,3,0,15
8860.0,2496228891,3,0,15
8860.0,cluster_12013799525_12013799526_2496228894,2,2,15
8860.0,cluster_12013799527_12013799528_2190601967,5,0,21
8860.0,cluster_12013799529_12013799530_473195061,3,0,15
8861.0,2496228891,4,0,23
8861.0,cluster_12013799525_12013799526_2496228894,2,2,15
8861.0,cluster_12013799527_12013799528_2190601967,4,0,21
8861.0,cluster_12013799529_12013799530_473195061,2,0,15
8862.0,cluster_12013799525_12013799526_2496228894,2,2,15
8862.0,cluster_12013799527_12013799528_2190601967,4,0,21
8862.0,cluster_12013799529_12013799530_473195061,2,0,15
8863.0,cluster_12013799525_12013799526_2496228894,1,2,15
8863.0,cluster_12013799527_12013799528_2190601967,3,0,15
8863.0,cluster_12013799529_12013799530_473195061,1,0,15
8864.0,cluster_12013799525_12013799526_2496228894,1,2,15
8864.0,cluster_12013799527_12013799528_2190601967,3,0,15
8864.0,cluster_12013799529_12013799530_473195061,1,0,15
8865.0,2496228891,0,2,15
8865.0,cluster_12013799525_12013799526_2496228894,1,2,15
8865.0,cluster_12013799527_12013799528_2190601967,3,0,15
8865.0,cluster_12013799529_12013799530_473195061,1,0,15
8866.0,2496228891,0,2,15
8866.0,cluster_12013799525_12013799526_2496228894,0,2,15
8866.0,cluster_12013799527_12013799528_2190601967,2,0,15
8866.0,cluster_12013799529_12013799530_473195061,0,0,15
8867.0,2496228891,0,2,15
8867.0,cluster_12013799525_12013799526_2496228894,0,2,15
8867.0,cluster_12013799527_12013799528_2190601967,2,0,15
8867.0,cluster_12013799529_12013799530_473195061,0,0,15
8868.0,2496228891,0,2,15
8868.0,cluster_12013799525_12013799526_2496228894,0,2,15
8868.0,cluster_12013799527_12013799528_2190601967,1,0,15
8868.0,cluster_12013799529_12013799530_473195061,0,0,15
8869.0,2496228891,0,2,15
8869.0,cluster_12013799525_12013799526_2496228894,0,2,15
8869.0,cluster_12013799527_12013799528_2190601967,1,0,15
8869.0,cluster_12013799529_12013799530_473195061,0,0,15
8870.0,2496228891,0,2,15
8870.0,cluster_12013799525_12013799526_2496228894,0,2,15
8870.0,cluster_12013799527_12013799528_2190601967,0,0,15
8870.0,cluster_12013799529_12013799530_473195061,0,0,15
8871.0,2496228891,0,2,15
8871.0,cluster_12013799525_12013799526_2496228894,0,2,15
8871.0,cluster_12013799527_12013799528_2190601967,0,0,15
8871.0,cluster_12013799529_12013799530_473195061,0,0,15
8872.0,2496228891,0,2,15
8872.0,cluster_12013799525_12013799526_2496228894,0,2,15
8872.0,cluster_12013799527_12013799528_2190601967,0,0,15
8873.0,2496228891,0,2,15
8873.0,cluster_12013799525_12013799526_2496228894,0,2,15
8873.0,cluster_12013799527_12013799528_2190601967,0,0,15
8874.0,2496228891,0,2,15
8874.0,cluster_12013799525_12013799526_2496228894,0,2,15
8874.0,cluster_12013799527_12013799528_2190601967,0,0,15
8875.0,2496228891,0,2,15
8875.0,cluster_12013799527_12013799528_2190601967,0,0,15
8875.0,cluster_12013799529_12013799530_473195061,5,2,21
8876.0,2496228891,0,2,15
8876.0,cluster_12013799527_12013799528_2190601967,0,0,15
8876.0,cluster_12013799529_12013799530_473195061,4,2,21
8877.0,2496228891,0,2,15
8877.0,cluster_12013799527_12013799528_2190601967,0,0,15
8877.0,cluster_12013799529_12013799530_473195061,4,2,21
8878.0,2496228891,0,2,15
8878.0,cluster_12013799525_12013799526_2496228894,0,0,15
8878.0,cluster_12013799529_12013799530_473195061,3,2,15
8879.0,2496228891,0,2,15
8879.0,cluster_12013799525_12013799526_2496228894,0,0,15
8879.0,cluster_12013799529_12013799530_473195061,3,2,15
8880.0,2496228891,0,2,15
8880.0,cluster_12013799525_12013799526_2496228894,0,0,15
8880.0,cluster_12013799529_12013799530_473195061,2,2,15
8881.0,cluster_12013799525_12013799526_2496228894,0,0,15
8881.0,cluster_12013799527_12013799528_2190601967,5,2,21
8881.0,cluster_12013799529_12013799530_473195061,2,2,15
8882.0,cluster_12013799525_12013799526_2496228894,0,0,15
8882.0,cluster_12013799527_12013799528_2190601967,4,2,21
8882.0,cluster_12013799529_12013799530_473195061,2,2,15
8883.0,cluster_12013799525_12013799526_2496228894,0,0,15
8883.0,cluster_12013799527_12013799528_2190601967,4,2,21
8883.0,cluster_12013799529_12013799530_473195061,1,2,15
8884.0,2496228891,4,0,21
8884.0,cluster_12013799525_12013799526_2496228894,0,0,15
8884.0,cluster_12013799527_12013799528_2190601967,4,2,21
8884.0,cluster_12013799529_12013799530_473195061,0,2,15
8885.0,2496228891,4,0,23
8885.0,cluster_12013799525_12013799526_2496228894,0,0,15
8885.0,cluster_12013799527_12013799528_2190601967,3,2,15
8885.0,cluster_12013799529_12013799530_473195061,0,2,15
8886.0,2496228891,3,0,15
8886.0,cluster_12013799525_12013799526_2496228894,0,0,15
8886.0,cluster_12013799527_12013799528_2190601967,2,2,15
8886.0,cluster_12013799529_12013799530_473195061,1,2,15
8887.0,2496228891,6,0,23
8887.0,cluster_12013799525_12013799526_2496228894,1,0,15
8887.0,cluster_12013799527_12013799528_2190601967,3,2,15
8887.0,cluster_12013799529_12013799530_473195061,2,2,15
8888.0,2496228891,6,0,23
8888.0,cluster_12013799525_12013799526_2496228894,1,0,15
8888.0,cluster_12013799527_12013799528_2190601967,3,2,15
8888.0,cluster_12013799529_12013799530_473195061,2,2,15
8889.0,2496228891,5,0,21
8889.0,cluster_12013799525_12013799526_2496228894,1,0,15
8889.0,cluster_12013799527_12013799528_2190601967,2,2,15
8889.0,cluster_12013799529_12013799530_473195061,3,2,15
8890.0,2496228891,5,0,23
8890.0,cluster_12013799525_12013799526_2496228894,1,0,15
8890.0,cluster_12013799527_12013799528_2190601967,2,2,15
8890.0,cluster_12013799529_12013799530_473195061,3,2,15
8891.0,2496228891,4,0,23
8891.0,cluster_12013799525_12013799526_2496228894,2,0,15
8891.0,cluster_12013799527_12013799528_2190601967,2,2,15
8891.0,cluster_12013799529_12013799530_473195061,5,2,23
8892.0,2496228891,4,0,21
8892.0,cluster_12013799525_12013799526_2496228894,2,0,15
8892.0,cluster_12013799527_12013799528_2190601967,2,2,15
8892.0,cluster_12013799529_12013799530_473195061,5,2,21
8893.0,2496228891,4,0,23
8893.0,cluster_12013799525_12013799526_2496228894,2,0,15
8893.0,cluster_12013799527_12013799528_2190601967,2,2,15
8893.0,cluster_12013799529_12013799530_473195061,6,2,23
8894.0,2496228891,3,0,15
8894.0,cluster_12013799527_12013799528_2190601967,2,2,15
8894.0,cluster_12013799529_12013799530_473195061,6,2,21
8895.0,2496228891,4,0,23
8895.0,cluster_12013799527_12013799528_2190601967,3,2,15
8895.0,cluster_12013799529_12013799530_473195061,7,2,23
8896.0,2496228891,3,0,15
8896.0,cluster_12013799527_12013799528_2190601967,3,2,15
8896.0,cluster_12013799529_12013799530_473195061,7,2,21
8897.0,2496228891,3,0,15
8897.0,cluster_12013799525_12013799526_2496228894,8,2,21
8897.0,cluster_12013799527_12013799528_2190601967,3,2,15
8898.0,2496228891,3,0,15
8898.0,cluster_12013799525_12013799526_2496228894,8,2,24
8898.0,cluster_12013799527_12013799528_2190601967,3,2,15
8899.0,2496228891,4,0,23
8899.0,cluster_12013799525_12013799526_2496228894,8,2,21
8899.0,cluster_12013799527_12013799528_2190601967,4,2,23
8900.0,2496228891,4,0,21
8900.0,cluster_12013799525_12013799526_2496228894,7,2,23
8900.0,cluster_12013799527_12013799528_2190601967,4,2,21
8900.0,cluster_12013799529_12013799530_473195061,4,0,21
8901.0,2496228891,4,0,21
8901.0,cluster_12013799525_12013799526_2496228894,7,2,21
8901.0,cluster_12013799527_12013799528_2190601967,4,2,21
8901.0,cluster_12013799529_12013799530_473195061,4,0,21
8902.0,2496228891,4,0,21
8902.0,cluster_12013799525_12013799526_2496228894,6,2,21
8902.0,cluster_12013799527_12013799528_2190601967,4,2,21
8902.0,cluster_12013799529_12013799530_473195061,4,0,21
8903.0,2496228891,5,0,23
8903.0,cluster_12013799525_12013799526_2496228894,6,2,21
8903.0,cluster_12013799529_12013799530_473195061,5,0,21
8904.0,2496228891,4,0,21
8904.0,cluster_12013799525_12013799526_2496228894,5,2,23
8904.0,cluster_12013799529_12013799530_473195061,4,0,21
8905.0,2496228891,4,0,21
8905.0,cluster_12013799525_12013799526_2496228894,5,2,21
8905.0,cluster_12013799529_12013799530_473195061,4,0,21
8906.0,cluster_12013799525_12013799526_2496228894,4,2,21
8906.0,cluster_12013799527_12013799528_2190601967,5,0,21
8906.0,cluster_12013799529_12013799530_473195061,4,0,21
8907.0,cluster_12013799525_12013799526_2496228894,4,2,21
8907.0,cluster_12013799527_12013799528_2190601967,5,0,21
8907.0,cluster_12013799529_12013799530_473195061,4,0,21
8908.0,cluster_12013799525_12013799526_2496228894,3,2,15
8908.0,cluster_12013799527_12013799528_2190601967,5,0,21
8908.0,cluster_12013799529_12013799530_473195061,3,0,15
8909.0,2496228891,3,2,15
8909.0,cluster_12013799525_12013799526_2496228894,3,2,15
8909.0,cluster_12013799527_12013799528_2190601967,5,0,21
8909.0,cluster_12013799529_12013799530_473195061,3,0,15
8910.0,2496228891,2,2,15
8910.0,cluster_12013799525_12013799526_2496228894,2,2,15
8910.0,cluster_12013799527_12013799528_2190601967,4,0,21
8910.0,cluster_12013799529_12013799530_473195061,3,0,15
8911.0,2496228891,2,2,15
8911.0,cluster_12013799525_12013799526_2496228894,2,2,15
8911.0,cluster_12013799527_12013799528_2190601967,5,0,23
8911.0,cluster_12013799529_12013799530_473195061,3,0,15
8912.0,2496228891,2,2,15
8912.0,cluster_12013799525_12013799526_2496228894,2,2,15
8912.0,cluster_12013799527_12013799528_2190601967,5,0,21
8912.0,cluster_12013799529_12013799530_473195061,3,0,15
8913.0,2496228891,1,2,15
8913.0,cluster_12013799525_12013799526_2496228894,1,2,15
8913.0,cluster_12013799527_12013799528_2190601967,4,0,21
8913.0,cluster_12013799529_12013799530_473195061,2,0,15
8914.0,2496228891,1,2,15
8914.0,cluster_12013799525_12013799526_2496228894,2,2,15
8914.0,cluster_12013799527_12013799528_2190601967,4,0,21
8914.0,cluster_12013799529_12013799530_473195061,2,0,15
8915.0,2496228891,1,2,15
8915.0,cluster_12013799525_12013799526_2496228894,2,2,15
8915.0,cluster_12013799527_12013799528_2190601967,4,0,21
8915.0,cluster_12013799529_12013799530_473195061,2,0,15
8916.0,2496228891,0,2,15
8916.0,cluster_12013799525_12013799526_2496228894,2,2,15
8916.0,cluster_12013799527_12013799528_2190601967,3,0,15
8916.0,cluster_12013799529_12013799530_473195061,2,0,15
8917.0,2496228891,0,2,15
8917.0,cluster_12013799525_12013799526_2496228894,2,2,15
8917.0,cluster_12013799527_12013799528_2190601967,3,0,15
8917.0,cluster_12013799529_12013799530_473195061,1,0,15
8918.0,2496228891,0,2,15
8918.0,cluster_12013799525_12013799526_2496228894,3,2,15
8918.0,cluster_12013799527_12013799528_2190601967,3,0,15
8918.0,cluster_12013799529_12013799530_473195061,1,0,15
8919.0,2496228891,0,2,15
8919.0,cluster_12013799527_12013799528_2190601967,2,0,15
8919.0,cluster_12013799529_12013799530_473195061,1,0,15
8920.0,2496228891,0,2,15
8920.0,cluster_12013799527_12013799528_2190601967,2,0,15
8920.0,cluster_12013799529_12013799530_473195061,1,0,15
8921.0,2496228891,0,2,15
8921.0,cluster_12013799527_12013799528_2190601967,2,0,15
8921.0,cluster_12013799529_12013799530_473195061,0,0,15
8922.0,2496228891,0,2,15
8922.0,cluster_12013799525_12013799526_2496228894,4,0,21
8922.0,cluster_12013799527_12013799528_2190601967,2,0,15
8923.0,2496228891,0,2,15
8923.0,cluster_12013799525_12013799526_2496228894,3,0,15
8923.0,cluster_12013799527_12013799528_2190601967,2,0,15
8924.0,2496228891,0,2,15
8924.0,cluster_12013799525_12013799526_2496228894,3,0,15
8924.0,cluster_12013799527_12013799528_2190601967,2,0,15
8925.0,cluster_12013799525_12013799526_2496228894,3,0,15
8925.0,cluster_12013799527_12013799528_2190601967,1,0,15
8925.0,cluster_12013799529_12013799530_473195061,8,2,21
8926.0,cluster_12013799525_12013799526_2496228894,2,0,15
8926.0,cluster_12013799527_12013799528_2190601967,1,0,15
8926.0,cluster_12013799529_12013799530_473195061,6,2,21
8927.0,cluster_12013799525_12013799526_2496228894,2,0,15
8927.0,cluster_12013799527_12013799528_2190601967,1,0,15
8927.0,cluster_12013799529_12013799530_473195061,7,2,23
8928.0,2496228891,2,0,15
8928.0,cluster_12013799525_12013799526_2496228894,2,0,15
8928.0,cluster_12013799529_12013799530_473195061,7,2,21
8929.0,2496228891,1,0,15
8929.0,cluster_12013799525_12013799526_2496228894,1,0,15
8929.0,cluster_12013799529_12013799530_473195061,7,2,21
8930.0,2496228891,2,0,15
8930.0,cluster_12013799525_12013799526_2496228894,1,0,15
8930.0,cluster_12013799529_12013799530_473195061,5,2,21
8931.0,2496228891,2,0,15
8931.0,cluster_12013799525_12013799526_2496228894,1,0,15
8931.0,cluster_12013799527_12013799528_2190601967,3,2,15
8931.0,cluster_12013799529_12013799530_473195061,5,2,21
8932.0,2496228891,3,0,15
8932.0,cluster_12013799525_12013799526_2496228894,0,0,15
8932.0,cluster_12013799527_12013799528_2190601967,2,2,15
8932.0,cluster_12013799529_12013799530_473195061,5,2,21
8933.0,2496228891,3,0,15
8933.0,cluster_12013799525_12013799526_2496228894,0,0,15
8933.0,cluster_12013799527_12013799528_2190601967,3,2,15
8933.0,cluster_12013799529_12013799530_473195061,4,2,21
8934.0,2496228891,3,0,15
8934.0,cluster_12013799525_12013799526_2496228894,0,0,15
8934.0,cluster_12013799527_12013799528_2190601967,3,2,15
8934.0,cluster_12013799529_12013799530_473195061,4,2,21
8935.0,2496228891,3,0,15
8935.0,cluster_12013799525_12013799526_2496228894,0,0,15
8935.0,cluster_12013799527_12013799528_2190601967,4,2,23
8935.0,cluster_12013799529_12013799530_473195061,3,2,15
8936.0,2496228891,3,0,15
8936.0,cluster_12013799525_12013799526_2496228894,0,0,15
8936.0,cluster_12013799527_12013799528_2190601967,3,2,15
8936.0,cluster_12013799529_12013799530_473195061,3,2,15
8937.0,2496228891,3,0,15
8937.0,cluster_12013799525_12013799526_2496228894,0,0,15
8937.0,cluster_12013799527_12013799528_2190601967,4,2,23
8937.0,cluster_12013799529_12013799530_473195061,2,2,15
8938.0,2496228891,3,0,15
8938.0,cluster_12013799525_12013799526_2496228894,0,0,15
8938.0,cluster_12013799527_12013799528_2190601967,4,2,21
8938.0,cluster_12013799529_12013799530_473195061,1,2,15
8939.0,2496228891,4,0,23
8939.0,cluster_12013799525_12013799526_2496228894,0,0,15
8939.0,cluster_12013799527_12013799528_2190601967,4,2,21
8939.0,cluster_12013799529_12013799530_473195061,1,2,15
8940.0,2496228891,2,0,15
8940.0,cluster_12013799525_12013799526_2496228894,0,0,15
8940.0,cluster_12013799527_12013799528_2190601967,3,2,15
8940.0,cluster_12013799529_12013799530_473195061,1,2,15
8941.0,2496228891,3,0,15
8941.0,cluster_12013799525_12013799526_2496228894,0,0,15
8941.0,cluster_12013799527_12013799528_2190601967,2,2,15
8941.0,cluster_12013799529_12013799530_473195061,1,2,15
8942.0,2496228891,3,0,15
8942.0,cluster_12013799525_12013799526_2496228894,0,0,15
8942.0,cluster_12013799527_12013799528_2190601967,1,2,15
8942.0,cluster_12013799529_12013799530_473195061,1,2,15
8943.0,2496228891,3,0,15
8943.0,cluster_12013799525_12013799526_2496228894,0,0,15
8943.0,cluster_12013799527_12013799528_2190601967,2,2,15
8943.0,cluster_12013799529_12013799530_473195061,2,2,15
8944.0,cluster_12013799527_12013799528_2190601967,2,2,15
8944.0,cluster_12013799529_12013799530_473195061,2,2,15
8945.0,cluster_12013799527_12013799528_2190601967,2,2,15
8945.0,cluster_12013799529_12013799530_473195061,2,2,15
8946.0,cluster_12013799527_12013799528_2190601967,2,2,15
8946.0,cluster_12013799529_12013799530_473195061,2,2,15
8947.0,2496228891,0,2,15
8947.0,cluster_12013799525_12013799526_2496228894,5,2,21
8948.0,2496228891,0,2,15
8948.0,cluster_12013799525_12013799526_2496228894,5,2,21
8949.0,2496228891,0,2,15
8949.0,cluster_12013799525_12013799526_2496228894,5,2,21
8950.0,2496228891,0,2,15
8950.0,cluster_12013799525_12013799526_2496228894,5,2,21
8950.0,cluster_12013799527_12013799528_2190601967,1,0,15
8950.0,cluster_12013799529_12013799530_473195061,0,0,15
8951.0,2496228891,0,2,15
8951.0,cluster_12013799525_12013799526_2496228894,3,2,15
8951.0,cluster_12013799527_12013799528_2190601967,0,0,15
8951.0,cluster_12013799529_12013799530_473195061,0,0,15
8952.0,2496228891,0,2,15
8952.0,cluster_12013799525_12013799526_2496228894,3,2,15
8952.0,cluster_12013799527_12013799528_2190601967,0,0,15
8952.0,cluster_12013799529_12013799530_473195061,0,0,15
8953.0,2496228891,0,2,15
8953.0,cluster_12013799525_12013799526_2496228894,3,2,15
8953.0,cluster_12013799527_12013799528_2190601967,0,0,15
8953.0,cluster_12013799529_12013799530_473195061,0,0,15
8954.0,2496228891,0,2,15
8954.0,cluster_12013799525_12013799526_2496228894,2,2,15
8954.0,cluster_12013799527_12013799528_2190601967,0,0,15
8954.0,cluster_12013799529_12013799530_473195061,0,0,15
8955.0,2496228891,0,2,15
8955.0,cluster_12013799525_12013799526_2496228894,2,2,15
8955.0,cluster_12013799527_12013799528_2190601967,0,0,15
8955.0,cluster_12013799529_12013799530_473195061,0,0,15
8956.0,2496228891,0,2,15
8956.0,cluster_12013799525_12013799526_2496228894,2,2,15
8956.0,cluster_12013799527_12013799528_2190601967,0,0,15
8956.0,cluster_12013799529_12013799530_473195061,0,0,15
8957.0,2496228891,0,2,15
8957.0,cluster_12013799525_12013799526_2496228894,1,2,15
8957.0,cluster_12013799527_12013799528_2190601967,0,0,15
8957.0,cluster_12013799529_12013799530_473195061,0,0,15
8958.0,2496228891,0,2,15
8958.0,cluster_12013799525_12013799526_2496228894,1,2,15
8958.0,cluster_12013799527_12013799528_2190601967,0,0,15
8958.0,cluster_12013799529_12013799530_473195061,0,0,15
8959.0,2496228891,0,2,15
8959.0,cluster_12013799525_12013799526_2496228894,0,2,15
8959.0,cluster_12013799527_12013799528_2190601967,0,0,15
8959.0,cluster_12013799529_12013799530_473195061,0,0,15
8960.0,2496228891,0,2,15
8960.0,cluster_12013799525_12013799526_2496228894,0,2,15
8960.0,cluster_12013799527_12013799528_2190601967,0,0,15
8960.0,cluster_12013799529_12013799530_473195061,0,0,15
8961.0,2496228891,0,2,15
8961.0,cluster_12013799525_12013799526_2496228894,0,2,15
8961.0,cluster_12013799527_12013799528_2190601967,0,0,15
8961.0,cluster_12013799529_12013799530_473195061,0,0,15
8962.0,2496228891,0,2,15
8962.0,cluster_12013799525_12013799526_2496228894,0,2,15
8962.0,cluster_12013799527_12013799528_2190601967,0,0,15
8962.0,cluster_12013799529_12013799530_473195061,0,0,15
8963.0,cluster_12013799525_12013799526_2496228894,1,2,15
8963.0,cluster_12013799527_12013799528_2190601967,1,0,15
8963.0,cluster_12013799529_12013799530_473195061,1,0,15
8964.0,cluster_12013799525_12013799526_2496228894,1,2,15
8964.0,cluster_12013799527_12013799528_2190601967,1,0,15
8964.0,cluster_12013799529_12013799530_473195061,1,0,15
8965.0,cluster_12013799525_12013799526_2496228894,1,2,15
8965.0,cluster_12013799527_12013799528_2190601967,1,0,15
8965.0,cluster_12013799529_12013799530_473195061,1,0,15
8966.0,2496228891,4,0,21
8966.0,cluster_12013799525_12013799526_2496228894,1,2,15
8967.0,2496228891,3,0,15
8967.0,cluster_12013799525_12013799526_2496228894,2,2,15
8968.0,2496228891,3,0,15
8968.0,cluster_12013799525_12013799526_2496228894,2,2,15
8969.0,2496228891,3,0,15
8969.0,cluster_12013799527_12013799528_2190601967,6,2,21
8969.0,cluster_12013799529_12013799530_473195061,3,2,15
8970.0,2496228891,3,0,15
8970.0,cluster_12013799527_12013799528_2190601967,5,2,21
8970.0,cluster_12013799529_12013799530_473195061,2,2,15
8971.0,2496228891,3,0,15
8971.0,cluster_12013799527_12013799528_2190601967,6,2,23
8971.0,cluster_12013799529_12013799530_473195061,3,2,15
8972.0,2496228891,3,0,15
8972.0,cluster_12013799525_12013799526_2496228894,2,0,15
8972.0,cluster_12013799527_12013799528_2190601967,5,2,21
8972.0,cluster_12013799529_12013799530_473195061,3,2,15
8973.0,2496228891,3,0,15
8973.0,cluster_12013799525_12013799526_2496228894,2,0,15
8973.0,cluster_12013799527_12013799528_2190601967,4,2,21
8973.0,cluster_12013799529_12013799530_473195061,3,2,15
8974.0,2496228891,3,0,15
8974.0,cluster_12013799525_12013799526_2496228894,2,0,15
8974.0,cluster_12013799527_12013799528_2190601967,3,2,15
8974.0,cluster_12013799529_12013799530_473195061,4,2,23
8975.0,2496228891,4,0,23
8975.0,cluster_12013799525_12013799526_2496228894,3,0,15
8975.0,cluster_12013799527_12013799528_2190601967,5,2,23
8975.0,cluster_12013799529_12013799530_473195061,5,2,23
8976.0,2496228891,4,0,21
8976.0,cluster_12013799525_12013799526_2496228894,2,0,15
8976.0,cluster_12013799527_12013799528_2190601967,4,2,21
8976.0,cluster_12013799529_12013799530_473195061,6,2,23
8977.0,2496228891,4,0,21
8977.0,cluster_12013799525_12013799526_2496228894,2,0,15
8977.0,cluster_12013799527_12013799528_2190601967,3,2,15
8977.0,cluster_12013799529_12013799530_473195061,6,2,21
8978.0,2496228891,4,0,21
8978.0,cluster_12013799525_12013799526_2496228894,2,0,15
8978.0,cluster_12013799527_12013799528_2190601967,3,2,15
8978.0,cluster_12013799529_12013799530_473195061,6,2,21
8979.0,2496228891,5,0,23
8979.0,cluster_12013799525_12013799526_2496228894,2,0,15
8979.0,cluster_12013799527_12013799528_2190601967,4,2,23
8979.0,cluster_12013799529_12013799530_473195061,8,2,24
8980.0,2496228891,5,0,21
8980.0,cluster_12013799525_12013799526_2496228894,1,0,15
8980.0,cluster_12013799527_12013799528_2190601967,3,2,15
8980.0,cluster_12013799529_12013799530_473195061,8,2,21
8981.0,2496228891,5,0,21
8981.0,cluster_12013799525_12013799526_2496228894,1,0,15
8981.0,cluster_12013799527_12013799528_2190601967,3,2,15
8981.0,cluster_12013799529_12013799530_473195061,8,2,21
8982.0,2496228891,5,0,21
8982.0,cluster_12013799525_12013799526_2496228894,1,0,15
8982.0,cluster_12013799527_12013799528_2190601967,2,2,15
8982.0,cluster_12013799529_12013799530_473195061,8,2,21
8983.0,2496228891,5,0,21
8983.0,cluster_12013799525_12013799526_2496228894,1,0,15
8983.0,cluster_12013799527_12013799528_2190601967,4,2,23
8983.0,cluster_12013799529_12013799530_473195061,9,2,25
8984.0,2496228891,5,0,21
8984.0,cluster_12013799525_12013799526_2496228894,1,0,15
8984.0,cluster_12013799527_12013799528_2190601967,4,2,23
8984.0,cluster_12013799529_12013799530_473195061,9,2,22
8985.0,2496228891,5,0,21
8985.0,cluster_12013799525_12013799526_2496228894,0,0,15
8985.0,cluster_12013799527_12013799528_2190601967,3,2,15
8986.0,2496228891,5,0,21
8986.0,cluster_12013799525_12013799526_2496228894,0,0,15
8986.0,cluster_12013799527_12013799528_2190601967,3,2,15
8987.0,2496228891,5,0,21
8987.0,cluster_12013799525_12013799526_2496228894,0,0,15
8987.0,cluster_12013799527_12013799528_2190601967,4,2,23
8988.0,cluster_12013799527_12013799528_2190601967,2,2,15
8988.0,cluster_12013799529_12013799530_473195061,5,0,21
8989.0,cluster_12013799527_12013799528_2190601967,2,2,15
8989.0,cluster_12013799529_12013799530_473195061,4,0,21
8990.0,cluster_12013799527_12013799528_2190601967,2,2,15
8990.0,cluster_12013799529_12013799530_473195061,4,0,21
8991.0,2496228891,3,2,15
8991.0,cluster_12013799525_12013799526_2496228894,4,2,21
8991.0,cluster_12013799529_12013799530_473195061,4,0,21
8992.0,2496228891,2,2,15
8992.0,cluster_12013799525_12013799526_2496228894,2,2,15
8992.0,cluster_12013799529_12013799530_473195061,4,0,21
8993.0,2496228891,2,2,15
8993.0,cluster_12013799525_12013799526_2496228894,2,2,15
8993.0,cluster_12013799529_12013799530_473195061,3,0,15
8994.0,2496228891,2,2,15
8994.0,cluster_12013799525_12013799526_2496228894,2,2,15
8994.0,cluster_12013799527_12013799528_2190601967,6,0,21
8994.0,cluster_12013799529_12013799530_473195061,3,0,15
8995.0,2496228891,2,2,15
8995.0,cluster_12013799525_12013799526_2496228894,2,2,15
8995.0,cluster_12013799527_12013799528_2190601967,6,0,21
8995.0,cluster_12013799529_12013799530_473195061,2,0,15
8996.0,2496228891,1,2,15
8996.0,cluster_12013799525_12013799526_2496228894,1,2,15
8996.0,cluster_12013799527_12013799528_2190601967,6,0,21
8996.0,cluster_12013799529_12013799530_473195061,2,0,15
8997.0,2496228891,1,2,15
8997.0,cluster_12013799525_12013799526_2496228894,2,2,15
8997.0,cluster_12013799527_12013799528_2190601967,6,0,21
8997.0,cluster_12013799529_12013799530_473195061,2,0,15
8998.0,2496228891,0,2,15
8998.0,cluster_12013799525_12013799526_2496228894,2,2,15
8998.0,cluster_12013799527_12013799528_2190601967,5,0,21
8998.0,cluster_12013799529_12013799530_473195061,1,0,15
8999.0,2496228891,0,2,15
8999.0,cluster_12013799525_12013799526_2496228894,2,2,15
8999.0,cluster_12013799527_12013799528_2190601967,5,0,21
8999.0,cluster_12013799529_12013799530_473195061,1,0,15
9000.0,2496228891,0,2,15
9000.0,cluster_12013799525_12013799526_2496228894,2,2,15
9000.0,cluster_12013799527_12013799528_2190601967,5,0,21
9000.0,cluster_12013799529_12013799530_473195061,0,0,15
9001.0,2496228891,0,2,15
9001.0,cluster_12013799525_12013799526_2496228894,3,2,15
9001.0,cluster_12013799527_12013799528_2190601967,5,0,21
9001.0,cluster_12013799529_12013799530_473195061,0,0,15
9002.0,2496228891,0,2,15
9002.0,cluster_12013799525_12013799526_2496228894,3,2,15
9002.0,cluster_12013799527_12013799528_2190601967,4,0,21
9002.0,cluster_12013799529_12013799530_473195061,0,0,15
9003.0,2496228891,0,2,15
9003.0,cluster_12013799525_12013799526_2496228894,3,2,15
9003.0,cluster_12013799527_12013799528_2190601967,4,0,21
9003.0,cluster_12013799529_12013799530_473195061,0,0,15
9004.0,2496228891,0,2,15
9004.0,cluster_12013799525_12013799526_2496228894,3,2,15
9004.0,cluster_12013799527_12013799528_2190601967,3,0,15
9004.0,cluster_12013799529_12013799530_473195061,0,0,15
9005.0,2496228891,0,2,15
9005.0,cluster_12013799525_12013799526_2496228894,3,2,15
9005.0,cluster_12013799527_12013799528_2190601967,3,0,15
9005.0,cluster_12013799529_12013799530_473195061,0,0,15
9006.0,2496228891,0,2,15
9006.0,cluster_12013799525_12013799526_2496228894,3,2,15
9006.0,cluster_12013799527_12013799528_2190601967,2,0,15
9006.0,cluster_12013799529_12013799530_473195061,0,0,15
9007.0,cluster_12013799525_12013799526_2496228894,2,2,15
9007.0,cluster_12013799527_12013799528_2190601967,2,0,15
9007.0,cluster_12013799529_12013799530_473195061,0,0,15
9008.0,cluster_12013799525_12013799526_2496228894,2,2,15
9008.0,cluster_12013799527_12013799528_2190601967,1,0,15
9008.0,cluster_12013799529_12013799530_473195061,0,0,15
9009.0,cluster_12013799525_12013799526_2496228894,2,2,15
9009.0,cluster_12013799527_12013799528_2190601967,1,0,15
9009.0,cluster_12013799529_12013799530_473195061,0,0,15
9010.0,2496228891,3,0,15
9010.0,cluster_12013799525_12013799526_2496228894,1,2,15
9010.0,cluster_12013799527_12013799528_2190601967,1,0,15
9011.0,2496228891,3,0,15
9011.0,cluster_12013799525_12013799526_2496228894,1,2,15
9011.0,cluster_12013799527_12013799528_2190601967,0,0,15
9012.0,2496228891,2,0,15
9012.0,cluster_12013799525_12013799526_2496228894,1,2,15
9012.0,cluster_12013799527_12013799528_2190601967,0,0,15
9013.0,2496228891,2,0,15
9013.0,cluster_12013799527_12013799528_2190601967,0,0,15
9013.0,cluster_12013799529_12013799530_473195061,10,2,22
9014.0,2496228891,1,0,15
9014.0,cluster_12013799527_12013799528_2190601967,0,0,15
9014.0,cluster_12013799529_12013799530_473195061,8,2,21
9015.0,2496228891,0,0,15
9015.0,cluster_12013799527_12013799528_2190601967,0,0,15
9015.0,cluster_12013799529_12013799530_473195061,8,2,21
9016.0,2496228891,1,0,15
9016.0,cluster_12013799525_12013799526_2496228894,0,0,15
9016.0,cluster_12013799529_12013799530_473195061,8,2,21
9017.0,2496228891,0,0,15
9017.0,cluster_12013799525_12013799526_2496228894,0,0,15
9017.0,cluster_12013799529_12013799530_473195061,8,2,21
9018.0,2496228891,0,0,15
9018.0,cluster_12013799525_12013799526_2496228894,0,0,15
9018.0,cluster_12013799529_12013799530_473195061,6,2,21
9019.0,2496228891,2,0,15
9019.0,cluster_12013799525_12013799526_2496228894,0,0,15
9019.0,cluster_12013799527_12013799528_2190601967,4,2,21
9019.0,cluster_12013799529_12013799530_473195061,6,2,21
9020.0,2496228891,2,0,15
9020.0,cluster_12013799525_12013799526_2496228894,0,0,15
9020.0,cluster_12013799527_12013799528_2190601967,1,2,15
9020.0,cluster_12013799529_12013799530_473195061,6,2,21
9021.0,2496228891,2,0,15
9021.0,cluster_12013799525_12013799526_2496228894,0,0,15
9021.0,cluster_12013799527_12013799528_2190601967,3,2,15
9021.0,cluster_12013799529_12013799530_473195061,4,2,21
9022.0,2496228891,2,0,15
9022.0,cluster_12013799525_12013799526_2496228894,0,0,15
9022.0,cluster_12013799527_12013799528_2190601967,3,2,15
9022.0,cluster_12013799529_12013799530_473195061,4,2,21
9023.0,2496228891,4,0,23
9023.0,cluster_12013799525_12013799526_2496228894,0,0,15
9023.0,cluster_12013799527_12013799528_2190601967,3,2,15
9023.0,cluster_12013799529_12013799530_473195061,2,2,15
9024.0,2496228891,3,0,15
9024.0,cluster_12013799525_12013799526_2496228894,0,0,15
9024.0,cluster_12013799527_12013799528_2190601967,2,2,15
9024.0,cluster_12013799529_12013799530_473195061,3,2,15
9025.0,2496228891,3,0,15
9025.0,cluster_12013799525_12013799526_2496228894,0,0,15
9025.0,cluster_12013799527_12013799528_2190601967,2,2,15
9025.0,cluster_12013799529_12013799530_473195061,2,2,15
9026.0,cluster_12013799525_12013799526_2496228894,0,0,15
9026.0,cluster_12013799527_12013799528_2190601967,2,2,15
9026.0,cluster_12013799529_12013799530_473195061,3,2,15
9027.0,cluster_12013799525_12013799526_2496228894,0,0,15
9027.0,cluster_12013799527_12013799528_2190601967,0,2,15
9027.0,cluster_12013799529_12013799530_473195061,2,2,15
9028.0,cluster_12013799525_12013799526_2496228894,0,0,15
9028.0,cluster_12013799527_12013799528_2190601967,0,2,15
9028.0,cluster_12013799529_12013799530_473195061,2,2,15
9029.0,2496228891,0,2,15
9029.0,cluster_12013799525_12013799526_2496228894,0,0,15
9029.0,cluster_12013799527_12013799528_2190601967,0,2,15
9029.0,cluster_12013799529_12013799530_473195061,3,2,15
9030.0,2496228891,0,2,15
9030.0,cluster_12013799525_12013799526_2496228894,0,0,15
9030.0,cluster_12013799527_12013799528_2190601967,0,2,15
9030.0,cluster_12013799529_12013799530_473195061,3,2,15
9031.0,2496228891,0,2,15
9031.0,cluster_12013799525_12013799526_2496228894,0,0,15
9031.0,cluster_12013799527_12013799528_2190601967,0,2,15
9031.0,cluster_12013799529_12013799530_473195061,3,2,15
9032.0,2496228891,0,2,15
9032.0,cluster_12013799527_12013799528_2190601967,0,2,15
9032.0,cluster_12013799529_12013799530_473195061,3,2,15
9033.0,2496228891,0,2,15
9033.0,cluster_12013799527_12013799528_2190601967,0,2,15
9033.0,cluster_12013799529_12013799530_473195061,3,2,15
9034.0,2496228891,0,2,15
9034.0,cluster_12013799527_12013799528_2190601967,0,2,15
9034.0,cluster_12013799529_12013799530_473195061,2,2,15
9035.0,2496228891,0,2,15
9035.0,cluster_12013799525_12013799526_2496228894,1,2,15
9035.0,cluster_12013799527_12013799528_2190601967,0,2,15
9035.0,cluster_12013799529_12013799530_473195061,2,2,15
9036.0,2496228891,0,2,15
9036.0,cluster_12013799525_12013799526_2496228894,0,2,15
9036.0,cluster_12013799527_12013799528_2190601967,0,2,15
9037.0,2496228891,0,2,15
9037.0,cluster_12013799525_12013799526_2496228894,0,2,15
9037.0,cluster_12013799527_12013799528_2190601967,0,2,15
9038.0,2496228891,0,2,15
9038.0,cluster_12013799525_12013799526_2496228894,0,2,15
9038.0,cluster_12013799527_12013799528_2190601967,0,2,15
9039.0,2496228891,0,2,15
9039.0,cluster_12013799525_12013799526_2496228894,0,2,15
9039.0,cluster_12013799527_12013799528_2190601967,0,2,15
9039.0,cluster_12013799529_12013799530_473195061,0,0,15
9040.0,2496228891,1,2,15
9040.0,cluster_12013799525_12013799526_2496228894,1,2,15
9040.0,cluster_12013799527_12013799528_2190601967,2,2,15
9040.0,cluster_12013799529_12013799530_473195061,1,0,15
9041.0,2496228891,1,2,15
9041.0,cluster_12013799525_12013799526_2496228894,1,2,15
9041.0,cluster_12013799529_12013799530_473195061,1,0,15
9042.0,2496228891,1,2,15
9042.0,cluster_12013799525_12013799526_2496228894,1,2,15
9042.0,cluster_12013799529_12013799530_473195061,1,0,15
9043.0,2496228891,1,2,15
9043.0,cluster_12013799525_12013799526_2496228894,1,2,15
9043.0,cluster_12013799529_12013799530_473195061,1,0,15
9044.0,2496228891,2,2,15
9044.0,cluster_12013799525_12013799526_2496228894,2,2,15
9044.0,cluster_12013799527_12013799528_2190601967,2,0,15
9044.0,cluster_12013799529_12013799530_473195061,2,0,15
9045.0,cluster_12013799525_12013799526_2496228894,2,2,15
9045.0,cluster_12013799527_12013799528_2190601967,2,0,15
9045.0,cluster_12013799529_12013799530_473195061,2,0,15
9046.0,cluster_12013799525_12013799526_2496228894,2,2,15
9046.0,cluster_12013799527_12013799528_2190601967,2,0,15
9046.0,cluster_12013799529_12013799530_473195061,2,0,15
9047.0,cluster_12013799525_12013799526_2496228894,2,2,15
9047.0,cluster_12013799527_12013799528_2190601967,2,0,15
9047.0,cluster_12013799529_12013799530_473195061,2,0,15
9048.0,2496228891,9,0,22
9048.0,cluster_12013799525_12013799526_2496228894,3,2,15
9048.0,cluster_12013799527_12013799528_2190601967,3,0,15
9048.0,cluster_12013799529_12013799530_473195061,3,0,15
9049.0,2496228891,7,0,21
9049.0,cluster_12013799525_12013799526_2496228894,2,2,15
9049.0,cluster_12013799527_12013799528_2190601967,3,0,15
9049.0,cluster_12013799529_12013799530_473195061,3,0,15
9050.0,2496228891,6,0,23
9050.0,cluster_12013799525_12013799526_2496228894,3,2,15
9050.0,cluster_12013799527_12013799528_2190601967,3,0,15
9050.0,cluster_12013799529_12013799530_473195061,3,0,15
9051.0,2496228891,7,0,23
9051.0,cluster_12013799527_12013799528_2190601967,3,0,15
9051.0,cluster_12013799529_12013799530_473195061,3,0,15
9052.0,2496228891,8,0,24
9052.0,cluster_12013799527_12013799528_2190601967,4,0,23
9052.0,cluster_12013799529_12013799530_473195061,4,0,21
9053.0,2496228891,6,0,21
9053.0,cluster_12013799527_12013799528_2190601967,4,0,21
9053.0,cluster_12013799529_12013799530_473195061,4,0,21
9054.0,2496228891,6,0,23
9054.0,cluster_12013799525_12013799526_2496228894,3,0,15
9054.0,cluster_12013799527_12013799528_2190601967,4,0,21
9054.0,cluster_12013799529_12013799530_473195061,4,0,21
9055.0,2496228891,5,0,21
9055.0,cluster_12013799525_12013799526_2496228894,3,0,15
9055.0,cluster_12013799527_12013799528_2190601967,4,0,21
9056.0,2496228891,5,0,23
9056.0,cluster_12013799525_12013799526_2496228894,3,0,15
9056.0,cluster_12013799527_12013799528_2190601967,5,0,23
9057.0,2496228891,5,0,21
9057.0,cluster_12013799525_12013799526_2496228894,3,0,15
9057.0,cluster_12013799527_12013799528_2190601967,4,0,21
9058.0,2496228891,5,0,21
9058.0,cluster_12013799525_12013799526_2496228894,2,0,15
9058.0,cluster_12013799527_12013799528_2190601967,4,0,21
9058.0,cluster_12013799529_12013799530_473195061,6,2,21
9059.0,2496228891,5,0,21
9059.0,cluster_12013799525_12013799526_2496228894,2,0,15
9059.0,cluster_12013799527_12013799528_2190601967,4,0,21
9059.0,cluster_12013799529_12013799530_473195061,4,2,21
9060.0,2496228891,5,0,21
9060.0,cluster_12013799525_12013799526_2496228894,2,0,15
9060.0,cluster_12013799529_12013799530_473195061,5,2,23
9061.0,2496228891,5,0,21
9061.0,cluster_12013799525_12013799526_2496228894,1,0,15
9061.0,cluster_12013799529_12013799530_473195061,5,2,21
9062.0,2496228891,5,0,21
9062.0,cluster_12013799525_12013799526_2496228894,1,0,15
9062.0,cluster_12013799529_12013799530_473195061,5,2,21
9063.0,2496228891,5,0,21
9063.0,cluster_12013799525_12013799526_2496228894,0,0,15
9063.0,cluster_12013799527_12013799528_2190601967,2,2,15
9063.0,cluster_12013799529_12013799530_473195061,5,2,21
9064.0,2496228891,5,0,21
9064.0,cluster_12013799525_12013799526_2496228894,0,0,15
9064.0,cluster_12013799527_12013799528_2190601967,3,2,15
9064.0,cluster_12013799529_12013799530_473195061,6,2,23
9065.0,2496228891,5,0,21
9065.0,cluster_12013799525_12013799526_2496228894,0,0,15
9065.0,cluster_12013799527_12013799528_2190601967,3,2,15
9065.0,cluster_12013799529_12013799530_473195061,6,2,21
9066.0,2496228891,5,0,21
9066.0,cluster_12013799525_12013799526_2496228894,0,0,15
9066.0,cluster_12013799527_12013799528_2190601967,3,2,15
9066.0,cluster_12013799529_12013799530_473195061,6,2,21
9067.0,2496228891,5,0,21
9067.0,cluster_12013799525_12013799526_2496228894,0,0,15
9067.0,cluster_12013799527_12013799528_2190601967,4,2,23
9067.0,cluster_12013799529_12013799530_473195061,6,2,21
9068.0,2496228891,5,0,21
9068.0,cluster_12013799525_12013799526_2496228894,0,0,15
9068.0,cluster_12013799527_12013799528_2190601967,4,2,21
9068.0,cluster_12013799529_12013799530_473195061,6,2,21
9069.0,2496228891,5,0,21
9069.0,cluster_12013799525_12013799526_2496228894,0,0,15
9069.0,cluster_12013799527_12013799528_2190601967,3,2,15
9069.0,cluster_12013799529_12013799530_473195061,6,2,21
9070.0,2496228891,6,0,23
9070.0,cluster_12013799527_12013799528_2190601967,4,2,23
9070.0,cluster_12013799529_12013799530_473195061,6,2,21
9071.0,cluster_12013799527_12013799528_2190601967,4,2,21
9071.0,cluster_12013799529_12013799530_473195061,6,2,21
9072.0,cluster_12013799527_12013799528_2190601967,2,2,15
9072.0,cluster_12013799529_12013799530_473195061,6,2,21
9073.0,cluster_12013799525_12013799526_2496228894,4,2,21
9073.0,cluster_12013799527_12013799528_2190601967,2,2,15
9073.0,cluster_12013799529_12013799530_473195061,6,2,21
9074.0,2496228891,3,2,15
9074.0,cluster_12013799525_12013799526_2496228894,3,2,15
9074.0,cluster_12013799527_12013799528_2190601967,2,2,15
9074.0,cluster_12013799529_12013799530_473195061,7,2,23
9075.0,2496228891,2,2,15
9075.0,cluster_12013799525_12013799526_2496228894,2,2,15
9075.0,cluster_12013799527_12013799528_2190601967,1,2,15
9075.0,cluster_12013799529_12013799530_473195061,7,2,21
9076.0,2496228891,2,2,15
9076.0,cluster_12013799525_12013799526_2496228894,2,2,15
9076.0,cluster_12013799527_12013799528_2190601967,1,2,15
9076.0,cluster_12013799529_12013799530_473195061,7,2,21
9077.0,2496228891,2,2,15
9077.0,cluster_12013799525_12013799526_2496228894,2,2,15
9077.0,cluster_12013799527_12013799528_2190601967,1,2,15
9077.0,cluster_12013799529_12013799530_473195061,8,2,24
9078.0,2496228891,1,2,15
9078.0,cluster_12013799525_12013799526_2496228894,1,2,15
9078.0,cluster_12013799527_12013799528_2190601967,0,2,15
9078.0,cluster_12013799529_12013799530_473195061,8,2,21
9079.0,2496228891,1,2,15
9079.0,cluster_12013799525_12013799526_2496228894,2,2,15
9079.0,cluster_12013799529_12013799530_473195061,9,2,25
9080.0,2496228891,1,2,15
9080.0,cluster_12013799525_12013799526_2496228894,2,2,15
9081.0,2496228891,0,2,15
9081.0,cluster_12013799525_12013799526_2496228894,2,2,15
9082.0,2496228891,0,2,15
9082.0,cluster_12013799525_12013799526_2496228894,2,2,15
9082.0,cluster_12013799527_12013799528_2190601967,5,0,21
9083.0,2496228891,0,2,15
9083.0,cluster_12013799525_12013799526_2496228894,3,2,15
9083.0,cluster_12013799527_12013799528_2190601967,5,0,21
9083.0,cluster_12013799529_12013799530_473195061,5,0,21
9084.0,2496228891,0,2,15
9084.0,cluster_12013799525_12013799526_2496228894,3,2,15
9084.0,cluster_12013799527_12013799528_2190601967,5,0,21
9084.0,cluster_12013799529_12013799530_473195061,4,0,21
9085.0,2496228891,0,2,15
9085.0,cluster_12013799525_12013799526_2496228894,3,2,15
9085.0,cluster_12013799527_12013799528_2190601967,5,0,21
9085.0,cluster_12013799529_12013799530_473195061,4,0,21
9086.0,2496228891,0,2,15
9086.0,cluster_12013799525_12013799526_2496228894,3,2,15
9086.0,cluster_12013799527_12013799528_2190601967,4,0,21
9086.0,cluster_12013799529_12013799530_473195061,4,0,21
9087.0,2496228891,0,2,15
9087.0,cluster_12013799525_12013799526_2496228894,3,2,15
9087.0,cluster_12013799527_12013799528_2190601967,4,0,21
9087.0,cluster_12013799529_12013799530_473195061,3,0,15
9088.0,2496228891,0,2,15
9088.0,cluster_12013799525_12013799526_2496228894,3,2,15
9088.0,cluster_12013799527_12013799528_2190601967,4,0,21
9088.0,cluster_12013799529_12013799530_473195061,3,0,15
9089.0,2496228891,0,2,15
9089.0,cluster_12013799525_12013799526_2496228894,3,2,15
9089.0,cluster_12013799527_12013799528_2190601967,3,0,15
9089.0,cluster_12013799529_12013799530_473195061,3,0,15
9090.0,cluster_12013799525_12013799526_2496228894,3,2,15
9090.0,cluster_12013799527_12013799528_2190601967,3,0,15
9090.0,cluster_12013799529_12013799530_473195061,2,0,15
9091.0,cluster_12013799525_12013799526_2496228894,2,2,15
9091.0,cluster_12013799527_12013799528_2190601967,3,0,15
9091.0,cluster_12013799529_12013799530_473195061,2,0,15
9092.0,cluster_12013799525_12013799526_2496228894,2,2,15
9092.0,cluster_12013799527_12013799528_2190601967,2,0,15
9092.0,cluster_12013799529_12013799530_473195061,2,0,15
9093.0,2496228891,4,0,21
9093.0,cluster_12013799525_12013799526_2496228894,0,2,15
9093.0,cluster_12013799527_12013799528_2190601967,2,0,15
9093.0,cluster_12013799529_12013799530_473195061,1,0,15
9094.0,2496228891,4,0,23
9094.0,cluster_12013799525_12013799526_2496228894,0,2,15
9094.0,cluster_12013799527_12013799528_2190601967,1,0,15
9094.0,cluster_12013799529_12013799530_473195061,1,0,15
9095.0,2496228891,1,0,15
9095.0,cluster_12013799527_12013799528_2190601967,1,0,15
9095.0,cluster_12013799529_12013799530_473195061,0,0,15
9096.0,2496228891,2,0,15
9096.0,cluster_12013799527_12013799528_2190601967,0,0,15
9096.0,cluster_12013799529_12013799530_473195061,0,0,15
9097.0,2496228891,2,0,15
9097.0,cluster_12013799527_12013799528_2190601967,0,0,15
9097.0,cluster_12013799529_12013799530_473195061,0,0,15
9098.0,2496228891,3,0,15
9098.0,cluster_12013799525_12013799526_2496228894,0,0,15
9098.0,cluster_12013799527_12013799528_2190601967,0,0,15
9098.0,cluster_12013799529_12013799530_473195061,0,0,15
9099.0,2496228891,2,0,15
9099.0,cluster_12013799525_12013799526_2496228894,0,0,15
9099.0,cluster_12013799527_12013799528_2190601967,0,0,15
9099.0,cluster_12013799529_12013799530_473195061,0,0,15
9100.0,2496228891,2,0,15
9100.0,cluster_12013799525_12013799526_2496228894,0,0,15
9100.0,cluster_12013799527_12013799528_2190601967,0,0,15
9100.0,cluster_12013799529_12013799530_473195061,0,0,15
9101.0,2496228891,2,0,15
9101.0,cluster_12013799525_12013799526_2496228894,0,0,15
9101.0,cluster_12013799527_12013799528_2190601967,0,0,15
9101.0,cluster_12013799529_12013799530_473195061,0,0,15
9102.0,2496228891,1,0,15
9102.0,cluster_12013799525_12013799526_2496228894,0,0,15
9102.0,cluster_12013799527_12013799528_2190601967,0,0,15
9102.0,cluster_12013799529_12013799530_473195061,0,0,15
9103.0,2496228891,2,0,15
9103.0,cluster_12013799525_12013799526_2496228894,0,0,15
9103.0,cluster_12013799527_12013799528_2190601967,0,0,15
9103.0,cluster_12013799529_12013799530_473195061,0,0,15
9104.0,2496228891,2,0,15
9104.0,cluster_12013799525_12013799526_2496228894,0,0,15
9104.0,cluster_12013799529_12013799530_473195061,0,0,15
9105.0,2496228891,2,0,15
9105.0,cluster_12013799525_12013799526_2496228894,0,0,15
9106.0,2496228891,2,0,15
9106.0,cluster_12013799525_12013799526_2496228894,0,0,15
9107.0,2496228891,2,0,15
9107.0,cluster_12013799525_12013799526_2496228894,0,0,15
9107.0,cluster_12013799527_12013799528_2190601967,1,2,15
9108.0,2496228891,2,0,15
9108.0,cluster_12013799525_12013799526_2496228894,0,0,15
9108.0,cluster_12013799527_12013799528_2190601967,0,2,15
9108.0,cluster_12013799529_12013799530_473195061,9,2,22
9109.0,2496228891,2,0,15
9109.0,cluster_12013799525_12013799526_2496228894,0,0,15
9109.0,cluster_12013799527_12013799528_2190601967,0,2,15
9109.0,cluster_12013799529_12013799530_473195061,7,2,21
9110.0,2496228891,2,0,15
9110.0,cluster_12013799525_12013799526_2496228894,0,0,15
9110.0,cluster_12013799527_12013799528_2190601967,0,2,15
9110.0,cluster_12013799529_12013799530_473195061,8,2,24
9111.0,2496228891,1,0,15
9111.0,cluster_12013799525_12013799526_2496228894,0,0,15
9111.0,cluster_12013799527_12013799528_2190601967,0,2,15
9111.0,cluster_12013799529_12013799530_473195061,8,2,21
9112.0,2496228891,1,0,15
9112.0,cluster_12013799525_12013799526_2496228894,0,0,15
9112.0,cluster_12013799527_12013799528_2190601967,0,2,15
9112.0,cluster_12013799529_12013799530_473195061,7,2,21
9113.0,2496228891,0,0,15
9113.0,cluster_12013799525_12013799526_2496228894,0,0,15
9113.0,cluster_12013799527_12013799528_2190601967,0,2,15
9113.0,cluster_12013799529_12013799530_473195061,6,2,21
9114.0,2496228891,2,0,15
9114.0,cluster_12013799527_12013799528_2190601967,0,2,15
9114.0,cluster_12013799529_12013799530_473195061,6,2,21
9115.0,cluster_12013799527_12013799528_2190601967,0,2,15
9115.0,cluster_12013799529_12013799530_473195061,5,2,21
9116.0,cluster_12013799527_12013799528_2190601967,1,2,15
9116.0,cluster_12013799529_12013799530_473195061,5,2,23
9117.0,cluster_12013799525_12013799526_2496228894,3,2,15
9117.0,cluster_12013799527_12013799528_2190601967,1,2,15
9117.0,cluster_12013799529_12013799530_473195061,5,2,21
9118.0,2496228891,1,2,15
9118.0,cluster_12013799525_12013799526_2496228894,3,2,15
9118.0,cluster_12013799527_12013799528_2190601967,1,2,15
9118.0,cluster_12013799529_12013799530_473195061,4,2,21
9119.0,2496228891,1,2,15
9119.0,cluster_12013799525_12013799526_2496228894,3,2,15
9119.0,cluster_12013799527_12013799528_2190601967,1,2,15
9119.0,cluster_12013799529_12013799530_473195061,4,2,21
9120.0,2496228891,2,2,15
9120.0,cluster_12013799525_12013799526_2496228894,4,2,21
9120.0,cluster_12013799527_12013799528_2190601967,2,2,15
9120.0,cluster_12013799529_12013799530_473195061,4,2,23
9121.0,2496228891,2,2,15
9121.0,cluster_12013799525_12013799526_2496228894,4,2,21
9121.0,cluster_12013799527_12013799528_2190601967,2,2,15
9121.0,cluster_12013799529_12013799530_473195061,4,2,21
9122.0,2496228891,2,2,15
9122.0,cluster_12013799525_12013799526_2496228894,4,2,21
9122.0,cluster_12013799527_12013799528_2190601967,2,2,15
9122.0,cluster_12013799529_12013799530_473195061,4,2,23
9123.0,2496228891,2,2,15
9123.0,cluster_12013799525_12013799526_2496228894,4,2,21
9123.0,cluster_12013799529_12013799530_473195061,3,2,15
9124.0,2496228891,2,2,15
9124.0,cluster_12013799525_12013799526_2496228894,4,2,21
9124.0,cluster_12013799529_12013799530_473195061,3,2,15
9125.0,2496228891,3,2,15
9125.0,cluster_12013799525_12013799526_2496228894,4,2,21
9125.0,cluster_12013799529_12013799530_473195061,3,2,15
9126.0,2496228891,3,2,15
9126.0,cluster_12013799525_12013799526_2496228894,3,2,15
9126.0,cluster_12013799527_12013799528_2190601967,3,0,15
9126.0,cluster_12013799529_12013799530_473195061,3,2,15
9127.0,2496228891,3,2,15
9127.0,cluster_12013799525_12013799526_2496228894,3,2,15
9127.0,cluster_12013799527_12013799528_2190601967,3,0,15
9127.0,cluster_12013799529_12013799530_473195061,3,2,15
9128.0,2496228891,2,2,15
9128.0,cluster_12013799525_12013799526_2496228894,2,2,15
9128.0,cluster_12013799527_12013799528_2190601967,4,0,23
9128.0,cluster_12013799529_12013799530_473195061,4,2,21
9129.0,2496228891,3,2,15
9129.0,cluster_12013799525_12013799526_2496228894,3,2,15
9129.0,cluster_12013799527_12013799528_2190601967,4,0,21
9129.0,cluster_12013799529_12013799530_473195061,4,2,21
9130.0,2496228891,3,2,15
9130.0,cluster_12013799525_12013799526_2496228894,3,2,15
9130.0,cluster_12013799527_12013799528_2190601967,4,0,21
9130.0,cluster_12013799529_12013799530_473195061,4,2,21
9131.0,2496228891,3,2,15
9131.0,cluster_12013799525_12013799526_2496228894,3,2,15
9131.0,cluster_12013799527_12013799528_2190601967,4,0,21
9132.0,2496228891,2,2,15
9132.0,cluster_12013799525_12013799526_2496228894,2,2,15
9132.0,cluster_12013799527_12013799528_2190601967,5,0,23
9133.0,2496228891,2,2,15
9133.0,cluster_12013799527_12013799528_2190601967,4,0,21
9134.0,cluster_12013799527_12013799528_2190601967,4,0,21
9134.0,cluster_12013799529_12013799530_473195061,4,0,21
9135.0,cluster_12013799527_12013799528_2190601967,4,0,21
9135.0,cluster_12013799529_12013799530_473195061,4,0,21
9136.0,cluster_12013799525_12013799526_2496228894,3,0,15
9136.0,cluster_12013799527_12013799528_2190601967,5,0,23
9136.0,cluster_12013799529_12013799530_473195061,4,0,21
9137.0,2496228891,9,0,22
9137.0,cluster_12013799525_12013799526_2496228894,3,0,15
9137.0,cluster_12013799527_12013799528_2190601967,4,0,21
9137.0,cluster_12013799529_12013799530_473195061,4,0,21
9138.0,2496228891,9,0,22
9138.0,cluster_12013799525_12013799526_2496228894,3,0,15
9138.0,cluster_12013799527_12013799528_2190601967,4,0,21
9138.0,cluster_12013799529_12013799530_473195061,4,0,21
9139.0,2496228891,8,0,24
9139.0,cluster_12013799525_12013799526_2496228894,3,0,15
9139.0,cluster_12013799527_12013799528_2190601967,4,0,21
9139.0,cluster_12013799529_12013799530_473195061,3,0,15
9140.0,2496228891,8,0,21
9140.0,cluster_12013799525_12013799526_2496228894,2,0,15
9140.0,cluster_12013799527_12013799528_2190601967,5,0,23
9140.0,cluster_12013799529_12013799530_473195061,3,0,15
9141.0,2496228891,3,0,15
9141.0,cluster_12013799525_12013799526_2496228894,2,0,15
9141.0,cluster_12013799527_12013799528_2190601967,4,0,21
9141.0,cluster_12013799529_12013799530_473195061,2,0,15
9142.0,2496228891,5,0,23
9142.0,cluster_12013799525_12013799526_2496228894,2,0,15
9142.0,cluster_12013799529_12013799530_473195061,2,0,15
9143.0,2496228891,6,0,23
9143.0,cluster_12013799525_12013799526_2496228894,1,0,15
9143.0,cluster_12013799529_12013799530_473195061,2,0,15
9144.0,2496228891,5,0,21
9144.0,cluster_12013799525_12013799526_2496228894,1,0,15
9144.0,cluster_12013799529_12013799530_473195061,2,0,15
9145.0,2496228891,4,0,21
9145.0,cluster_12013799525_12013799526_2496228894,1,0,15
9145.0,cluster_12013799527_12013799528_2190601967,4,2,21
9145.0,cluster_12013799529_12013799530_473195061,1,0,15
9146.0,2496228891,4,0,21
9146.0,cluster_12013799525_12013799526_2496228894,0,0,15
9146.0,cluster_12013799527_12013799528_2190601967,3,2,15
9146.0,cluster_12013799529_12013799530_473195061,1,0,15
9147.0,2496228891,2,0,15
9147.0,cluster_12013799525_12013799526_2496228894,0,0,15
9147.0,cluster_12013799527_12013799528_2190601967,2,2,15
9147.0,cluster_12013799529_12013799530_473195061,1,0,15
9148.0,2496228891,0,0,15
9148.0,cluster_12013799525_12013799526_2496228894,0,0,15
9148.0,cluster_12013799527_12013799528_2190601967,4,2,23
9148.0,cluster_12013799529_12013799530_473195061,0,0,15
9149.0,2496228891,1,0,15
9149.0,cluster_12013799525_12013799526_2496228894,0,0,15
9149.0,cluster_12013799527_12013799528_2190601967,4,2,21
9149.0,cluster_12013799529_12013799530_473195061,0,0,15
9150.0,2496228891,2,0,15
9150.0,cluster_12013799525_12013799526_2496228894,0,0,15
9150.0,cluster_12013799527_12013799528_2190601967,4,2,23
9150.0,cluster_12013799529_12013799530_473195061,0,0,15
9151.0,2496228891,2,0,15
9151.0,cluster_12013799525_12013799526_2496228894,0,0,15
9151.0,cluster_12013799527_12013799528_2190601967,4,2,21
9151.0,cluster_12013799529_12013799530_473195061,0,0,15
9152.0,2496228891,2,0,15
9152.0,cluster_12013799527_12013799528_2190601967,4,2,23
9152.0,cluster_12013799529_12013799530_473195061,0,0,15
9153.0,2496228891,3,0,15
9153.0,cluster_12013799527_12013799528_2190601967,3,2,15
9153.0,cluster_12013799529_12013799530_473195061,0,0,15
9154.0,2496228891,3,0,15
9154.0,cluster_12013799527_12013799528_2190601967,3,2,15
9154.0,cluster_12013799529_12013799530_473195061,0,0,15
9155.0,2496228891,4,0,23
9155.0,cluster_12013799525_12013799526_2496228894,4,2,21
9155.0,cluster_12013799527_12013799528_2190601967,2,2,15
9155.0,cluster_12013799529_12013799530_473195061,0,0,15
9156.0,2496228891,2,0,15
9156.0,cluster_12013799525_12013799526_2496228894,3,2,15
9156.0,cluster_12013799527_12013799528_2190601967,2,2,15
9157.0,2496228891,2,0,15
9157.0,cluster_12013799525_12013799526_2496228894,4,2,23
9157.0,cluster_12013799527_12013799528_2190601967,1,2,15
9158.0,2496228891,2,0,15
9158.0,cluster_12013799525_12013799526_2496228894,4,2,23
9158.0,cluster_12013799527_12013799528_2190601967,1,2,15
9159.0,2496228891,1,0,15
9159.0,cluster_12013799525_12013799526_2496228894,3,2,15
9159.0,cluster_12013799527_12013799528_2190601967,1,2,15
9159.0,cluster_12013799529_12013799530_473195061,6,2,21
9160.0,cluster_12013799525_12013799526_2496228894,4,2,23
9160.0,cluster_12013799527_12013799528_2190601967,0,2,15
9160.0,cluster_12013799529_12013799530_473195061,6,2,21
9161.0,cluster_12013799525_12013799526_2496228894,4,2,23
9161.0,cluster_12013799527_12013799528_2190601967,0,2,15
9161.0,cluster_12013799529_12013799530_473195061,6,2,21
9162.0,cluster_12013799525_12013799526_2496228894,4,2,21
9162.0,cluster_12013799527_12013799528_2190601967,0,2,15
9162.0,cluster_12013799529_12013799530_473195061,7,2,23
9163.0,2496228891,2,2,15
9163.0,cluster_12013799525_12013799526_2496228894,4,2,21
9163.0,cluster_12013799527_12013799528_2190601967,0,2,15
9163.0,cluster_12013799529_12013799530_473195061,7,2,21
9164.0,2496228891,1,2,15
9164.0,cluster_12013799525_12013799526_2496228894,3,2,15
9164.0,cluster_12013799527_12013799528_2190601967,0,2,15
9164.0,cluster_12013799529_12013799530_473195061,7,2,21
9165.0,2496228891,1,2,15
9165.0,cluster_12013799525_12013799526_2496228894,3,2,15
9165.0,cluster_12013799527_12013799528_2190601967,0,2,15
9165.0,cluster_12013799529_12013799530_473195061,6,2,21
9166.0,2496228891,1,2,15
9166.0,cluster_12013799525_12013799526_2496228894,3,2,15
9166.0,cluster_12013799527_12013799528_2190601967,0,2,15
9166.0,cluster_12013799529_12013799530_473195061,6,2,21
9167.0,2496228891,0,2,15
9167.0,cluster_12013799525_12013799526_2496228894,1,2,15
9167.0,cluster_12013799529_12013799530_473195061,6,2,21
9168.0,2496228891,0,2,15
9168.0,cluster_12013799525_12013799526_2496228894,1,2,15
9168.0,cluster_12013799529_12013799530_473195061,6,2,21
9169.0,2496228891,0,2,15
9169.0,cluster_12013799525_12013799526_2496228894,2,2,15
9169.0,cluster_12013799529_12013799530_473195061,5,2,21
9170.0,2496228891,0,2,15
9170.0,cluster_12013799525_12013799526_2496228894,2,2,15
9170.0,cluster_12013799527_12013799528_2190601967,4,0,21
9170.0,cluster_12013799529_12013799530_473195061,5,2,21
9171.0,2496228891,0,2,15
9171.0,cluster_12013799525_12013799526_2496228894,2,2,15
9171.0,cluster_12013799527_12013799528_2190601967,3,0,15
9171.0,cluster_12013799529_12013799530_473195061,4,2,21
9172.0,2496228891,0,2,15
9172.0,cluster_12013799525_12013799526_2496228894,2,2,15
9172.0,cluster_12013799527_12013799528_2190601967,3,0,15
9172.0,cluster_12013799529_12013799530_473195061,4,2,21
9173.0,2496228891,0,2,15
9173.0,cluster_12013799525_12013799526_2496228894,2,2,15
9173.0,cluster_12013799527_12013799528_2190601967,3,0,15
9173.0,cluster_12013799529_12013799530_473195061,3,2,15
9174.0,2496228891,0,2,15
9174.0,cluster_12013799525_12013799526_2496228894,2,2,15
9174.0,cluster_12013799527_12013799528_2190601967,2,0,15
9174.0,cluster_12013799529_12013799530_473195061,2,2,15
9175.0,2496228891,0,2,15
9175.0,cluster_12013799525_12013799526_2496228894,2,2,15
9175.0,cluster_12013799527_12013799528_2190601967,2,0,15
9175.0,cluster_12013799529_12013799530_473195061,3,2,15
9176.0,2496228891,0,2,15
9176.0,cluster_12013799525_12013799526_2496228894,2,2,15
9176.0,cluster_12013799527_12013799528_2190601967,2,0,15
9176.0,cluster_12013799529_12013799530_473195061,3,2,15
9177.0,2496228891,0,2,15
9177.0,cluster_12013799527_12013799528_2190601967,2,0,15
9177.0,cluster_12013799529_12013799530_473195061,4,2,23
9178.0,2496228891,0,2,15
9178.0,cluster_12013799527_12013799528_2190601967,1,0,15
9178.0,cluster_12013799529_12013799530_473195061,3,2,15
9179.0,cluster_12013799527_12013799528_2190601967,1,0,15
9179.0,cluster_12013799529_12013799530_473195061,3,2,15
9180.0,cluster_12013799525_12013799526_2496228894,0,0,15
9180.0,cluster_12013799527_12013799528_2190601967,0,0,15
9180.0,cluster_12013799529_12013799530_473195061,3,2,15
9181.0,cluster_12013799525_12013799526_2496228894,0,0,15
9181.0,cluster_12013799527_12013799528_2190601967,0,0,15
9182.0,2496228891,3,0,15
9182.0,cluster_12013799525_12013799526_2496228894,0,0,15
9182.0,cluster_12013799527_12013799528_2190601967,0,0,15
9183.0,2496228891,2,0,15
9183.0,cluster_12013799525_12013799526_2496228894,0,0,15
9183.0,cluster_12013799527_12013799528_2190601967,0,0,15
9184.0,2496228891,2,0,15
9184.0,cluster_12013799525_12013799526_2496228894,0,0,15
9184.0,cluster_12013799527_12013799528_2190601967,0,0,15
9184.0,cluster_12013799529_12013799530_473195061,0,0,15
9185.0,2496228891,2,0,15
9185.0,cluster_12013799525_12013799526_2496228894,0,0,15
9185.0,cluster_12013799527_12013799528_2190601967,0,0,15
9185.0,cluster_12013799529_12013799530_473195061,0,0,15
9186.0,2496228891,1,0,15
9186.0,cluster_12013799525_12013799526_2496228894,0,0,15
9186.0,cluster_12013799527_12013799528_2190601967,0,0,15
9186.0,cluster_12013799529_12013799530_473195061,0,0,15
9187.0,2496228891,0,0,15
9187.0,cluster_12013799525_12013799526_2496228894,0,0,15
9187.0,cluster_12013799527_12013799528_2190601967,0,0,15
9187.0,cluster_12013799529_12013799530_473195061,0,0,15
9188.0,2496228891,0,0,15
9188.0,cluster_12013799525_12013799526_2496228894,0,0,15
9188.0,cluster_12013799527_12013799528_2190601967,0,0,15
9188.0,cluster_12013799529_12013799530_473195061,0,0,15
9189.0,2496228891,0,0,15
9189.0,cluster_12013799525_12013799526_2496228894,0,0,15
9189.0,cluster_12013799527_12013799528_2190601967,0,0,15
9189.0,cluster_12013799529_12013799530_473195061,0,0,15
9190.0,2496228891,0,0,15
9190.0,cluster_12013799525_12013799526_2496228894,0,0,15
9190.0,cluster_12013799527_12013799528_2190601967,0,0,15
9190.0,cluster_12013799529_12013799530_473195061,0,0,15
9191.0,2496228891,0,0,15
9191.0,cluster_12013799525_12013799526_2496228894,0,0,15
9191.0,cluster_12013799527_12013799528_2190601967,0,0,15
9191.0,cluster_12013799529_12013799530_473195061,0,0,15
9192.0,2496228891,0,0,15
9192.0,cluster_12013799525_12013799526_2496228894,0,0,15
9192.0,cluster_12013799529_12013799530_473195061,0,0,15
9193.0,2496228891,1,0,15
9193.0,cluster_12013799525_12013799526_2496228894,1,0,15
9193.0,cluster_12013799529_12013799530_473195061,1,0,15
9194.0,2496228891,1,0,15
9194.0,cluster_12013799525_12013799526_2496228894,1,0,15
9194.0,cluster_12013799529_12013799530_473195061,1,0,15
9195.0,2496228891,1,0,15
9195.0,cluster_12013799525_12013799526_2496228894,1,0,15
9195.0,cluster_12013799527_12013799528_2190601967,1,2,15
9195.0,cluster_12013799529_12013799530_473195061,1,0,15
9196.0,2496228891,1,0,15
9196.0,cluster_12013799527_12013799528_2190601967,1,2,15
9196.0,cluster_12013799529_12013799530_473195061,1,0,15
9197.0,2496228891,2,0,15
9197.0,cluster_12013799527_12013799528_2190601967,2,2,15
9197.0,cluster_12013799529_12013799530_473195061,2,0,15
9198.0,cluster_12013799527_12013799528_2190601967,2,2,15
9198.0,cluster_12013799529_12013799530_473195061,2,0,15
9199.0,cluster_12013799525_12013799526_2496228894,6,2,21
9199.0,cluster_12013799527_12013799528_2190601967,2,2,15
9199.0,cluster_12013799529_12013799530_473195061,2,0,15
9200.0,cluster_12013799525_12013799526_2496228894,5,2,21
9200.0,cluster_12013799527_12013799528_2190601967,2,2,15
9201.0,2496228891,2,2,15
9201.0,cluster_12013799525_12013799526_2496228894,5,2,21
9201.0,cluster_12013799527_12013799528_2190601967,3,2,15
9202.0,2496228891,3,2,15
9202.0,cluster_12013799525_12013799526_2496228894,6,2,21
9202.0,cluster_12013799527_12013799528_2190601967,3,2,15
9203.0,2496228891,3,2,15
9203.0,cluster_12013799525_12013799526_2496228894,6,2,21
9203.0,cluster_12013799527_12013799528_2190601967,3,2,15
9203.0,cluster_12013799529_12013799530_473195061,5,2,21
9204.0,2496228891,3,2,15
9204.0,cluster_12013799525_12013799526_2496228894,5,2,21
9204.0,cluster_12013799527_12013799528_2190601967,4,2,23
9204.0,cluster_12013799529_12013799530_473195061,5,2,21
9205.0,2496228891,3,2,15
9205.0,cluster_12013799525_12013799526_2496228894,4,2,21
9205.0,cluster_12013799527_12013799528_2190601967,5,2,23
9205.0,cluster_12013799529_12013799530_473195061,6,2,23
9206.0,2496228891,3,2,15
9206.0,cluster_12013799525_12013799526_2496228894,4,2,21
9206.0,cluster_12013799527_12013799528_2190601967,5,2,21
9206.0,cluster_12013799529_12013799530_473195061,6,2,21
9207.0,2496228891,3,2,15
9207.0,cluster_12013799525_12013799526_2496228894,3,2,15
9207.0,cluster_12013799527_12013799528_2190601967,6,2,23
9207.0,cluster_12013799529_12013799530_473195061,5,2,21
9208.0,2496228891,3,2,15
9208.0,cluster_12013799525_12013799526_2496228894,3,2,15
9208.0,cluster_12013799527_12013799528_2190601967,6,2,21
9208.0,cluster_12013799529_12013799530_473195061,5,2,21
9209.0,2496228891,2,2,15
9209.0,cluster_12013799525_12013799526_2496228894,2,2,15
9209.0,cluster_12013799527_12013799528_2190601967,7,2,23
9209.0,cluster_12013799529_12013799530_473195061,6,2,23
9210.0,2496228891,2,2,15
9210.0,cluster_12013799525_12013799526_2496228894,2,2,15
9210.0,cluster_12013799527_12013799528_2190601967,7,2,21
9210.0,cluster_12013799529_12013799530_473195061,5,2,21
9211.0,2496228891,2,2,15
9211.0,cluster_12013799525_12013799526_2496228894,3,2,15
9211.0,cluster_12013799529_12013799530_473195061,5,2,21
9212.0,2496228891,2,2,15
9212.0,cluster_12013799525_12013799526_2496228894,3,2,15
9212.0,cluster_12013799529_12013799530_473195061,5,2,21
9213.0,2496228891,2,2,15
9213.0,cluster_12013799525_12013799526_2496228894,3,2,15
9213.0,cluster_12013799529_12013799530_473195061,6,2,23
9214.0,2496228891,2,2,15
9214.0,cluster_12013799525_12013799526_2496228894,3,2,15
9214.0,cluster_12013799527_12013799528_2190601967,5,0,21
9214.0,cluster_12013799529_12013799530_473195061,5,2,21
9215.0,2496228891,2,2,15
9215.0,cluster_12013799525_12013799526_2496228894,3,2,15
9215.0,cluster_12013799527_12013799528_2190601967,5,0,21
9215.0,cluster_12013799529_12013799530_473195061,5,2,21
9216.0,2496228891,1,2,15
9216.0,cluster_12013799525_12013799526_2496228894,2,2,15
9216.0,cluster_12013799527_12013799528_2190601967,5,0,21
9216.0,cluster_12013799529_12013799530_473195061,5,2,21
9217.0,cluster_12013799525_12013799526_2496228894,2,2,15
9217.0,cluster_12013799527_12013799528_2190601967,6,0,23
9217.0,cluster_12013799529_12013799530_473195061,6,2,21
9218.0,cluster_12013799525_12013799526_2496228894,3,2,15
9218.0,cluster_12013799527_12013799528_2190601967,5,0,21
9218.0,cluster_12013799529_12013799530_473195061,5,2,21
9219.0,cluster_12013799525_12013799526_2496228894,3,2,15
9219.0,cluster_12013799527_12013799528_2190601967,5,0,21
9219.0,cluster_12013799529_12013799530_473195061,5,2,21
9220.0,2496228891,7,0,21
9220.0,cluster_12013799525_12013799526_2496228894,3,2,15
9220.0,cluster_12013799527_12013799528_2190601967,5,0,21
9220.0,cluster_12013799529_12013799530_473195061,5,2,21
9221.0,2496228891,6,0,21
9221.0,cluster_12013799527_12013799528_2190601967,4,0,21
9221.0,cluster_12013799529_12013799530_473195061,4,2,21
9222.0,2496228891,6,0,23
9222.0,cluster_12013799527_12013799528_2190601967,4,0,21
9222.0,cluster_12013799529_12013799530_473195061,5,2,23
9223.0,2496228891,5,0,21
9223.0,cluster_12013799527_12013799528_2190601967,3,0,15
9223.0,cluster_12013799529_12013799530_473195061,4,2,21
9224.0,2496228891,5,0,21
9224.0,cluster_12013799525_12013799526_2496228894,4,0,21
9224.0,cluster_12013799527_12013799528_2190601967,3,0,15
9224.0,cluster_12013799529_12013799530_473195061,5,2,23
9225.0,2496228891,5,0,21
9225.0,cluster_12013799525_12013799526_2496228894,3,0,15
9225.0,cluster_12013799527_12013799528_2190601967,3,0,15
9226.0,2496228891,5,0,21
9226.0,cluster_12013799525_12013799526_2496228894,3,0,15
9226.0,cluster_12013799527_12013799528_2190601967,3,0,15
9227.0,2496228891,5,0,21
9227.0,cluster_12013799525_12013799526_2496228894,3,0,15
9227.0,cluster_12013799527_12013799528_2190601967,2,0,15
9228.0,2496228891,4,0,21
9228.0,cluster_12013799525_12013799526_2496228894,2,0,15
9228.0,cluster_12013799527_12013799528_2190601967,2,0,15
9228.0,cluster_12013799529_12013799530_473195061,4,0,21
9229.0,2496228891,4,0,21
9229.0,cluster_12013799525_12013799526_2496228894,2,0,15
9229.0,cluster_12013799527_12013799528_2190601967,2,0,15
9229.0,cluster_12013799529_12013799530_473195061,4,0,21
9230.0,2496228891,4,0,21
9230.0,cluster_12013799525_12013799526_2496228894,2,0,15
9230.0,cluster_12013799527_12013799528_2190601967,1,0,15
9230.0,cluster_12013799529_12013799530_473195061,4,0,21
9231.0,2496228891,4,0,21
9231.0,cluster_12013799525_12013799526_2496228894,1,0,15
9231.0,cluster_12013799527_12013799528_2190601967,1,0,15
9231.0,cluster_12013799529_12013799530_473195061,4,0,21
9232.0,2496228891,3,0,15
9232.0,cluster_12013799525_12013799526_2496228894,1,0,15
9232.0,cluster_12013799527_12013799528_2190601967,1,0,15
9232.0,cluster_12013799529_12013799530_473195061,3,0,15
9233.0,2496228891,5,0,23
9233.0,cluster_12013799525_12013799526_2496228894,1,0,15
9233.0,cluster_12013799527_12013799528_2190601967,0,0,15
9233.0,cluster_12013799529_12013799530_473195061,3,0,15
9234.0,2496228891,5,0,21
9234.0,cluster_12013799525_12013799526_2496228894,0,0,15
9234.0,cluster_12013799527_12013799528_2190601967,0,0,15
9234.0,cluster_12013799529_12013799530_473195061,3,0,15
9235.0,2496228891,4,0,21
9235.0,cluster_12013799525_12013799526_2496228894,0,0,15
9235.0,cluster_12013799527_12013799528_2190601967,0,0,15
9235.0,cluster_12013799529_12013799530_473195061,2,0,15
9236.0,2496228891,6,0,23
9236.0,cluster_12013799525_12013799526_2496228894,0,0,15
9236.0,cluster_12013799529_12013799530_473195061,2,0,15
9237.0,2496228891,6,0,21
9237.0,cluster_12013799525_12013799526_2496228894,0,0,15
9237.0,cluster_12013799529_12013799530_473195061,2,0,15
9238.0,2496228891,3,0,15
9238.0,cluster_12013799525_12013799526_2496228894,0,0,15
9238.0,cluster_12013799529_12013799530_473195061,1,0,15
9239.0,2496228891,3,0,15
9239.0,cluster_12013799525_12013799526_2496228894,0,0,15
9239.0,cluster_12013799527_12013799528_2190601967,4,2,21
9239.0,cluster_12013799529_12013799530_473195061,1,0,15
9240.0,2496228891,3,0,15
9240.0,cluster_12013799525_12013799526_2496228894,0,0,15
9240.0,cluster_12013799527_12013799528_2190601967,5,2,23
9240.0,cluster_12013799529_12013799530_473195061,0,0,15
9241.0,2496228891,3,0,15
9241.0,cluster_12013799525_12013799526_2496228894,0,0,15
9241.0,cluster_12013799527_12013799528_2190601967,5,2,21
9241.0,cluster_12013799529_12013799530_473195061,0,0,15
9242.0,cluster_12013799525_12013799526_2496228894,0,0,15
9242.0,cluster_12013799527_12013799528_2190601967,5,2,21
9242.0,cluster_12013799529_12013799530_473195061,0,0,15
9243.0,cluster_12013799525_12013799526_2496228894,0,0,15
9243.0,cluster_12013799527_12013799528_2190601967,3,2,15
9243.0,cluster_12013799529_12013799530_473195061,0,0,15
9244.0,cluster_12013799525_12013799526_2496228894,0,0,15
9244.0,cluster_12013799527_12013799528_2190601967,3,2,15
9244.0,cluster_12013799529_12013799530_473195061,0,0,15
9245.0,2496228891,1,2,15
9245.0,cluster_12013799525_12013799526_2496228894,0,0,15
9245.0,cluster_12013799527_12013799528_2190601967,3,2,15
9245.0,cluster_12013799529_12013799530_473195061,0,0,15
9246.0,2496228891,0,2,15
9246.0,cluster_12013799527_12013799528_2190601967,1,2,15
9246.0,cluster_12013799529_12013799530_473195061,0,0,15
9247.0,2496228891,0,2,15
9247.0,cluster_12013799527_12013799528_2190601967,1,2,15
9247.0,cluster_12013799529_12013799530_473195061,0,0,15
9248.0,2496228891,0,2,15
9248.0,cluster_12013799527_12013799528_2190601967,1,2,15
9248.0,cluster_12013799529_12013799530_473195061,0,0,15
9249.0,2496228891,0,2,15
9249.0,cluster_12013799525_12013799526_2496228894,1,2,15
9249.0,cluster_12013799527_12013799528_2190601967,0,2,15
9249.0,cluster_12013799529_12013799530_473195061,0,0,15
9250.0,2496228891,0,2,15
9250.0,cluster_12013799525_12013799526_2496228894,1,2,15
9250.0,cluster_12013799527_12013799528_2190601967,0,2,15
9251.0,2496228891,0,2,15
9251.0,cluster_12013799525_12013799526_2496228894,1,2,15
9251.0,cluster_12013799527_12013799528_2190601967,0,2,15
9252.0,2496228891,0,2,15
9252.0,cluster_12013799525_12013799526_2496228894,1,2,15
9252.0,cluster_12013799527_12013799528_2190601967,0,2,15
9253.0,2496228891,0,2,15
9253.0,cluster_12013799525_12013799526_2496228894,1,2,15
9253.0,cluster_12013799527_12013799528_2190601967,0,2,15
9253.0,cluster_12013799529_12013799530_473195061,10,2,22
9254.0,2496228891,0,2,15
9254.0,cluster_12013799525_12013799526_2496228894,1,2,15
9254.0,cluster_12013799527_12013799528_2190601967,1,2,15
9254.0,cluster_12013799529_12013799530_473195061,8,2,21
9255.0,2496228891,0,2,15
9255.0,cluster_12013799525_12013799526_2496228894,1,2,15
9255.0,cluster_12013799527_12013799528_2190601967,1,2,15
9255.0,cluster_12013799529_12013799530_473195061,8,2,21
9256.0,2496228891,0,2,15
9256.0,cluster_12013799525_12013799526_2496228894,1,2,15
9256.0,cluster_12013799527_12013799528_2190601967,1,2,15
9256.0,cluster_12013799529_12013799530_473195061,8,2,21
9257.0,2496228891,0,2,15
9257.0,cluster_12013799525_12013799526_2496228894,1,2,15
9257.0,cluster_12013799527_12013799528_2190601967,1,2,15
9257.0,cluster_12013799529_12013799530_473195061,7,2,21
9258.0,2496228891,0,2,15
9258.0,cluster_12013799525_12013799526_2496228894,1,2,15
9258.0,cluster_12013799527_12013799528_2190601967,1,2,15
9258.0,cluster_12013799529_12013799530_473195061,6,2,21
9259.0,2496228891,0,2,15
9259.0,cluster_12013799525_12013799526_2496228894,1,2,15
9259.0,cluster_12013799527_12013799528_2190601967,1,2,15
9259.0,cluster_12013799529_12013799530_473195061,6,2,21
9260.0,2496228891,0,2,15
9260.0,cluster_12013799525_12013799526_2496228894,0,2,15
9260.0,cluster_12013799527_12013799528_2190601967,1,2,15
9260.0,cluster_12013799529_12013799530_473195061,5,2,21
9261.0,cluster_12013799525_12013799526_2496228894,0,2,15
9261.0,cluster_12013799529_12013799530_473195061,4,2,21
9262.0,cluster_12013799525_12013799526_2496228894,0,2,15
9262.0,cluster_12013799529_12013799530_473195061,4,2,21
9263.0,cluster_12013799525_12013799526_2496228894,0,2,15
9263.0,cluster_12013799529_12013799530_473195061,3,2,15
9264.0,2496228891,3,0,15
9264.0,cluster_12013799525_12013799526_2496228894,0,2,15
9264.0,cluster_12013799527_12013799528_2190601967,0,0,15
9264.0,cluster_12013799529_12013799530_473195061,3,2,15
9265.0,2496228891,3,0,15
9265.0,cluster_12013799527_12013799528_2190601967,0,0,15
9265.0,cluster_12013799529_12013799530_473195061,2,2,15
9266.0,2496228891,4,0,23
9266.0,cluster_12013799527_12013799528_2190601967,0,0,15
9266.0,cluster_12013799529_12013799530_473195061,2,2,15
9267.0,2496228891,4,0,21
9267.0,cluster_12013799527_12013799528_2190601967,0,0,15
9267.0,cluster_12013799529_12013799530_473195061,2,2,15
9268.0,2496228891,4,0,21
9268.0,cluster_12013799525_12013799526_2496228894,0,0,15
9268.0,cluster_12013799527_12013799528_2190601967,0,0,15
9268.0,cluster_12013799529_12013799530_473195061,1,2,15
9269.0,2496228891,6,0,23
9269.0,cluster_12013799525_12013799526_2496228894,0,0,15
9269.0,cluster_12013799527_12013799528_2190601967,0,0,15
9269.0,cluster_12013799529_12013799530_473195061,1,2,15
9270.0,2496228891,7,0,23
9270.0,cluster_12013799525_12013799526_2496228894,1,0,15
9270.0,cluster_12013799527_12013799528_2190601967,1,0,15
9270.0,cluster_12013799529_12013799530_473195061,1,2,15
9271.0,2496228891,5,0,21
9271.0,cluster_12013799525_12013799526_2496228894,1,0,15
9271.0,cluster_12013799527_12013799528_2190601967,1,0,15
9271.0,cluster_12013799529_12013799530_473195061,1,2,15
9272.0,2496228891,4,0,21
9272.0,cluster_12013799525_12013799526_2496228894,1,0,15
9272.0,cluster_12013799527_12013799528_2190601967,1,0,15
9272.0,cluster_12013799529_12013799530_473195061,1,2,15
9273.0,2496228891,4,0,23
9273.0,cluster_12013799525_12013799526_2496228894,2,0,15
9273.0,cluster_12013799527_12013799528_2190601967,1,0,15
9273.0,cluster_12013799529_12013799530_473195061,1,2,15
9274.0,2496228891,4,0,23
9274.0,cluster_12013799525_12013799526_2496228894,2,0,15
9274.0,cluster_12013799527_12013799528_2190601967,2,0,15
9274.0,cluster_12013799529_12013799530_473195061,2,2,15
9275.0,2496228891,4,0,23
9275.0,cluster_12013799525_12013799526_2496228894,2,0,15
9275.0,cluster_12013799527_12013799528_2190601967,2,0,15
9275.0,cluster_12013799529_12013799530_473195061,2,2,15
9276.0,2496228891,3,0,15
9276.0,cluster_12013799525_12013799526_2496228894,2,0,15
9276.0,cluster_12013799527_12013799528_2190601967,2,0,15
9277.0,2496228891,3,0,15
9277.0,cluster_12013799525_12013799526_2496228894,3,0,15
9277.0,cluster_12013799527_12013799528_2190601967,2,0,15
9278.0,2496228891,5,0,23
9278.0,cluster_12013799525_12013799526_2496228894,3,0,15
9278.0,cluster_12013799527_12013799528_2190601967,3,0,15
9279.0,2496228891,4,0,21
9279.0,cluster_12013799525_12013799526_2496228894,2,0,15
9279.0,cluster_12013799527_12013799528_2190601967,3,0,15
9279.0,cluster_12013799529_12013799530_473195061,3,0,15
9280.0,cluster_12013799525_12013799526_2496228894,2,0,15
9280.0,cluster_12013799529_12013799530_473195061,3,0,15
9281.0,cluster_12013799525_12013799526_2496228894,2,0,15
9281.0,cluster_12013799529_12013799530_473195061,3,0,15
9282.0,cluster_12013799525_12013799526_2496228894,3,0,15
9282.0,cluster_12013799529_12013799530_473195061,4,0,23
9283.0,2496228891,3,2,15
9283.0,cluster_12013799525_12013799526_2496228894,2,0,15
9283.0,cluster_12013799527_12013799528_2190601967,3,2,15
9283.0,cluster_12013799529_12013799530_473195061,4,0,21
9284.0,2496228891,3,2,15
9284.0,cluster_12013799527_12013799528_2190601967,3,2,15
9284.0,cluster_12013799529_12013799530_473195061,4,0,21
9285.0,2496228891,3,2,15
9285.0,cluster_12013799527_12013799528_2190601967,3,2,15
9285.0,cluster_12013799529_12013799530_473195061,4,0,21
9286.0,2496228891,3,2,15
9286.0,cluster_12013799527_12013799528_2190601967,4,2,23
9286.0,cluster_12013799529_12013799530_473195061,5,0,23
9287.0,2496228891,2,2,15
9287.0,cluster_12013799525_12013799526_2496228894,5,2,21
9287.0,cluster_12013799527_12013799528_2190601967,4,2,21
9287.0,cluster_12013799529_12013799530_473195061,4,0,21
9288.0,2496228891,2,2,15
9288.0,cluster_12013799525_12013799526_2496228894,4,2,21
9288.0,cluster_12013799527_12013799528_2190601967,4,2,21
9288.0,cluster_12013799529_12013799530_473195061,4,0,21
9289.0,2496228891,2,2,15
9289.0,cluster_12013799525_12013799526_2496228894,5,2,23
9289.0,cluster_12013799527_12013799528_2190601967,4,2,23
9289.0,cluster_12013799529_12013799530_473195061,4,0,21
9290.0,2496228891,2,2,15
9290.0,cluster_12013799525_12013799526_2496228894,5,2,21
9290.0,cluster_12013799527_12013799528_2190601967,4,2,21
9290.0,cluster_12013799529_12013799530_473195061,4,0,21
9291.0,2496228891,1,2,15
9291.0,cluster_12013799525_12013799526_2496228894,4,2,23
9291.0,cluster_12013799527_12013799528_2190601967,4,2,21
9291.0,cluster_12013799529_12013799530_473195061,3,0,15
9292.0,2496228891,1,2,15
9292.0,cluster_12013799525_12013799526_2496228894,3,2,15
9292.0,cluster_12013799527_12013799528_2190601967,5,2,23
9292.0,cluster_12013799529_12013799530_473195061,3,0,15
9293.0,2496228891,1,2,15
9293.0,cluster_12013799525_12013799526_2496228894,4,2,23
9293.0,cluster_12013799527_12013799528_2190601967,5,2,21
9293.0,cluster_12013799529_12013799530_473195061,3,0,15
9294.0,2496228891,1,2,15
9294.0,cluster_12013799525_12013799526_2496228894,4,2,21
9294.0,cluster_12013799527_12013799528_2190601967,5,2,21
9294.0,cluster_12013799529_12013799530_473195061,2,0,15
9295.0,2496228891,0,2,15
9295.0,cluster_12013799525_12013799526_2496228894,2,2,15
9295.0,cluster_12013799527_12013799528_2190601967,4,2,21
9296.0,2496228891,0,2,15
9296.0,cluster_12013799525_12013799526_2496228894,2,2,15
9296.0,cluster_12013799527_12013799528_2190601967,4,2,21
9297.0,2496228891,0,2,15
9297.0,cluster_12013799525_12013799526_2496228894,3,2,15
9297.0,cluster_12013799527_12013799528_2190601967,3,2,15
9298.0,2496228891,0,2,15
9298.0,cluster_12013799525_12013799526_2496228894,3,2,15
9298.0,cluster_12013799527_12013799528_2190601967,2,2,15
9298.0,cluster_12013799529_12013799530_473195061,8,2,21
9299.0,cluster_12013799525_12013799526_2496228894,2,2,15
9299.0,cluster_12013799529_12013799530_473195061,8,2,21
9300.0,cluster_12013799525_12013799526_2496228894,2,2,15
9300.0,cluster_12013799529_12013799530_473195061,8,2,21
9301.0,cluster_12013799525_12013799526_2496228894,2,2,15
9301.0,cluster_12013799529_12013799530_473195061,8,2,21
9302.0,2496228891,5,0,21
9302.0,cluster_12013799525_12013799526_2496228894,2,2,15
9302.0,cluster_12013799527_12013799528_2190601967,7,0,21
9302.0,cluster_12013799529_12013799530_473195061,8,2,21
9303.0,2496228891,3,0,15
9303.0,cluster_12013799525_12013799526_2496228894,1,2,15
9303.0,cluster_12013799527_12013799528_2190601967,6,0,21
9303.0,cluster_12013799529_12013799530_473195061,7,2,21
9304.0,2496228891,3,0,15
9304.0,cluster_12013799525_12013799526_2496228894,1,2,15
9304.0,cluster_12013799527_12013799528_2190601967,6,0,21
9304.0,cluster_12013799529_12013799530_473195061,7,2,21
9305.0,2496228891,3,0,15
9305.0,cluster_12013799525_12013799526_2496228894,1,2,15
9305.0,cluster_12013799527_12013799528_2190601967,6,0,21
9305.0,cluster_12013799529_12013799530_473195061,7,2,21
9306.0,2496228891,3,0,15
9306.0,cluster_12013799525_12013799526_2496228894,1,2,15
9306.0,cluster_12013799527_12013799528_2190601967,6,0,21
9306.0,cluster_12013799529_12013799530_473195061,7,2,23
9307.0,2496228891,2,0,15
9307.0,cluster_12013799525_12013799526_2496228894,1,2,15
9307.0,cluster_12013799527_12013799528_2190601967,5,0,21
9307.0,cluster_12013799529_12013799530_473195061,6,2,21
9308.0,2496228891,2,0,15
9308.0,cluster_12013799525_12013799526_2496228894,1,2,15
9308.0,cluster_12013799527_12013799528_2190601967,5,0,21
9308.0,cluster_12013799529_12013799530_473195061,5,2,21
9309.0,2496228891,2,0,15
9309.0,cluster_12013799527_12013799528_2190601967,4,0,21
9309.0,cluster_12013799529_12013799530_473195061,4,2,21
9310.0,2496228891,2,0,15
9310.0,cluster_12013799527_12013799528_2190601967,4,0,21
9310.0,cluster_12013799529_12013799530_473195061,5,2,23
9311.0,2496228891,2,0,15
9311.0,cluster_12013799527_12013799528_2190601967,4,0,21
9311.0,cluster_12013799529_12013799530_473195061,5,2,21
9312.0,2496228891,2,0,15
9312.0,cluster_12013799525_12013799526_2496228894,1,0,15
9312.0,cluster_12013799527_12013799528_2190601967,3,0,15
9312.0,cluster_12013799529_12013799530_473195061,5,2,23
9313.0,2496228891,2,0,15
9313.0,cluster_12013799525_12013799526_2496228894,1,0,15
9313.0,cluster_12013799527_12013799528_2190601967,3,0,15
9313.0,cluster_12013799529_12013799530_473195061,5,2,21
9314.0,2496228891,2,0,15
9314.0,cluster_12013799525_12013799526_2496228894,1,0,15
9314.0,cluster_12013799527_12013799528_2190601967,2,0,15
9314.0,cluster_12013799529_12013799530_473195061,4,2,21
9315.0,2496228891,2,0,15
9315.0,cluster_12013799525_12013799526_2496228894,1,0,15
9315.0,cluster_12013799527_12013799528_2190601967,2,0,15
9315.0,cluster_12013799529_12013799530_473195061,5,2,23
9316.0,2496228891,2,0,15
9316.0,cluster_12013799525_12013799526_2496228894,0,0,15
9316.0,cluster_12013799527_12013799528_2190601967,1,0,15
9316.0,cluster_12013799529_12013799530_473195061,5,2,23
9317.0,2496228891,2,0,15
9317.0,cluster_12013799525_12013799526_2496228894,0,0,15
9317.0,cluster_12013799527_12013799528_2190601967,1,0,15
9317.0,cluster_12013799529_12013799530_473195061,5,2,21
9318.0,2496228891,2,0,15
9318.0,cluster_12013799525_12013799526_2496228894,0,0,15
9318.0,cluster_12013799527_12013799528_2190601967,1,0,15
9318.0,cluster_12013799529_12013799530_473195061,5,2,21
9319.0,2496228891,2,0,15
9319.0,cluster_12013799525_12013799526_2496228894,0,0,15
9319.0,cluster_12013799527_12013799528_2190601967,0,0,15
9319.0,cluster_12013799529_12013799530_473195061,5,2,23
9320.0,2496228891,2,0,15
9320.0,cluster_12013799525_12013799526_2496228894,0,0,15
9320.0,cluster_12013799527_12013799528_2190601967,0,0,15
9321.0,2496228891,2,0,15
9321.0,cluster_12013799525_12013799526_2496228894,0,0,15
9321.0,cluster_12013799527_12013799528_2190601967,0,0,15
9322.0,2496228891,2,0,15
9322.0,cluster_12013799525_12013799526_2496228894,0,0,15
9322.0,cluster_12013799527_12013799528_2190601967,0,0,15
9323.0,2496228891,2,0,15
9323.0,cluster_12013799525_12013799526_2496228894,0,0,15
9323.0,cluster_12013799527_12013799528_2190601967,0,0,15
9323.0,cluster_12013799529_12013799530_473195061,2,0,15
9324.0,cluster_12013799525_12013799526_2496228894,0,0,15
9324.0,cluster_12013799529_12013799530_473195061,1,0,15
9325.0,cluster_12013799525_12013799526_2496228894,0,0,15
9325.0,cluster_12013799529_12013799530_473195061,1,0,15
9326.0,cluster_12013799525_12013799526_2496228894,0,0,15
9326.0,cluster_12013799529_12013799530_473195061,1,0,15
9327.0,2496228891,0,2,15
9327.0,cluster_12013799525_12013799526_2496228894,0,0,15
9327.0,cluster_12013799527_12013799528_2190601967,3,2,15
9327.0,cluster_12013799529_12013799530_473195061,0,0,15
9328.0,2496228891,0,2,15
9328.0,cluster_12013799527_12013799528_2190601967,3,2,15
9328.0,cluster_12013799529_12013799530_473195061,0,0,15
9329.0,2496228891,0,2,15
9329.0,cluster_12013799527_12013799528_2190601967,3,2,15
9329.0,cluster_12013799529_12013799530_473195061,0,0,15
9330.0,2496228891,0,2,15
9330.0,cluster_12013799527_12013799528_2190601967,3,2,15
9330.0,cluster_12013799529_12013799530_473195061,0,0,15
9331.0,2496228891,0,2,15
9331.0,cluster_12013799525_12013799526_2496228894,0,2,15
9331.0,cluster_12013799527_12013799528_2190601967,2,2,15
9331.0,cluster_12013799529_12013799530_473195061,0,0,15
9332.0,2496228891,0,2,15
9332.0,cluster_12013799525_12013799526_2496228894,0,2,15
9332.0,cluster_12013799527_12013799528_2190601967,1,2,15
9332.0,cluster_12013799529_12013799530_473195061,0,0,15
9333.0,2496228891,0,2,15
9333.0,cluster_12013799525_12013799526_2496228894,0,2,15
9333.0,cluster_12013799527_12013799528_2190601967,1,2,15
9333.0,cluster_12013799529_12013799530_473195061,0,0,15
9334.0,2496228891,0,2,15
9334.0,cluster_12013799525_12013799526_2496228894,0,2,15
9334.0,cluster_12013799527_12013799528_2190601967,0,2,15
9334.0,cluster_12013799529_12013799530_473195061,0,0,15
9335.0,2496228891,0,2,15
9335.0,cluster_12013799525_12013799526_2496228894,0,2,15
9335.0,cluster_12013799527_12013799528_2190601967,0,2,15
9335.0,cluster_12013799529_12013799530_473195061,0,0,15
9336.0,2496228891,0,2,15
9336.0,cluster_12013799525_12013799526_2496228894,0,2,15
9336.0,cluster_12013799527_12013799528_2190601967,0,2,15
9336.0,cluster_12013799529_12013799530_473195061,0,0,15
9337.0,2496228891,0,2,15
9337.0,cluster_12013799525_12013799526_2496228894,0,2,15
9337.0,cluster_12013799527_12013799528_2190601967,0,2,15
9337.0,cluster_12013799529_12013799530_473195061,0,0,15
9338.0,2496228891,0,2,15
9338.0,cluster_12013799525_12013799526_2496228894,0,2,15
9338.0,cluster_12013799527_12013799528_2190601967,0,2,15
9338.0,cluster_12013799529_12013799530_473195061,0,0,15
9339.0,2496228891,0,2,15
9339.0,cluster_12013799525_12013799526_2496228894,0,2,15
9339.0,cluster_12013799527_12013799528_2190601967,0,2,15
9340.0,2496228891,0,2,15
9340.0,cluster_12013799525_12013799526_2496228894,0,2,15
9340.0,cluster_12013799527_12013799528_2190601967,0,2,15
9341.0,2496228891,0,2,15
9341.0,cluster_12013799525_12013799526_2496228894,0,2,15
9341.0,cluster_12013799527_12013799528_2190601967,0,2,15
9342.0,2496228891,0,2,15
9342.0,cluster_12013799525_12013799526_2496228894,0,2,15
9342.0,cluster_12013799527_12013799528_2190601967,0,2,15
9342.0,cluster_12013799529_12013799530_473195061,9,2,22
9343.0,cluster_12013799525_12013799526_2496228894,0,2,15
9343.0,cluster_12013799529_12013799530_473195061,7,2,21
9344.0,cluster_12013799525_12013799526_2496228894,0,2,15
9344.0,cluster_12013799529_12013799530_473195061,7,2,21
9345.0,cluster_12013799525_12013799526_2496228894,0,2,15
9345.0,cluster_12013799529_12013799530_473195061,7,2,21
9346.0,2496228891,3,0,15
9346.0,cluster_12013799525_12013799526_2496228894,1,2,15
9346.0,cluster_12013799527_12013799528_2190601967,1,0,15
9346.0,cluster_12013799529_12013799530_473195061,8,2,21
9347.0,2496228891,2,0,15
9347.0,cluster_12013799527_12013799528_2190601967,1,0,15
9347.0,cluster_12013799529_12013799530_473195061,6,2,21
9348.0,2496228891,4,0,23
9348.0,cluster_12013799527_12013799528_2190601967,1,0,15
9348.0,cluster_12013799529_12013799530_473195061,6,2,21
9349.0,2496228891,4,0,21
9349.0,cluster_12013799527_12013799528_2190601967,1,0,15
9349.0,cluster_12013799529_12013799530_473195061,5,2,21
9350.0,2496228891,4,0,23
9350.0,cluster_12013799525_12013799526_2496228894,2,0,15
9350.0,cluster_12013799527_12013799528_2190601967,2,0,15
9350.0,cluster_12013799529_12013799530_473195061,5,2,21
9351.0,2496228891,2,0,15
9351.0,cluster_12013799525_12013799526_2496228894,2,0,15
9351.0,cluster_12013799527_12013799528_2190601967,2,0,15
9351.0,cluster_12013799529_12013799530_473195061,5,2,21
9352.0,2496228891,3,0,15
9352.0,cluster_12013799525_12013799526_2496228894,2,0,15
9352.0,cluster_12013799527_12013799528_2190601967,2,0,15
9352.0,cluster_12013799529_12013799530_473195061,4,2,21
9353.0,2496228891,3,0,15
9353.0,cluster_12013799525_12013799526_2496228894,2,0,15
9353.0,cluster_12013799527_12013799528_2190601967,2,0,15
9353.0,cluster_12013799529_12013799530_473195061,4,2,21
9354.0,2496228891,4,0,23
9354.0,cluster_12013799525_12013799526_2496228894,3,0,15
9354.0,cluster_12013799527_12013799528_2190601967,3,0,15
9354.0,cluster_12013799529_12013799530_473195061,5,2,21
9355.0,2496228891,5,0,23
9355.0,cluster_12013799525_12013799526_2496228894,3,0,15
9355.0,cluster_12013799527_12013799528_2190601967,3,0,15
9355.0,cluster_12013799529_12013799530_473195061,4,2,21
9356.0,2496228891,5,0,23
9356.0,cluster_12013799525_12013799526_2496228894,2,0,15
9356.0,cluster_12013799527_12013799528_2190601967,3,0,15
9356.0,cluster_12013799529_12013799530_473195061,4,2,21
9357.0,2496228891,5,0,23
9357.0,cluster_12013799525_12013799526_2496228894,2,0,15
9357.0,cluster_12013799527_12013799528_2190601967,3,0,15
9357.0,cluster_12013799529_12013799530_473195061,3,2,15
9358.0,2496228891,8,0,24
9358.0,cluster_12013799525_12013799526_2496228894,3,0,15
9358.0,cluster_12013799527_12013799528_2190601967,4,0,23
9358.0,cluster_12013799529_12013799530_473195061,4,2,21
9359.0,2496228891,8,0,21
9359.0,cluster_12013799525_12013799526_2496228894,3,0,15
9359.0,cluster_12013799527_12013799528_2190601967,4,0,21
9359.0,cluster_12013799529_12013799530_473195061,4,2,21
9360.0,2496228891,8,0,24
9360.0,cluster_12013799525_12013799526_2496228894,2,0,15
9360.0,cluster_12013799527_12013799528_2190601967,4,0,21
9360.0,cluster_12013799529_12013799530_473195061,4,2,21
9361.0,2496228891,7,0,21
9361.0,cluster_12013799525_12013799526_2496228894,2,0,15
9361.0,cluster_12013799527_12013799528_2190601967,4,0,21
9361.0,cluster_12013799529_12013799530_473195061,4,2,21
9362.0,cluster_12013799525_12013799526_2496228894,2,0,15
9362.0,cluster_12013799529_12013799530_473195061,5,2,23
9363.0,cluster_12013799525_12013799526_2496228894,2,0,15
9363.0,cluster_12013799529_12013799530_473195061,5,2,21
9364.0,cluster_12013799525_12013799526_2496228894,1,0,15
9364.0,cluster_12013799529_12013799530_473195061,5,2,21
9365.0,2496228891,2,2,15
9365.0,cluster_12013799525_12013799526_2496228894,1,0,15
9365.0,cluster_12013799527_12013799528_2190601967,3,2,15
9366.0,2496228891,2,2,15
9366.0,cluster_12013799527_12013799528_2190601967,3,2,15
9367.0,2496228891,2,2,15
9367.0,cluster_12013799527_12013799528_2190601967,3,2,15
9368.0,2496228891,1,2,15
9368.0,cluster_12013799527_12013799528_2190601967,4,2,23
9368.0,cluster_12013799529_12013799530_473195061,4,0,21
9369.0,2496228891,1,2,15
9369.0,cluster_12013799525_12013799526_2496228894,5,2,21
9369.0,cluster_12013799527_12013799528_2190601967,4,2,21
9369.0,cluster_12013799529_12013799530_473195061,4,0,21
9370.0,2496228891,1,2,15
9370.0,cluster_12013799525_12013799526_2496228894,4,2,21
9370.0,cluster_12013799527_12013799528_2190601967,3,2,15
9370.0,cluster_12013799529_12013799530_473195061,4,0,21
9371.0,2496228891,0,2,15
9371.0,cluster_12013799525_12013799526_2496228894,3,2,15
9371.0,cluster_12013799527_12013799528_2190601967,3,2,15
9371.0,cluster_12013799529_12013799530_473195061,4,0,21
9372.0,2496228891,0,2,15
9372.0,cluster_12013799525_12013799526_2496228894,4,2,23
9372.0,cluster_12013799527_12013799528_2190601967,2,2,15
9372.0,cluster_12013799529_12013799530_473195061,3,0,15
9373.0,2496228891,0,2,15
9373.0,cluster_12013799525_12013799526_2496228894,3,2,15
9373.0,cluster_12013799527_12013799528_2190601967,3,2,15
9373.0,cluster_12013799529_12013799530_473195061,3,0,15
9374.0,2496228891,0,2,15
9374.0,cluster_12013799525_12013799526_2496228894,3,2,15
9374.0,cluster_12013799527_12013799528_2190601967,3,2,15
9374.0,cluster_12013799529_12013799530_473195061,3,0,15
9375.0,2496228891,0,2,15
9375.0,cluster_12013799525_12013799526_2496228894,3,2,15
9375.0,cluster_12013799527_12013799528_2190601967,3,2,15
9375.0,cluster_12013799529_12013799530_473195061,2,0,15
9376.0,2496228891,0,2,15
9376.0,cluster_12013799525_12013799526_2496228894,3,2,15
9376.0,cluster_12013799527_12013799528_2190601967,2,2,15
9376.0,cluster_12013799529_12013799530_473195061,2,0,15
9377.0,2496228891,0,2,15
9377.0,cluster_12013799525_12013799526_2496228894,3,2,15
9377.0,cluster_12013799527_12013799528_2190601967,3,2,15
9377.0,cluster_12013799529_12013799530_473195061,1,0,15
9378.0,2496228891,0,2,15
9378.0,cluster_12013799525_12013799526_2496228894,2,2,15
9378.0,cluster_12013799527_12013799528_2190601967,3,2,15
9378.0,cluster_12013799529_12013799530_473195061,1,0,15
9379.0,2496228891,0,2,15
9379.0,cluster_12013799525_12013799526_2496228894,2,2,15
9379.0,cluster_12013799527_12013799528_2190601967,3,2,15
9379.0,cluster_12013799529_12013799530_473195061,1,0,15
9380.0,2496228891,0,2,15
9380.0,cluster_12013799525_12013799526_2496228894,1,2,15
9380.0,cluster_12013799527_12013799528_2190601967,2,2,15
9380.0,cluster_12013799529_12013799530_473195061,0,0,15
9381.0,cluster_12013799525_12013799526_2496228894,1,2,15
9381.0,cluster_12013799529_12013799530_473195061,0,0,15
9382.0,cluster_12013799525_12013799526_2496228894,0,2,15
9382.0,cluster_12013799529_12013799530_473195061,0,0,15
9383.0,cluster_12013799525_12013799526_2496228894,0,2,15
9383.0,cluster_12013799529_12013799530_473195061,0,0,15
9384.0,2496228891,6,0,21
9384.0,cluster_12013799525_12013799526_2496228894,0,2,15
9384.0,cluster_12013799527_12013799528_2190601967,6,0,21
9384.0,cluster_12013799529_12013799530_473195061,0,0,15
9385.0,2496228891,4,0,21
9385.0,cluster_12013799525_12013799526_2496228894,0,2,15
9385.0,cluster_12013799527_12013799528_2190601967,6,0,21
9385.0,cluster_12013799529_12013799530_473195061,0,0,15
9386.0,2496228891,4,0,23
9386.0,cluster_12013799525_12013799526_2496228894,0,2,15
9386.0,cluster_12013799527_12013799528_2190601967,6,0,21
9386.0,cluster_12013799529_12013799530_473195061,0,0,15
9387.0,2496228891,5,0,23
9387.0,cluster_12013799525_12013799526_2496228894,0,2,15
9387.0,cluster_12013799527_12013799528_2190601967,6,0,21
9387.0,cluster_12013799529_12013799530_473195061,0,0,15
9388.0,2496228891,5,0,23
9388.0,cluster_12013799525_12013799526_2496228894,1,2,15
9388.0,cluster_12013799527_12013799528_2190601967,5,0,21
9388.0,cluster_12013799529_12013799530_473195061,0,0,15
9389.0,2496228891,3,0,15
9389.0,cluster_12013799525_12013799526_2496228894,1,2,15
9389.0,cluster_12013799527_12013799528_2190601967,5,0,21
9389.0,cluster_12013799529_12013799530_473195061,0,0,15
9390.0,2496228891,3,0,15
9390.0,cluster_12013799525_12013799526_2496228894,1,2,15
9390.0,cluster_12013799527_12013799528_2190601967,5,0,21
9391.0,2496228891,3,0,15
9391.0,cluster_12013799527_12013799528_2190601967,4,0,21
9392.0,2496228891,2,0,15
9392.0,cluster_12013799527_12013799528_2190601967,4,0,21
9393.0,2496228891,2,0,15
9393.0,cluster_12013799527_12013799528_2190601967,4,0,21
9393.0,cluster_12013799529_12013799530_473195061,6,2,21
9394.0,2496228891,1,0,15
9394.0,cluster_12013799525_12013799526_2496228894,0,0,15
9394.0,cluster_12013799527_12013799528_2190601967,3,0,15
9394.0,cluster_12013799529_12013799530_473195061,4,2,21
9395.0,2496228891,1,0,15
9395.0,cluster_12013799525_12013799526_2496228894,0,0,15
9395.0,cluster_12013799527_12013799528_2190601967,3,0,15
9395.0,cluster_12013799529_12013799530_473195061,5,2,23
9396.0,2496228891,0,0,15
9396.0,cluster_12013799525_12013799526_2496228894,0,0,15
9396.0,cluster_12013799527_12013799528_2190601967,2,0,15
9396.0,cluster_12013799529_12013799530_473195061,4,2,21
9397.0,2496228891,0,0,15
9397.0,cluster_12013799525_12013799526_2496228894,0,0,15
9397.0,cluster_12013799527_12013799528_2190601967,2,0,15
9397.0,cluster_12013799529_12013799530_473195061,5,2,23
9398.0,2496228891,0,0,15
9398.0,cluster_12013799525_12013799526_2496228894,0,0,15
9398.0,cluster_12013799527_12013799528_2190601967,1,0,15
9398.0,cluster_12013799529_12013799530_473195061,4,2,21
9399.0,2496228891,0,0,15
9399.0,cluster_12013799525_12013799526_2496228894,0,0,15
9399.0,cluster_12013799527_12013799528_2190601967,1,0,15
9399.0,cluster_12013799529_12013799530_473195061,5,2,23
9400.0,2496228891,0,0,15
9400.0,cluster_12013799525_12013799526_2496228894,0,0,15
9400.0,cluster_12013799527_12013799528_2190601967,1,0,15
9400.0,cluster_12013799529_12013799530_473195061,5,2,21
9401.0,2496228891,0,0,15
9401.0,cluster_12013799525_12013799526_2496228894,0,0,15
9401.0,cluster_12013799527_12013799528_2190601967,0,0,15
9401.0,cluster_12013799529_12013799530_473195061,5,2,23
9402.0,2496228891,0,0,15
9402.0,cluster_12013799525_12013799526_2496228894,0,0,15
9402.0,cluster_12013799527_12013799528_2190601967,0,0,15
9402.0,cluster_12013799529_12013799530_473195061,4,2,21
9403.0,2496228891,0,0,15
9403.0,cluster_12013799525_12013799526_2496228894,0,0,15
9403.0,cluster_12013799527_12013799528_2190601967,0,0,15
9403.0,cluster_12013799529_12013799530_473195061,5,2,23
9404.0,2496228891,0,0,15
9404.0,cluster_12013799525_12013799526_2496228894,0,0,15
9404.0,cluster_12013799527_12013799528_2190601967,0,0,15
9404.0,cluster_12013799529_12013799530_473195061,4,2,21
9405.0,2496228891,0,0,15
9405.0,cluster_12013799525_12013799526_2496228894,0,0,15
9405.0,cluster_12013799527_12013799528_2190601967,0,0,15
9405.0,cluster_12013799529_12013799530_473195061,4,2,21
9406.0,cluster_12013799525_12013799526_2496228894,0,0,15
9406.0,cluster_12013799529_12013799530_473195061,4,2,21
9407.0,cluster_12013799525_12013799526_2496228894,0,0,15
9407.0,cluster_12013799529_12013799530_473195061,3,2,15
9408.0,cluster_12013799525_12013799526_2496228894,0,0,15
9408.0,cluster_12013799529_12013799530_473195061,3,2,15
9409.0,2496228891,0,2,15
9409.0,cluster_12013799525_12013799526_2496228894,0,0,15
9409.0,cluster_12013799527_12013799528_2190601967,5,2,21
9409.0,cluster_12013799529_12013799530_473195061,3,2,15
9410.0,2496228891,0,2,15
9410.0,cluster_12013799527_12013799528_2190601967,3,2,15
9410.0,cluster_12013799529_12013799530_473195061,2,2,15
9411.0,2496228891,0,2,15
9411.0,cluster_12013799527_12013799528_2190601967,3,2,15
9411.0,cluster_12013799529_12013799530_473195061,2,2,15
9412.0,2496228891,0,2,15
9412.0,cluster_12013799527_12013799528_2190601967,3,2,15
9412.0,cluster_12013799529_12013799530_473195061,1,2,15
9413.0,2496228891,0,2,15
9413.0,cluster_12013799525_12013799526_2496228894,3,2,15
9413.0,cluster_12013799527_12013799528_2190601967,3,2,15
9413.0,cluster_12013799529_12013799530_473195061,1,2,15
9414.0,2496228891,0,2,15
9414.0,cluster_12013799525_12013799526_2496228894,1,2,15
9414.0,cluster_12013799527_12013799528_2190601967,1,2,15
9414.0,cluster_12013799529_12013799530_473195061,2,2,15
9415.0,2496228891,0,2,15
9415.0,cluster_12013799525_12013799526_2496228894,1,2,15
9415.0,cluster_12013799527_12013799528_2190601967,1,2,15
9416.0,2496228891,0,2,15
9416.0,cluster_12013799525_12013799526_2496228894,1,2,15
9416.0,cluster_12013799527_12013799528_2190601967,1,2,15
9417.0,2496228891,0,2,15
9417.0,cluster_12013799525_12013799526_2496228894,1,2,15
9417.0,cluster_12013799527_12013799528_2190601967,0,2,15
9418.0,2496228891,0,2,15
9418.0,cluster_12013799525_12013799526_2496228894,0,2,15
9418.0,cluster_12013799527_12013799528_2190601967,0,2,15
9418.0,cluster_12013799529_12013799530_473195061,0,0,15
9419.0,2496228891,0,2,15
9419.0,cluster_12013799525_12013799526_2496228894,0,2,15
9419.0,cluster_12013799527_12013799528_2190601967,0,2,15
9419.0,cluster_12013799529_12013799530_473195061,0,0,15
9420.0,2496228891,0,2,15
9420.0,cluster_12013799525_12013799526_2496228894,0,2,15
9420.0,cluster_12013799527_12013799528_2190601967,1,2,15
9420.0,cluster_12013799529_12013799530_473195061,0,0,15
9421.0,2496228891,0,2,15
9421.0,cluster_12013799525_12013799526_2496228894,0,2,15
9421.0,cluster_12013799527_12013799528_2190601967,1,2,15
9421.0,cluster_12013799529_12013799530_473195061,0,0,15
9422.0,2496228891,0,2,15
9422.0,cluster_12013799525_12013799526_2496228894,0,2,15
9422.0,cluster_12013799527_12013799528_2190601967,1,2,15
9422.0,cluster_12013799529_12013799530_473195061,0,0,15
9423.0,2496228891,1,2,15
9423.0,cluster_12013799525_12013799526_2496228894,1,2,15
9423.0,cluster_12013799527_12013799528_2190601967,2,2,15
9423.0,cluster_12013799529_12013799530_473195061,1,0,15
9424.0,2496228891,1,2,15
9424.0,cluster_12013799525_12013799526_2496228894,1,2,15
9424.0,cluster_12013799527_12013799528_2190601967,2,2,15
9424.0,cluster_12013799529_12013799530_473195061,1,0,15
9425.0,cluster_12013799525_12013799526_2496228894,1,2,15
9425.0,cluster_12013799527_12013799528_2190601967,2,2,15
9425.0,cluster_12013799529_12013799530_473195061,1,0,15
9426.0,cluster_12013799525_12013799526_2496228894,1,2,15
9426.0,cluster_12013799527_12013799528_2190601967,2,2,15
9426.0,cluster_12013799529_12013799530_473195061,1,0,15
9427.0,cluster_12013799525_12013799526_2496228894,2,2,15
9427.0,cluster_12013799527_12013799528_2190601967,3,2,15
9427.0,cluster_12013799529_12013799530_473195061,2,0,15
9428.0,2496228891,5,0,21
9428.0,cluster_12013799525_12013799526_2496228894,2,2,15
9428.0,cluster_12013799527_12013799528_2190601967,3,2,15
9428.0,cluster_12013799529_12013799530_473195061,2,0,15
9429.0,2496228891,3,0,15
9429.0,cluster_12013799527_12013799528_2190601967,3,2,15
9429.0,cluster_12013799529_12013799530_473195061,2,0,15
9430.0,2496228891,3,0,15
9430.0,cluster_12013799527_12013799528_2190601967,3,2,15
9430.0,cluster_12013799529_12013799530_473195061,2,0,15
9431.0,2496228891,4,0,23
9431.0,cluster_12013799529_12013799530_473195061,3,0,15
9432.0,2496228891,4,0,21
9432.0,cluster_12013799525_12013799526_2496228894,2,0,15
9432.0,cluster_12013799529_12013799530_473195061,3,0,15
9433.0,2496228891,3,0,15
9433.0,cluster_12013799525_12013799526_2496228894,2,0,15
9433.0,cluster_12013799529_12013799530_473195061,3,0,15
9434.0,2496228891,3,0,15
9434.0,cluster_12013799525_12013799526_2496228894,2,0,15
9434.0,cluster_12013799527_12013799528_2190601967,3,0,15
9435.0,2496228891,4,0,23
9435.0,cluster_12013799525_12013799526_2496228894,3,0,15
9435.0,cluster_12013799527_12013799528_2190601967,4,0,23
9436.0,2496228891,4,0,21
9436.0,cluster_12013799525_12013799526_2496228894,2,0,15
9436.0,cluster_12013799527_12013799528_2190601967,4,0,21
9437.0,2496228891,4,0,21
9437.0,cluster_12013799525_12013799526_2496228894,2,0,15
9437.0,cluster_12013799527_12013799528_2190601967,4,0,21
9437.0,cluster_12013799529_12013799530_473195061,6,2,21
9438.0,2496228891,4,0,21
9438.0,cluster_12013799525_12013799526_2496228894,2,0,15
9438.0,cluster_12013799527_12013799528_2190601967,4,0,21
9438.0,cluster_12013799529_12013799530_473195061,5,2,21
9439.0,2496228891,5,0,23
9439.0,cluster_12013799525_12013799526_2496228894,2,0,15
9439.0,cluster_12013799527_12013799528_2190601967,5,0,23
9439.0,cluster_12013799529_12013799530_473195061,6,2,21
9440.0,2496228891,5,0,21
9440.0,cluster_12013799525_12013799526_2496228894,1,0,15
9440.0,cluster_12013799527_12013799528_2190601967,5,0,21
9440.0,cluster_12013799529_12013799530_473195061,6,2,21
9441.0,2496228891,5,0,21
9441.0,cluster_12013799525_12013799526_2496228894,1,0,15
9441.0,cluster_12013799527_12013799528_2190601967,4,0,21
9441.0,cluster_12013799529_12013799530_473195061,4,2,21
9442.0,2496228891,5,0,21
9442.0,cluster_12013799525_12013799526_2496228894,1,0,15
9442.0,cluster_12013799527_12013799528_2190601967,4,0,21
9442.0,cluster_12013799529_12013799530_473195061,4,2,21
9443.0,2496228891,7,0,23
9443.0,cluster_12013799525_12013799526_2496228894,1,0,15
9443.0,cluster_12013799527_12013799528_2190601967,5,0,23
9443.0,cluster_12013799529_12013799530_473195061,5,2,21
9444.0,2496228891,7,0,21
9444.0,cluster_12013799525_12013799526_2496228894,1,0,15
9444.0,cluster_12013799527_12013799528_2190601967,4,0,21
9444.0,cluster_12013799529_12013799530_473195061,4,2,21
9445.0,2496228891,7,0,21
9445.0,cluster_12013799525_12013799526_2496228894,0,0,15
9445.0,cluster_12013799527_12013799528_2190601967,4,0,21
9445.0,cluster_12013799529_12013799530_473195061,4,2,21
9446.0,2496228891,7,0,21
9446.0,cluster_12013799525_12013799526_2496228894,0,0,15
9446.0,cluster_12013799527_12013799528_2190601967,4,0,21
9446.0,cluster_12013799529_12013799530_473195061,5,2,23
9447.0,2496228891,7,0,21
9447.0,cluster_12013799525_12013799526_2496228894,0,0,15
9447.0,cluster_12013799527_12013799528_2190601967,4,0,21
9447.0,cluster_12013799529_12013799530_473195061,5,2,21
9448.0,2496228891,6,0,23
9448.0,cluster_12013799527_12013799528_2190601967,4,0,21
9448.0,cluster_12013799529_12013799530_473195061,5,2,21
9449.0,2496228891,5,0,21
9449.0,cluster_12013799527_12013799528_2190601967,4,0,21
9449.0,cluster_12013799529_12013799530_473195061,6,2,23
9450.0,cluster_12013799529_12013799530_473195061,6,2,21
9451.0,cluster_12013799525_12013799526_2496228894,3,2,15
9451.0,cluster_12013799529_12013799530_473195061,6,2,21
9452.0,cluster_12013799525_12013799526_2496228894,3,2,15
9452.0,cluster_12013799529_12013799530_473195061,6,2,21
9453.0,2496228891,2,2,15
9453.0,cluster_12013799525_12013799526_2496228894,2,2,15
9453.0,cluster_12013799527_12013799528_2190601967,2,2,15
9453.0,cluster_12013799529_12013799530_473195061,6,2,21
9454.0,2496228891,2,2,15
9454.0,cluster_12013799525_12013799526_2496228894,2,2,15
9454.0,cluster_12013799527_12013799528_2190601967,2,2,15
9454.0,cluster_12013799529_12013799530_473195061,6,2,21
9455.0,2496228891,2,2,15
9455.0,cluster_12013799525_12013799526_2496228894,2,2,15
9455.0,cluster_12013799527_12013799528_2190601967,2,2,15
9455.0,cluster_12013799529_12013799530_473195061,6,2,21
9456.0,2496228891,2,2,15
9456.0,cluster_12013799525_12013799526_2496228894,2,2,15
9456.0,cluster_12013799527_12013799528_2190601967,2,2,15
9456.0,cluster_12013799529_12013799530_473195061,5,2,21
9457.0,2496228891,1,2,15
9457.0,cluster_12013799525_12013799526_2496228894,1,2,15
9457.0,cluster_12013799527_12013799528_2190601967,1,2,15
9457.0,cluster_12013799529_12013799530_473195061,5,2,21
9458.0,2496228891,1,2,15
9458.0,cluster_12013799525_12013799526_2496228894,2,2,15
9458.0,cluster_12013799527_12013799528_2190601967,1,2,15
9458.0,cluster_12013799529_12013799530_473195061,5,2,21
9459.0,2496228891,1,2,15
9459.0,cluster_12013799525_12013799526_2496228894,2,2,15
9459.0,cluster_12013799527_12013799528_2190601967,0,2,15
9460.0,2496228891,0,2,15
9460.0,cluster_12013799525_12013799526_2496228894,2,2,15
9460.0,cluster_12013799527_12013799528_2190601967,0,2,15
9461.0,2496228891,0,2,15
9461.0,cluster_12013799525_12013799526_2496228894,2,2,15
9461.0,cluster_12013799527_12013799528_2190601967,0,2,15
9462.0,2496228891,0,2,15
9462.0,cluster_12013799525_12013799526_2496228894,3,2,15
9462.0,cluster_12013799527_12013799528_2190601967,0,2,15
9462.0,cluster_12013799529_12013799530_473195061,5,0,21
9463.0,2496228891,0,2,15
9463.0,cluster_12013799525_12013799526_2496228894,3,2,15
9463.0,cluster_12013799527_12013799528_2190601967,0,2,15
9463.0,cluster_12013799529_12013799530_473195061,4,0,21
9464.0,2496228891,0,2,15
9464.0,cluster_12013799525_12013799526_2496228894,3,2,15
9464.0,cluster_12013799527_12013799528_2190601967,0,2,15
9464.0,cluster_12013799529_12013799530_473195061,4,0,21
9465.0,2496228891,0,2,15
9465.0,cluster_12013799525_12013799526_2496228894,3,2,15
9465.0,cluster_12013799527_12013799528_2190601967,0,2,15
9465.0,cluster_12013799529_12013799530_473195061,4,0,21
9466.0,2496228891,0,2,15
9466.0,cluster_12013799525_12013799526_2496228894,3,2,15
9466.0,cluster_12013799527_12013799528_2190601967,0,2,15
9466.0,cluster_12013799529_12013799530_473195061,4,0,21
9467.0,2496228891,0,2,15
9467.0,cluster_12013799527_12013799528_2190601967,0,2,15
9467.0,cluster_12013799529_12013799530_473195061,3,0,15
9468.0,2496228891,0,2,15
9468.0,cluster_12013799527_12013799528_2190601967,0,2,15
9468.0,cluster_12013799529_12013799530_473195061,3,0,15
9469.0,cluster_12013799529_12013799530_473195061,2,0,15
9470.0,cluster_12013799525_12013799526_2496228894,0,0,15
9470.0,cluster_12013799529_12013799530_473195061,2,0,15
9471.0,cluster_12013799525_12013799526_2496228894,0,0,15
9471.0,cluster_12013799529_12013799530_473195061,2,0,15
9472.0,2496228891,6,0,21
9472.0,cluster_12013799525_12013799526_2496228894,0,0,15
9472.0,cluster_12013799527_12013799528_2190601967,3,0,15
9472.0,cluster_12013799529_12013799530_473195061,1,0,15
9473.0,2496228891,5,0,23
9473.0,cluster_12013799525_12013799526_2496228894,0,0,15
9473.0,cluster_12013799527_12013799528_2190601967,3,0,15
9473.0,cluster_12013799529_12013799530_473195061,1,0,15
9474.0,2496228891,2,0,15
9474.0,cluster_12013799525_12013799526_2496228894,0,0,15
9474.0,cluster_12013799527_12013799528_2190601967,3,0,15
9474.0,cluster_12013799529_12013799530_473195061,0,0,15
9475.0,2496228891,2,0,15
9475.0,cluster_12013799525_12013799526_2496228894,0,0,15
9475.0,cluster_12013799527_12013799528_2190601967,3,0,15
9475.0,cluster_12013799529_12013799530_473195061,0,0,15
9476.0,2496228891,3,0,15
9476.0,cluster_12013799525_12013799526_2496228894,0,0,15
9476.0,cluster_12013799527_12013799528_2190601967,2,0,15
9476.0,cluster_12013799529_12013799530_473195061,0,0,15
9477.0,2496228891,2,0,15
9477.0,cluster_12013799525_12013799526_2496228894,0,0,15
9477.0,cluster_12013799527_12013799528_2190601967,2,0,15
9477.0,cluster_12013799529_12013799530_473195061,0,0,15
9478.0,2496228891,1,0,15
9478.0,cluster_12013799525_12013799526_2496228894,0,0,15
9478.0,cluster_12013799527_12013799528_2190601967,2,0,15
9478.0,cluster_12013799529_12013799530_473195061,0,0,15
9479.0,2496228891,2,0,15
9479.0,cluster_12013799525_12013799526_2496228894,0,0,15
9479.0,cluster_12013799527_12013799528_2190601967,1,0,15
9479.0,cluster_12013799529_12013799530_473195061,0,0,15
9480.0,2496228891,3,0,15
9480.0,cluster_12013799525_12013799526_2496228894,0,0,15
9480.0,cluster_12013799527_12013799528_2190601967,1,0,15
9480.0,cluster_12013799529_12013799530_473195061,0,0,15
9481.0,2496228891,2,0,15
9481.0,cluster_12013799525_12013799526_2496228894,0,0,15
9481.0,cluster_12013799527_12013799528_2190601967,1,0,15
9481.0,cluster_12013799529_12013799530_473195061,0,0,15
9482.0,2496228891,2,0,15
9482.0,cluster_12013799525_12013799526_2496228894,0,0,15
9482.0,cluster_12013799527_12013799528_2190601967,0,0,15
9482.0,cluster_12013799529_12013799530_473195061,0,0,15
9483.0,2496228891,3,0,15
9483.0,cluster_12013799525_12013799526_2496228894,0,0,15
9483.0,cluster_12013799527_12013799528_2190601967,0,0,15
9483.0,cluster_12013799529_12013799530_473195061,0,0,15
9484.0,2496228891,3,0,15
9484.0,cluster_12013799525_12013799526_2496228894,0,0,15
9484.0,cluster_12013799527_12013799528_2190601967,0,0,15
9485.0,2496228891,3,0,15
9485.0,cluster_12013799525_12013799526_2496228894,0,0,15
9485.0,cluster_12013799527_12013799528_2190601967,0,0,15
9486.0,2496228891,2,0,15
9486.0,cluster_12013799527_12013799528_2190601967,0,0,15
9487.0,2496228891,1,0,15
9487.0,cluster_12013799527_12013799528_2190601967,0,0,15
9487.0,cluster_12013799529_12013799530_473195061,6,2,21
9488.0,2496228891,2,0,15
9488.0,cluster_12013799529_12013799530_473195061,5,2,21
9489.0,2496228891,1,0,15
9489.0,cluster_12013799525_12013799526_2496228894,5,2,21
9489.0,cluster_12013799529_12013799530_473195061,5,2,21
9490.0,2496228891,1,0,15
9490.0,cluster_12013799525_12013799526_2496228894,3,2,15
9490.0,cluster_12013799529_12013799530_473195061,5,2,21
9491.0,2496228891,2,0,15
9491.0,cluster_12013799525_12013799526_2496228894,4,2,23
9491.0,cluster_12013799527_12013799528_2190601967,0,2,15
9491.0,cluster_12013799529_12013799530_473195061,4,2,21
9492.0,2496228891,2,0,15
9492.0,cluster_12013799525_12013799526_2496228894,4,2,21
9492.0,cluster_12013799527_12013799528_2190601967,0,2,15
9492.0,cluster_12013799529_12013799530_473195061,3,2,15
9493.0,2496228891,2,0,15
9493.0,cluster_12013799525_12013799526_2496228894,4,2,23
9493.0,cluster_12013799527_12013799528_2190601967,0,2,15
9493.0,cluster_12013799529_12013799530_473195061,3,2,15
9494.0,cluster_12013799525_12013799526_2496228894,3,2,15
9494.0,cluster_12013799527_12013799528_2190601967,1,2,15
9494.0,cluster_12013799529_12013799530_473195061,3,2,15
9495.0,cluster_12013799525_12013799526_2496228894,3,2,15
9495.0,cluster_12013799527_12013799528_2190601967,1,2,15
9495.0,cluster_12013799529_12013799530_473195061,2,2,15
9496.0,cluster_12013799525_12013799526_2496228894,3,2,15
9496.0,cluster_12013799527_12013799528_2190601967,1,2,15
9496.0,cluster_12013799529_12013799530_473195061,2,2,15
9497.0,2496228891,0,2,15
9497.0,cluster_12013799525_12013799526_2496228894,3,2,15
9497.0,cluster_12013799527_12013799528_2190601967,2,2,15
9497.0,cluster_12013799529_12013799530_473195061,1,2,15
9498.0,2496228891,0,2,15
9498.0,cluster_12013799525_12013799526_2496228894,3,2,15
9498.0,cluster_12013799527_12013799528_2190601967,2,2,15
9498.0,cluster_12013799529_12013799530_473195061,1,2,15
9499.0,2496228891,1,2,15
9499.0,cluster_12013799525_12013799526_2496228894,4,2,21
9499.0,cluster_12013799527_12013799528_2190601967,3,2,15
9499.0,cluster_12013799529_12013799530_473195061,1,2,15
9500.0,2496228891,1,2,15
9500.0,cluster_12013799525_12013799526_2496228894,4,2,23
9500.0,cluster_12013799527_12013799528_2190601967,3,2,15
9500.0,cluster_12013799529_12013799530_473195061,1,2,15
9501.0,2496228891,1,2,15
9501.0,cluster_12013799525_12013799526_2496228894,3,2,15
9501.0,cluster_12013799527_12013799528_2190601967,3,2,15
9501.0,cluster_12013799529_12013799530_473195061,1,2,15
9502.0,2496228891,1,2,15
9502.0,cluster_12013799525_12013799526_2496228894,3,2,15
9502.0,cluster_12013799527_12013799528_2190601967,3,2,15
9502.0,cluster_12013799529_12013799530_473195061,1,2,15
9503.0,2496228891,2,2,15
9503.0,cluster_12013799525_12013799526_2496228894,3,2,15
9503.0,cluster_12013799527_12013799528_2190601967,4,2,23
9503.0,cluster_12013799529_12013799530_473195061,2,2,15
9504.0,2496228891,2,2,15
9504.0,cluster_12013799525_12013799526_2496228894,2,2,15
9504.0,cluster_12013799527_12013799528_2190601967,4,2,21
9504.0,cluster_12013799529_12013799530_473195061,2,2,15
9505.0,2496228891,2,2,15
9505.0,cluster_12013799525_12013799526_2496228894,2,2,15
9505.0,cluster_12013799527_12013799528_2190601967,4,2,21
9505.0,cluster_12013799529_12013799530_473195061,2,2,15
9506.0,2496228891,2,2,15
9506.0,cluster_12013799525_12013799526_2496228894,2,2,15
9506.0,cluster_12013799527_12013799528_2190601967,4,2,23
9506.0,cluster_12013799529_12013799530_473195061,2,2,15
9507.0,2496228891,2,2,15
9507.0,cluster_12013799525_12013799526_2496228894,2,2,15
9507.0,cluster_12013799529_12013799530_473195061,3,2,15
9508.0,2496228891,3,2,15
9508.0,cluster_12013799525_12013799526_2496228894,3,2,15
9508.0,cluster_12013799529_12013799530_473195061,3,2,15
9509.0,2496228891,3,2,15
9509.0,cluster_12013799525_12013799526_2496228894,3,2,15
9510.0,2496228891,3,2,15
9510.0,cluster_12013799525_12013799526_2496228894,3,2,15
9510.0,cluster_12013799527_12013799528_2190601967,3,0,15
9511.0,2496228891,2,2,15
9511.0,cluster_12013799527_12013799528_2190601967,4,0,23
9512.0,2496228891,3,2,15
9512.0,cluster_12013799527_12013799528_2190601967,4,0,21
9512.0,cluster_12013799529_12013799530_473195061,4,0,21
9513.0,cluster_12013799527_12013799528_2190601967,4,0,21
9513.0,cluster_12013799529_12013799530_473195061,4,0,21
9514.0,cluster_12013799525_12013799526_2496228894,4,0,21
9514.0,cluster_12013799527_12013799528_2190601967,4,0,21
9514.0,cluster_12013799529_12013799530_473195061,4,0,21
9515.0,cluster_12013799525_12013799526_2496228894,3,0,15
9515.0,cluster_12013799527_12013799528_2190601967,5,0,23
9515.0,cluster_12013799529_12013799530_473195061,5,0,23
9516.0,2496228891,8,0,21
9516.0,cluster_12013799525_12013799526_2496228894,3,0,15
9516.0,cluster_12013799527_12013799528_2190601967,4,0,21
9516.0,cluster_12013799529_12013799530_473195061,4,0,21
9517.0,2496228891,6,0,21
9517.0,cluster_12013799525_12013799526_2496228894,3,0,15
9517.0,cluster_12013799527_12013799528_2190601967,4,0,21
9517.0,cluster_12013799529_12013799530_473195061,4,0,21
9518.0,2496228891,6,0,23
9518.0,cluster_12013799525_12013799526_2496228894,3,0,15
9518.0,cluster_12013799527_12013799528_2190601967,4,0,21
9518.0,cluster_12013799529_12013799530_473195061,4,0,21
9519.0,2496228891,8,0,24
9519.0,cluster_12013799525_12013799526_2496228894,2,0,15
9519.0,cluster_12013799527_12013799528_2190601967,4,0,21
9519.0,cluster_12013799529_12013799530_473195061,4,0,21
9520.0,2496228891,7,0,21
9520.0,cluster_12013799525_12013799526_2496228894,2,0,15
9520.0,cluster_12013799527_12013799528_2190601967,4,0,21
9520.0,cluster_12013799529_12013799530_473195061,3,0,15
9521.0,2496228891,6,0,21
9521.0,cluster_12013799525_12013799526_2496228894,1,0,15
9521.0,cluster_12013799527_12013799528_2190601967,4,0,21
9521.0,cluster_12013799529_12013799530_473195061,3,0,15
9522.0,2496228891,8,0,24
9522.0,cluster_12013799525_12013799526_2496228894,1,0,15
9522.0,cluster_12013799527_12013799528_2190601967,4,0,21
9522.0,cluster_12013799529_12013799530_473195061,3,0,15
9523.0,2496228891,5,0,21
9523.0,cluster_12013799525_12013799526_2496228894,1,0,15
9523.0,cluster_12013799527_12013799528_2190601967,5,0,23
9523.0,cluster_12013799529_12013799530_473195061,3,0,15
9524.0,2496228891,4,0,21
9524.0,cluster_12013799525_12013799526_2496228894,0,0,15
9524.0,cluster_12013799527_12013799528_2190601967,4,0,21
9524.0,cluster_12013799529_12013799530_473195061,2,0,15
9525.0,2496228891,5,0,23
9525.0,cluster_12013799525_12013799526_2496228894,0,0,15
9525.0,cluster_12013799527_12013799528_2190601967,4,0,21
9525.0,cluster_12013799529_12013799530_473195061,2,0,15
9526.0,2496228891,5,0,21
9526.0,cluster_12013799525_12013799526_2496228894,0,0,15
9526.0,cluster_12013799529_12013799530_473195061,2,0,15
9527.0,2496228891,3,0,15
9527.0,cluster_12013799525_12013799526_2496228894,0,0,15
9527.0,cluster_12013799529_12013799530_473195061,2,0,15
9528.0,2496228891,2,0,15
9528.0,cluster_12013799525_12013799526_2496228894,0,0,15
9528.0,cluster_12013799529_12013799530_473195061,1,0,15
9529.0,2496228891,3,0,15
9529.0,cluster_12013799525_12013799526_2496228894,0,0,15
9529.0,cluster_12013799527_12013799528_2190601967,5,2,21
9529.0,cluster_12013799529_12013799530_473195061,1,0,15
9530.0,2496228891,2,0,15
9530.0,cluster_12013799525_12013799526_2496228894,0,0,15
9530.0,cluster_12013799527_12013799528_2190601967,4,2,23
9530.0,cluster_12013799529_12013799530_473195061,1,0,15
9531.0,2496228891,2,0,15
9531.0,cluster_12013799525_12013799526_2496228894,0,0,15
9531.0,cluster_12013799527_12013799528_2190601967,4,2,21
9531.0,cluster_12013799529_12013799530_473195061,1,0,15
9532.0,2496228891,3,0,15
9532.0,cluster_12013799525_12013799526_2496228894,0,0,15
9532.0,cluster_12013799527_12013799528_2190601967,3,2,15
9532.0,cluster_12013799529_12013799530_473195061,1,0,15
9533.0,2496228891,2,0,15
9533.0,cluster_12013799525_12013799526_2496228894,0,0,15
9533.0,cluster_12013799527_12013799528_2190601967,3,2,15
9533.0,cluster_12013799529_12013799530_473195061,0,0,15
9534.0,2496228891,2,0,15
9534.0,cluster_12013799525_12013799526_2496228894,0,0,15
9534.0,cluster_12013799527_12013799528_2190601967,2,2,15
9535.0,2496228891,1,0,15
9535.0,cluster_12013799525_12013799526_2496228894,0,0,15
9535.0,cluster_12013799527_12013799528_2190601967,2,2,15
9536.0,2496228891,1,0,15
9536.0,cluster_12013799527_12013799528_2190601967,1,2,15
9537.0,2496228891,2,0,15
9537.0,cluster_12013799527_12013799528_2190601967,1,2,15
9537.0,cluster_12013799529_12013799530_473195061,7,2,21
9538.0,cluster_12013799527_12013799528_2190601967,1,2,15
9538.0,cluster_12013799529_12013799530_473195061,7,2,23
9539.0,cluster_12013799525_12013799526_2496228894,4,2,21
9539.0,cluster_12013799527_12013799528_2190601967,0,2,15
9539.0,cluster_12013799529_12013799530_473195061,7,2,21
9540.0,cluster_12013799525_12013799526_2496228894,4,2,23
9540.0,cluster_12013799527_12013799528_2190601967,0,2,15
9540.0,cluster_12013799529_12013799530_473195061,7,2,21
9541.0,2496228891,3,2,15
9541.0,cluster_12013799525_12013799526_2496228894,4,2,23
9541.0,cluster_12013799527_12013799528_2190601967,0,2,15
9541.0,cluster_12013799529_12013799530_473195061,8,2,24
9542.0,2496228891,2,2,15
9542.0,cluster_12013799525_12013799526_2496228894,3,2,15
9542.0,cluster_12013799527_12013799528_2190601967,0,2,15
9542.0,cluster_12013799529_12013799530_473195061,8,2,21
9543.0,2496228891,2,2,15
9543.0,cluster_12013799525_12013799526_2496228894,3,2,15
9543.0,cluster_12013799527_12013799528_2190601967,0,2,15
9543.0,cluster_12013799529_12013799530_473195061,8,2,21
9544.0,2496228891,2,2,15
9544.0,cluster_12013799525_12013799526_2496228894,3,2,15
9544.0,cluster_12013799527_12013799528_2190601967,0,2,15
9544.0,cluster_12013799529_12013799530_473195061,8,2,21
9545.0,2496228891,2,2,15
9545.0,cluster_12013799525_12013799526_2496228894,3,2,15
9545.0,cluster_12013799527_12013799528_2190601967,0,2,15
9545.0,cluster_12013799529_12013799530_473195061,7,2,21
9546.0,2496228891,1,2,15
9546.0,cluster_12013799525_12013799526_2496228894,3,2,15
9546.0,cluster_12013799527_12013799528_2190601967,0,2,15
9546.0,cluster_12013799529_12013799530_473195061,7,2,21
9547.0,2496228891,1,2,15
9547.0,cluster_12013799525_12013799526_2496228894,3,2,15
9547.0,cluster_12013799527_12013799528_2190601967,0,2,15
9547.0,cluster_12013799529_12013799530_473195061,6,2,21
9548.0,2496228891,0,2,15
9548.0,cluster_12013799525_12013799526_2496228894,2,2,15
9548.0,cluster_12013799527_12013799528_2190601967,0,2,15
9548.0,cluster_12013799529_12013799530_473195061,6,2,21
9549.0,2496228891,0,2,15
9549.0,cluster_12013799525_12013799526_2496228894,3,2,15
9549.0,cluster_12013799527_12013799528_2190601967,0,2,15
9549.0,cluster_12013799529_12013799530_473195061,5,2,21
9550.0,2496228891,0,2,15
9550.0,cluster_12013799525_12013799526_2496228894,3,2,15
9550.0,cluster_12013799527_12013799528_2190601967,0,2,15
9550.0,cluster_12013799529_12013799530_473195061,5,2,21
9551.0,2496228891,0,2,15
9551.0,cluster_12013799525_12013799526_2496228894,2,2,15
9551.0,cluster_12013799529_12013799530_473195061,4,2,21
9552.0,2496228891,0,2,15
9552.0,cluster_12013799525_12013799526_2496228894,3,2,15
9552.0,cluster_12013799529_12013799530_473195061,4,2,21
9553.0,2496228891,0,2,15
9553.0,cluster_12013799525_12013799526_2496228894,3,2,15
9553.0,cluster_12013799529_12013799530_473195061,4,2,21
9554.0,2496228891,0,2,15
9554.0,cluster_12013799525_12013799526_2496228894,3,2,15
9554.0,cluster_12013799527_12013799528_2190601967,4,0,21
9554.0,cluster_12013799529_12013799530_473195061,4,2,21
9555.0,2496228891,0,2,15
9555.0,cluster_12013799525_12013799526_2496228894,3,2,15
9555.0,cluster_12013799527_12013799528_2190601967,3,0,15
9555.0,cluster_12013799529_12013799530_473195061,3,2,15
9556.0,2496228891,0,2,15
9556.0,cluster_12013799525_12013799526_2496228894,2,2,15
9556.0,cluster_12013799527_12013799528_2190601967,3,0,15
9556.0,cluster_12013799529_12013799530_473195061,3,2,15
9557.0,cluster_12013799525_12013799526_2496228894,2,2,15
9557.0,cluster_12013799527_12013799528_2190601967,3,0,15
9557.0,cluster_12013799529_12013799530_473195061,3,2,15
9558.0,cluster_12013799525_12013799526_2496228894,2,2,15
9558.0,cluster_12013799527_12013799528_2190601967,3,0,15
9558.0,cluster_12013799529_12013799530_473195061,3,2,15
9559.0,cluster_12013799525_12013799526_2496228894,1,2,15
9559.0,cluster_12013799527_12013799528_2190601967,2,0,15
9560.0,2496228891,3,0,15
9560.0,cluster_12013799525_12013799526_2496228894,1,2,15
9560.0,cluster_12013799527_12013799528_2190601967,2,0,15
9561.0,2496228891,3,0,15
9561.0,cluster_12013799527_12013799528_2190601967,2,0,15
9562.0,2496228891,3,0,15
9562.0,cluster_12013799527_12013799528_2190601967,1,0,15
9562.0,cluster_12013799529_12013799530_473195061,0,0,15
9563.0,2496228891,3,0,15
9563.0,cluster_12013799527_12013799528_2190601967,1,0,15
9563.0,cluster_12013799529_12013799530_473195061,0,0,15
9564.0,2496228891,1,0,15
9564.0,cluster_12013799525_12013799526_2496228894,0,0,15
9564.0,cluster_12013799527_12013799528_2190601967,0,0,15
9564.0,cluster_12013799529_12013799530_473195061,0,0,15
9565.0,2496228891,1,0,15
9565.0,cluster_12013799525_12013799526_2496228894,0,0,15
9565.0,cluster_12013799527_12013799528_2190601967,0,0,15
9565.0,cluster_12013799529_12013799530_473195061,0,0,15
9566.0,2496228891,1,0,15
9566.0,cluster_12013799525_12013799526_2496228894,0,0,15
9566.0,cluster_12013799527_12013799528_2190601967,0,0,15
9566.0,cluster_12013799529_12013799530_473195061,0,0,15
9567.0,2496228891,0,0,15
9567.0,cluster_12013799525_12013799526_2496228894,0,0,15
9567.0,cluster_12013799527_12013799528_2190601967,0,0,15
9567.0,cluster_12013799529_12013799530_473195061,0,0,15
9568.0,2496228891,0,0,15
9568.0,cluster_12013799525_12013799526_2496228894,0,0,15
9568.0,cluster_12013799527_12013799528_2190601967,0,0,15
9568.0,cluster_12013799529_12013799530_473195061,0,0,15
9569.0,2496228891,0,0,15
9569.0,cluster_12013799525_12013799526_2496228894,0,0,15
9569.0,cluster_12013799527_12013799528_2190601967,0,0,15
9569.0,cluster_12013799529_12013799530_473195061,0,0,15
9570.0,2496228891,0,0,15
9570.0,cluster_12013799525_12013799526_2496228894,0,0,15
9570.0,cluster_12013799527_12013799528_2190601967,0,0,15
9570.0,cluster_12013799529_12013799530_473195061,0,0,15
9571.0,2496228891,0,0,15
9571.0,cluster_12013799525_12013799526_2496228894,0,0,15
9571.0,cluster_12013799527_12013799528_2190601967,0,0,15
9571.0,cluster_12013799529_12013799530_473195061,0,0,15
9572.0,2496228891,0,0,15
9572.0,cluster_12013799525_12013799526_2496228894,0,0,15
9572.0,cluster_12013799527_12013799528_2190601967,0,0,15
9572.0,cluster_12013799529_12013799530_473195061,0,0,15
9573.0,2496228891,0,0,15
9573.0,cluster_12013799525_12013799526_2496228894,0,0,15
9573.0,cluster_12013799527_12013799528_2190601967,0,0,15
9573.0,cluster_12013799529_12013799530_473195061,0,0,15
9574.0,2496228891,0,0,15
9574.0,cluster_12013799525_12013799526_2496228894,0,0,15
9574.0,cluster_12013799527_12013799528_2190601967,0,0,15
9574.0,cluster_12013799529_12013799530_473195061,0,0,15
9575.0,2496228891,0,0,15
9575.0,cluster_12013799525_12013799526_2496228894,0,0,15
9575.0,cluster_12013799527_12013799528_2190601967,0,0,15
9575.0,cluster_12013799529_12013799530_473195061,0,0,15
9576.0,cluster_12013799525_12013799526_2496228894,1,0,15
9576.0,cluster_12013799529_12013799530_473195061,1,0,15
9577.0,cluster_12013799525_12013799526_2496228894,1,0,15
9577.0,cluster_12013799529_12013799530_473195061,1,0,15
9578.0,cluster_12013799525_12013799526_2496228894,1,0,15
9579.0,2496228891,1,2,15
9579.0,cluster_12013799525_12013799526_2496228894,1,0,15
9579.0,cluster_12013799527_12013799528_2190601967,2,2,15
9580.0,2496228891,2,2,15
9580.0,cluster_12013799527_12013799528_2190601967,2,2,15
9581.0,2496228891,2,2,15
9581.0,cluster_12013799527_12013799528_2190601967,2,2,15
9581.0,cluster_12013799529_12013799530_473195061,5,2,21
9582.0,2496228891,2,2,15
9582.0,cluster_12013799527_12013799528_2190601967,2,2,15
9582.0,cluster_12013799529_12013799530_473195061,4,2,21
9583.0,2496228891,2,2,15
9583.0,cluster_12013799525_12013799526_2496228894,5,2,21
9583.0,cluster_12013799527_12013799528_2190601967,2,2,15
9583.0,cluster_12013799529_12013799530_473195061,4,2,21
9584.0,2496228891,2,2,15
9584.0,cluster_12013799525_12013799526_2496228894,4,2,21
9584.0,cluster_12013799527_12013799528_2190601967,3,2,15
9584.0,cluster_12013799529_12013799530_473195061,5,2,23
9585.0,2496228891,3,2,15
9585.0,cluster_12013799525_12013799526_2496228894,5,2,21
9585.0,cluster_12013799527_12013799528_2190601967,3,2,15
9585.0,cluster_12013799529_12013799530_473195061,5,2,21
9586.0,2496228891,3,2,15
9586.0,cluster_12013799525_12013799526_2496228894,5,2,21
9586.0,cluster_12013799527_12013799528_2190601967,3,2,15
9586.0,cluster_12013799529_12013799530_473195061,4,2,21
9587.0,2496228891,3,2,15
9587.0,cluster_12013799525_12013799526_2496228894,4,2,21
9587.0,cluster_12013799527_12013799528_2190601967,3,2,15
9587.0,cluster_12013799529_12013799530_473195061,4,2,21
9588.0,2496228891,2,2,15
9588.0,cluster_12013799525_12013799526_2496228894,2,2,15
9588.0,cluster_12013799527_12013799528_2190601967,5,2,23
9588.0,cluster_12013799529_12013799530_473195061,5,2,23
9589.0,2496228891,3,2,15
9589.0,cluster_12013799525_12013799526_2496228894,3,2,15
9589.0,cluster_12013799527_12013799528_2190601967,5,2,21
9589.0,cluster_12013799529_12013799530_473195061,4,2,21
9590.0,2496228891,3,2,15
9590.0,cluster_12013799525_12013799526_2496228894,3,2,15
9590.0,cluster_12013799527_12013799528_2190601967,6,2,23
9590.0,cluster_12013799529_12013799530_473195061,4,2,21
9591.0,2496228891,3,2,15
9591.0,cluster_12013799525_12013799526_2496228894,3,2,15
9591.0,cluster_12013799527_12013799528_2190601967,6,2,21
9591.0,cluster_12013799529_12013799530_473195061,4,2,21
9592.0,2496228891,2,2,15
9592.0,cluster_12013799525_12013799526_2496228894,2,2,15
9592.0,cluster_12013799527_12013799528_2190601967,6,2,21
9592.0,cluster_12013799529_12013799530_473195061,5,2,23
9593.0,2496228891,2,2,15
9593.0,cluster_12013799525_12013799526_2496228894,2,2,15
9593.0,cluster_12013799527_12013799528_2190601967,6,2,21
9593.0,cluster_12013799529_12013799530_473195061,5,2,21
9594.0,2496228891,2,2,15
9594.0,cluster_12013799525_12013799526_2496228894,2,2,15
9594.0,cluster_12013799527_12013799528_2190601967,6,2,21
9594.0,cluster_12013799529_12013799530_473195061,5,2,21
9595.0,cluster_12013799525_12013799526_2496228894,3,2,15
9595.0,cluster_12013799529_12013799530_473195061,5,2,21
9596.0,cluster_12013799525_12013799526_2496228894,3,2,15
9596.0,cluster_12013799529_12013799530_473195061,6,2,23
9597.0,cluster_12013799525_12013799526_2496228894,3,2,15
9597.0,cluster_12013799529_12013799530_473195061,6,2,21
9598.0,2496228891,7,0,21
9598.0,cluster_12013799525_12013799526_2496228894,3,2,15
9598.0,cluster_12013799527_12013799528_2190601967,6,0,21
9598.0,cluster_12013799529_12013799530_473195061,6,2,21
9599.0,2496228891,7,0,21
9599.0,cluster_12013799525_12013799526_2496228894,3,2,15
9599.0,cluster_12013799527_12013799528_2190601967,5,0,21
9599.0,cluster_12013799529_12013799530_473195061,5,2,21
9600.0,2496228891,7,0,23
9600.0,cluster_12013799525_12013799526_2496228894,3,2,15
9600.0,cluster_12013799527_12013799528_2190601967,6,0,23
9600.0,cluster_12013799529_12013799530_473195061,6,2,21
9601.0,2496228891,6,0,21
9601.0,cluster_12013799525_12013799526_2496228894,3,2,15
9601.0,cluster_12013799527_12013799528_2190601967,6,0,21
9601.0,cluster_12013799529_12013799530_473195061,6,2,21
9602.0,2496228891,6,0,23
9602.0,cluster_12013799525_12013799526_2496228894,3,2,15
9602.0,cluster_12013799527_12013799528_2190601967,5,0,21
9602.0,cluster_12013799529_12013799530_473195061,5,2,21
9603.0,2496228891,5,0,21
9603.0,cluster_12013799525_12013799526_2496228894,4,2,23
9603.0,cluster_12013799527_12013799528_2190601967,5,0,21
9604.0,2496228891,5,0,21
9604.0,cluster_12013799525_12013799526_2496228894,4,2,21
9604.0,cluster_12013799527_12013799528_2190601967,5,0,21
9605.0,2496228891,5,0,21
9605.0,cluster_12013799527_12013799528_2190601967,4,0,21
9606.0,2496228891,4,0,21
9606.0,cluster_12013799527_12013799528_2190601967,4,0,21
9606.0,cluster_12013799529_12013799530_473195061,4,0,21
9607.0,2496228891,4,0,21
9607.0,cluster_12013799527_12013799528_2190601967,4,0,21
9607.0,cluster_12013799529_12013799530_473195061,4,0,21
9608.0,2496228891,4,0,21
9608.0,cluster_12013799525_12013799526_2496228894,4,0,21
9608.0,cluster_12013799527_12013799528_2190601967,3,0,15
9608.0,cluster_12013799529_12013799530_473195061,4,0,21
9609.0,2496228891,4,0,21
9609.0,cluster_12013799525_12013799526_2496228894,3,0,15
9609.0,cluster_12013799527_12013799528_2190601967,3,0,15
9609.0,cluster_12013799529_12013799530_473195061,4,0,21
9610.0,2496228891,3,0,15
9610.0,cluster_12013799525_12013799526_2496228894,3,0,15
9610.0,cluster_12013799527_12013799528_2190601967,2,0,15
9610.0,cluster_12013799529_12013799530_473195061,3,0,15
9611.0,2496228891,5,0,23
9611.0,cluster_12013799525_12013799526_2496228894,3,0,15
9611.0,cluster_12013799527_12013799528_2190601967,2,0,15
9611.0,cluster_12013799529_12013799530_473195061,3,0,15
9612.0,2496228891,5,0,21
9612.0,cluster_12013799525_12013799526_2496228894,3,0,15
9612.0,cluster_12013799527_12013799528_2190601967,2,0,15
9612.0,cluster_12013799529_12013799530_473195061,3,0,15
9613.0,2496228891,6,0,23
9613.0,cluster_12013799525_12013799526_2496228894,2,0,15
9613.0,cluster_12013799527_12013799528_2190601967,1,0,15
9613.0,cluster_12013799529_12013799530_473195061,2,0,15
9614.0,2496228891,6,0,21
9614.0,cluster_12013799525_12013799526_2496228894,2,0,15
9614.0,cluster_12013799527_12013799528_2190601967,1,0,15
9614.0,cluster_12013799529_12013799530_473195061,2,0,15
9615.0,2496228891,6,0,21
9615.0,cluster_12013799525_12013799526_2496228894,1,0,15
9615.0,cluster_12013799527_12013799528_2190601967,1,0,15
9615.0,cluster_12013799529_12013799530_473195061,2,0,15
9616.0,2496228891,3,0,15
9616.0,cluster_12013799525_12013799526_2496228894,1,0,15
9616.0,cluster_12013799527_12013799528_2190601967,1,0,15
9616.0,cluster_12013799529_12013799530_473195061,1,0,15
9617.0,2496228891,4,0,23
9617.0,cluster_12013799525_12013799526_2496228894,1,0,15
9617.0,cluster_12013799527_12013799528_2190601967,0,0,15
9617.0,cluster_12013799529_12013799530_473195061,1,0,15
9618.0,2496228891,2,0,15
9618.0,cluster_12013799525_12013799526_2496228894,0,0,15
9618.0,cluster_12013799527_12013799528_2190601967,0,0,15
9618.0,cluster_12013799529_12013799530_473195061,1,0,15
9619.0,2496228891,2,0,15
9619.0,cluster_12013799525_12013799526_2496228894,0,0,15
9619.0,cluster_12013799527_12013799528_2190601967,0,0,15
9619.0,cluster_12013799529_12013799530_473195061,0,0,15
9620.0,cluster_12013799525_12013799526_2496228894,0,0,15
9620.0,cluster_12013799529_12013799530_473195061,0,0,15
9621.0,cluster_12013799525_12013799526_2496228894,0,0,15
9621.0,cluster_12013799529_12013799530_473195061,0,0,15
9622.0,cluster_12013799525_12013799526_2496228894,0,0,15
9622.0,cluster_12013799529_12013799530_473195061,0,0,15
9623.0,2496228891,2,2,15
9623.0,cluster_12013799525_12013799526_2496228894,0,0,15
9623.0,cluster_12013799527_12013799528_2190601967,5,2,21
9623.0,cluster_12013799529_12013799530_473195061,0,0,15
9624.0,2496228891,1,2,15
9624.0,cluster_12013799525_12013799526_2496228894,0,0,15
9624.0,cluster_12013799527_12013799528_2190601967,4,2,23
9624.0,cluster_12013799529_12013799530_473195061,0,0,15
9625.0,2496228891,1,2,15
9625.0,cluster_12013799525_12013799526_2496228894,0,0,15
9625.0,cluster_12013799527_12013799528_2190601967,4,2,21
9625.0,cluster_12013799529_12013799530_473195061,0,0,15
9626.0,2496228891,1,2,15
9626.0,cluster_12013799525_12013799526_2496228894,0,0,15
9626.0,cluster_12013799527_12013799528_2190601967,3,2,15
9626.0,cluster_12013799529_12013799530_473195061,0,0,15
9627.0,2496228891,0,2,15
9627.0,cluster_12013799525_12013799526_2496228894,0,0,15
9627.0,cluster_12013799527_12013799528_2190601967,3,2,15
9627.0,cluster_12013799529_12013799530_473195061,0,0,15
9628.0,2496228891,0,2,15
9628.0,cluster_12013799525_12013799526_2496228894,0,0,15
9628.0,cluster_12013799527_12013799528_2190601967,2,2,15
9629.0,2496228891,0,2,15
9629.0,cluster_12013799525_12013799526_2496228894,0,0,15
9629.0,cluster_12013799527_12013799528_2190601967,2,2,15
9630.0,2496228891,0,2,15
9630.0,cluster_12013799527_12013799528_2190601967,1,2,15
9631.0,2496228891,0,2,15
9631.0,cluster_12013799527_12013799528_2190601967,1,2,15
9631.0,cluster_12013799529_12013799530_473195061,7,2,21
9632.0,2496228891,0,2,15
9632.0,cluster_12013799527_12013799528_2190601967,0,2,15
9632.0,cluster_12013799529_12013799530_473195061,7,2,23
9633.0,2496228891,0,2,15
9633.0,cluster_12013799525_12013799526_2496228894,3,2,15
9633.0,cluster_12013799527_12013799528_2190601967,0,2,15
9633.0,cluster_12013799529_12013799530_473195061,7,2,21
9634.0,2496228891,0,2,15
9634.0,cluster_12013799525_12013799526_2496228894,2,2,15
9634.0,cluster_12013799527_12013799528_2190601967,0,2,15
9634.0,cluster_12013799529_12013799530_473195061,8,2,24
9635.0,2496228891,0,2,15
9635.0,cluster_12013799525_12013799526_2496228894,2,2,15
9635.0,cluster_12013799527_12013799528_2190601967,0,2,15
9635.0,cluster_12013799529_12013799530_473195061,8,2,21
9636.0,2496228891,0,2,15
9636.0,cluster_12013799525_12013799526_2496228894,2,2,15
9636.0,cluster_12013799527_12013799528_2190601967,0,2,15
9636.0,cluster_12013799529_12013799530_473195061,6,2,21
9637.0,2496228891,0,2,15
9637.0,cluster_12013799525_12013799526_2496228894,2,2,15
9637.0,cluster_12013799527_12013799528_2190601967,0,2,15
9637.0,cluster_12013799529_12013799530_473195061,6,2,21
9638.0,2496228891,0,2,15
9638.0,cluster_12013799525_12013799526_2496228894,2,2,15
9638.0,cluster_12013799527_12013799528_2190601967,0,2,15
9638.0,cluster_12013799529_12013799530_473195061,5,2,21
9639.0,cluster_12013799525_12013799526_2496228894,1,2,15
9639.0,cluster_12013799527_12013799528_2190601967,0,2,15
9639.0,cluster_12013799529_12013799530_473195061,5,2,21
9640.0,cluster_12013799525_12013799526_2496228894,1,2,15
9640.0,cluster_12013799527_12013799528_2190601967,0,2,15
9640.0,cluster_12013799529_12013799530_473195061,5,2,23
9641.0,cluster_12013799525_12013799526_2496228894,0,2,15
9641.0,cluster_12013799527_12013799528_2190601967,1,2,15
9641.0,cluster_12013799529_12013799530_473195061,4,2,21
9642.0,2496228891,3,0,15
9642.0,cluster_12013799525_12013799526_2496228894,0,2,15
9642.0,cluster_12013799527_12013799528_2190601967,1,2,15
9642.0,cluster_12013799529_12013799530_473195061,4,2,21
9643.0,2496228891,3,0,15
9643.0,cluster_12013799525_12013799526_2496228894,0,2,15
9643.0,cluster_12013799527_12013799528_2190601967,2,2,15
9643.0,cluster_12013799529_12013799530_473195061,3,2,15
9644.0,2496228891,3,0,15
9644.0,cluster_12013799525_12013799526_2496228894,0,2,15
9644.0,cluster_12013799527_12013799528_2190601967,2,2,15
9644.0,cluster_12013799529_12013799530_473195061,3,2,15
9645.0,2496228891,4,0,23
9645.0,cluster_12013799525_12013799526_2496228894,1,2,15
9645.0,cluster_12013799529_12013799530_473195061,2,2,15
9646.0,2496228891,3,0,15
9646.0,cluster_12013799525_12013799526_2496228894,1,2,15
9646.0,cluster_12013799529_12013799530_473195061,2,2,15
9647.0,2496228891,4,0,23
9647.0,cluster_12013799525_12013799526_2496228894,1,2,15
9647.0,cluster_12013799529_12013799530_473195061,1,2,15
9648.0,2496228891,3,0,15
9648.0,cluster_12013799525_12013799526_2496228894,2,2,15
9648.0,cluster_12013799527_12013799528_2190601967,0,0,15
9648.0,cluster_12013799529_12013799530_473195061,1,2,15
9649.0,2496228891,5,0,23
9649.0,cluster_12013799527_12013799528_2190601967,0,0,15
9649.0,cluster_12013799529_12013799530_473195061,1,2,15
9650.0,2496228891,4,0,21
9650.0,cluster_12013799527_12013799528_2190601967,0,0,15
9650.0,cluster_12013799529_12013799530_473195061,0,2,15
9651.0,2496228891,4,0,23
9651.0,cluster_12013799527_12013799528_2190601967,0,0,15
9651.0,cluster_12013799529_12013799530_473195061,0,2,15
9652.0,2496228891,3,0,15
9652.0,cluster_12013799525_12013799526_2496228894,0,0,15
9652.0,cluster_12013799527_12013799528_2190601967,0,0,15
9652.0,cluster_12013799529_12013799530_473195061,0,2,15
9653.0,2496228891,2,0,15
9653.0,cluster_12013799525_12013799526_2496228894,1,0,15
9653.0,cluster_12013799527_12013799528_2190601967,1,0,15
9654.0,2496228891,1,0,15
9654.0,cluster_12013799525_12013799526_2496228894,1,0,15
9654.0,cluster_12013799527_12013799528_2190601967,1,0,15
9655.0,2496228891,2,0,15
9655.0,cluster_12013799525_12013799526_2496228894,1,0,15
9655.0,cluster_12013799527_12013799528_2190601967,1,0,15
9656.0,2496228891,2,0,15
9656.0,cluster_12013799525_12013799526_2496228894,1,0,15
9656.0,cluster_12013799527_12013799528_2190601967,1,0,15
9656.0,cluster_12013799529_12013799530_473195061,1,0,15
9657.0,2496228891,4,0,23
9657.0,cluster_12013799525_12013799526_2496228894,2,0,15
9657.0,cluster_12013799527_12013799528_2190601967,2,0,15
9657.0,cluster_12013799529_12013799530_473195061,2,0,15
9658.0,cluster_12013799525_12013799526_2496228894,2,0,15
9658.0,cluster_12013799527_12013799528_2190601967,2,0,15
9658.0,cluster_12013799529_12013799530_473195061,2,0,15
9659.0,cluster_12013799525_12013799526_2496228894,2,0,15
9659.0,cluster_12013799527_12013799528_2190601967,2,0,15
9659.0,cluster_12013799529_12013799530_473195061,2,0,15
9660.0,cluster_12013799525_12013799526_2496228894,3,0,15
9660.0,cluster_12013799527_12013799528_2190601967,2,0,15
9660.0,cluster_12013799529_12013799530_473195061,2,0,15
9661.0,2496228891,3,2,15
9661.0,cluster_12013799525_12013799526_2496228894,3,0,15
9661.0,cluster_12013799527_12013799528_2190601967,3,0,15
9661.0,cluster_12013799529_12013799530_473195061,3,0,15
9662.0,2496228891,3,2,15
9662.0,cluster_12013799525_12013799526_2496228894,2,0,15
9662.0,cluster_12013799527_12013799528_2190601967,3,0,15
9662.0,cluster_12013799529_12013799530_473195061,3,0,15
9663.0,2496228891,3,2,15
9663.0,cluster_12013799525_12013799526_2496228894,2,0,15
9663.0,cluster_12013799527_12013799528_2190601967,3,0,15
9663.0,cluster_12013799529_12013799530_473195061,3,0,15
9664.0,2496228891,3,2,15
9664.0,cluster_12013799525_12013799526_2496228894,2,0,15
9664.0,cluster_12013799529_12013799530_473195061,3,0,15
9665.0,2496228891,2,2,15
9665.0,cluster_12013799525_12013799526_2496228894,3,0,15
9665.0,cluster_12013799529_12013799530_473195061,4,0,23
9666.0,2496228891,3,2,15
9666.0,cluster_12013799525_12013799526_2496228894,2,0,15
9666.0,cluster_12013799529_12013799530_473195061,4,0,21
9667.0,2496228891,3,2,15
9667.0,cluster_12013799525_12013799526_2496228894,2,0,15
9667.0,cluster_12013799527_12013799528_2190601967,5,2,21
9667.0,cluster_12013799529_12013799530_473195061,4,0,21
9668.0,2496228891,3,2,15
9668.0,cluster_12013799527_12013799528_2190601967,3,2,15
9668.0,cluster_12013799529_12013799530_473195061,4,0,21
9669.0,2496228891,2,2,15
9669.0,cluster_12013799527_12013799528_2190601967,4,2,23
9669.0,cluster_12013799529_12013799530_473195061,3,0,15
9670.0,2496228891,3,2,15
9670.0,cluster_12013799527_12013799528_2190601967,4,2,21
9670.0,cluster_12013799529_12013799530_473195061,4,0,23
9671.0,2496228891,2,2,15
9671.0,cluster_12013799525_12013799526_2496228894,5,2,21
9671.0,cluster_12013799527_12013799528_2190601967,4,2,21
9671.0,cluster_12013799529_12013799530_473195061,4,0,21
9672.0,2496228891,2,2,15
9672.0,cluster_12013799525_12013799526_2496228894,4,2,21
9672.0,cluster_12013799527_12013799528_2190601967,4,2,21
9673.0,2496228891,2,2,15
9673.0,cluster_12013799525_12013799526_2496228894,4,2,21
9673.0,cluster_12013799527_12013799528_2190601967,4,2,21
9674.0,2496228891,2,2,15
9674.0,cluster_12013799525_12013799526_2496228894,5,2,23
9674.0,cluster_12013799527_12013799528_2190601967,2,2,15
9675.0,2496228891,1,2,15
9675.0,cluster_12013799525_12013799526_2496228894,3,2,15
9675.0,cluster_12013799527_12013799528_2190601967,3,2,15
9675.0,cluster_12013799529_12013799530_473195061,8,2,21
9676.0,2496228891,1,2,15
9676.0,cluster_12013799525_12013799526_2496228894,3,2,15
9676.0,cluster_12013799527_12013799528_2190601967,4,2,23
9676.0,cluster_12013799529_12013799530_473195061,8,2,21
9677.0,cluster_12013799525_12013799526_2496228894,3,2,15
9677.0,cluster_12013799527_12013799528_2190601967,4,2,23
9677.0,cluster_12013799529_12013799530_473195061,9,2,25
9678.0,cluster_12013799525_12013799526_2496228894,3,2,15
9678.0,cluster_12013799527_12013799528_2190601967,4,2,21
9678.0,cluster_12013799529_12013799530_473195061,9,2,22
9679.0,cluster_12013799525_12013799526_2496228894,3,2,15
9679.0,cluster_12013799527_12013799528_2190601967,4,2,21
9679.0,cluster_12013799529_12013799530_473195061,9,2,22
9680.0,2496228891,6,0,21
9680.0,cluster_12013799525_12013799526_2496228894,3,2,15
9680.0,cluster_12013799527_12013799528_2190601967,3,2,15
9680.0,cluster_12013799529_12013799530_473195061,9,2,22
9681.0,2496228891,4,0,21
9681.0,cluster_12013799525_12013799526_2496228894,3,2,15
9681.0,cluster_12013799527_12013799528_2190601967,3,2,15
9681.0,cluster_12013799529_12013799530_473195061,9,2,22
9682.0,2496228891,4,0,21
9682.0,cluster_12013799525_12013799526_2496228894,3,2,15
9682.0,cluster_12013799527_12013799528_2190601967,2,2,15
9682.0,cluster_12013799529_12013799530_473195061,8,2,21
9683.0,2496228891,4,0,21
9683.0,cluster_12013799525_12013799526_2496228894,3,2,15
9683.0,cluster_12013799527_12013799528_2190601967,3,2,15
9683.0,cluster_12013799529_12013799530_473195061,8,2,21
9684.0,2496228891,4,0,21
9684.0,cluster_12013799525_12013799526_2496228894,3,2,15
9684.0,cluster_12013799527_12013799528_2190601967,3,2,15
9684.0,cluster_12013799529_12013799530_473195061,7,2,21
9685.0,2496228891,4,0,21
9685.0,cluster_12013799525_12013799526_2496228894,3,2,15
9685.0,cluster_12013799527_12013799528_2190601967,3,2,15
9685.0,cluster_12013799529_12013799530_473195061,7,2,21
9686.0,2496228891,4,0,21
9686.0,cluster_12013799525_12013799526_2496228894,3,2,15
9686.0,cluster_12013799527_12013799528_2190601967,3,2,15
9686.0,cluster_12013799529_12013799530_473195061,7,2,21
9687.0,2496228891,4,0,21
9687.0,cluster_12013799525_12013799526_2496228894,2,2,15
9687.0,cluster_12013799527_12013799528_2190601967,2,2,15
9687.0,cluster_12013799529_12013799530_473195061,7,2,21
9688.0,2496228891,4,0,21
9688.0,cluster_12013799525_12013799526_2496228894,2,2,15
9688.0,cluster_12013799527_12013799528_2190601967,2,2,15
9688.0,cluster_12013799529_12013799530_473195061,7,2,21
9689.0,2496228891,4,0,21
9689.0,cluster_12013799525_12013799526_2496228894,2,2,15
9689.0,cluster_12013799529_12013799530_473195061,7,2,21
9690.0,2496228891,4,0,21
9690.0,cluster_12013799525_12013799526_2496228894,2,2,15
9690.0,cluster_12013799529_12013799530_473195061,7,2,21
9691.0,2496228891,4,0,21
9691.0,cluster_12013799525_12013799526_2496228894,2,2,15
9691.0,cluster_12013799529_12013799530_473195061,7,2,21
9692.0,2496228891,4,0,21
9692.0,cluster_12013799525_12013799526_2496228894,2,2,15
9692.0,cluster_12013799527_12013799528_2190601967,7,0,21
9692.0,cluster_12013799529_12013799530_473195061,7,2,21
9693.0,2496228891,4,0,21
9693.0,cluster_12013799527_12013799528_2190601967,6,0,21
9693.0,cluster_12013799529_12013799530_473195061,6,2,21
9694.0,2496228891,4,0,21
9694.0,cluster_12013799527_12013799528_2190601967,6,0,21
9694.0,cluster_12013799529_12013799530_473195061,6,2,21
9695.0,2496228891,4,0,21
9695.0,cluster_12013799527_12013799528_2190601967,6,0,21
9695.0,cluster_12013799529_12013799530_473195061,6,2,21
9696.0,2496228891,4,0,21
9696.0,cluster_12013799525_12013799526_2496228894,2,0,15
9696.0,cluster_12013799527_12013799528_2190601967,5,0,21
9696.0,cluster_12013799529_12013799530_473195061,5,2,21
9697.0,2496228891,4,0,21
9697.0,cluster_12013799525_12013799526_2496228894,1,0,15
9697.0,cluster_12013799527_12013799528_2190601967,5,0,21
9698.0,2496228891,4,0,21
9698.0,cluster_12013799525_12013799526_2496228894,1,0,15
9698.0,cluster_12013799527_12013799528_2190601967,5,0,21
9699.0,2496228891,4,0,21
9699.0,cluster_12013799525_12013799526_2496228894,1,0,15
9699.0,cluster_12013799527_12013799528_2190601967,4,0,21
9700.0,2496228891,3,0,15
9700.0,cluster_12013799525_12013799526_2496228894,0,0,15
9700.0,cluster_12013799527_12013799528_2190601967,4,0,21
9700.0,cluster_12013799529_12013799530_473195061,3,0,15
9701.0,2496228891,3,0,15
9701.0,cluster_12013799525_12013799526_2496228894,0,0,15
9701.0,cluster_12013799527_12013799528_2190601967,3,0,15
9701.0,cluster_12013799529_12013799530_473195061,3,0,15
9702.0,cluster_12013799525_12013799526_2496228894,0,0,15
9702.0,cluster_12013799527_12013799528_2190601967,3,0,15
9702.0,cluster_12013799529_12013799530_473195061,3,0,15
9703.0,cluster_12013799525_12013799526_2496228894,0,0,15
9703.0,cluster_12013799527_12013799528_2190601967,3,0,15
9703.0,cluster_12013799529_12013799530_473195061,3,0,15
9704.0,cluster_12013799525_12013799526_2496228894,0,0,15
9704.0,cluster_12013799527_12013799528_2190601967,2,0,15
9704.0,cluster_12013799529_12013799530_473195061,2,0,15
9705.0,2496228891,0,2,15
9705.0,cluster_12013799525_12013799526_2496228894,0,0,15
9705.0,cluster_12013799527_12013799528_2190601967,2,0,15
9705.0,cluster_12013799529_12013799530_473195061,2,0,15
9706.0,2496228891,0,2,15
9706.0,cluster_12013799525_12013799526_2496228894,0,0,15
9706.0,cluster_12013799527_12013799528_2190601967,1,0,15
9706.0,cluster_12013799529_12013799530_473195061,2,0,15
9707.0,2496228891,0,2,15
9707.0,cluster_12013799525_12013799526_2496228894,0,0,15
9707.0,cluster_12013799527_12013799528_2190601967,1,0,15
9707.0,cluster_12013799529_12013799530_473195061,1,0,15
9708.0,2496228891,0,2,15
9708.0,cluster_12013799525_12013799526_2496228894,0,0,15
9708.0,cluster_12013799527_12013799528_2190601967,0,0,15
9708.0,cluster_12013799529_12013799530_473195061,1,0,15
9709.0,2496228891,0,2,15
9709.0,cluster_12013799525_12013799526_2496228894,0,0,15
9709.0,cluster_12013799527_12013799528_2190601967,0,0,15
9709.0,cluster_12013799529_12013799530_473195061,1,0,15
9710.0,2496228891,0,2,15
9710.0,cluster_12013799525_12013799526_2496228894,0,0,15
9710.0,cluster_12013799527_12013799528_2190601967,0,0,15
9710.0,cluster_12013799529_12013799530_473195061,0,0,15
9711.0,2496228891,0,2,15
9711.0,cluster_12013799525_12013799526_2496228894,0,0,15
9711.0,cluster_12013799527_12013799528_2190601967,0,0,15
9711.0,cluster_12013799529_12013799530_473195061,0,0,15
9712.0,2496228891,0,2,15
9712.0,cluster_12013799527_12013799528_2190601967,0,0,15
9712.0,cluster_12013799529_12013799530_473195061,0,0,15
9713.0,2496228891,0,2,15
9713.0,cluster_12013799527_12013799528_2190601967,0,0,15
9713.0,cluster_12013799529_12013799530_473195061,0,0,15
9714.0,2496228891,0,2,15
9714.0,cluster_12013799529_12013799530_473195061,0,0,15
9715.0,2496228891,0,2,15
9715.0,cluster_12013799525_12013799526_2496228894,1,2,15
9715.0,cluster_12013799529_12013799530_473195061,0,0,15
9716.0,2496228891,0,2,15
9716.0,cluster_12013799525_12013799526_2496228894,1,2,15
9717.0,2496228891,0,2,15
9717.0,cluster_12013799525_12013799526_2496228894,1,2,15
9717.0,cluster_12013799527_12013799528_2190601967,3,2,15
9718.0,2496228891,0,2,15
9718.0,cluster_12013799525_12013799526_2496228894,1,2,15
9718.0,cluster_12013799527_12013799528_2190601967,1,2,15
9719.0,2496228891,0,2,15
9719.0,cluster_12013799525_12013799526_2496228894,1,2,15
9719.0,cluster_12013799527_12013799528_2190601967,1,2,15
9719.0,cluster_12013799529_12013799530_473195061,4,2,21
9720.0,2496228891,0,2,15
9720.0,cluster_12013799525_12013799526_2496228894,0,2,15
9720.0,cluster_12013799527_12013799528_2190601967,1,2,15
9720.0,cluster_12013799529_12013799530_473195061,4,2,21
9721.0,cluster_12013799525_12013799526_2496228894,0,2,15
9721.0,cluster_12013799527_12013799528_2190601967,1,2,15
9721.0,cluster_12013799529_12013799530_473195061,4,2,21
9722.0,cluster_12013799525_12013799526_2496228894,0,2,15
9722.0,cluster_12013799527_12013799528_2190601967,1,2,15
9722.0,cluster_12013799529_12013799530_473195061,5,2,23
9723.0,cluster_12013799525_12013799526_2496228894,0,2,15
9723.0,cluster_12013799527_12013799528_2190601967,1,2,15
9723.0,cluster_12013799529_12013799530_473195061,3,2,15
9724.0,2496228891,5,0,21
9724.0,cluster_12013799525_12013799526_2496228894,0,2,15
9724.0,cluster_12013799527_12013799528_2190601967,1,2,15
9724.0,cluster_12013799529_12013799530_473195061,4,2,23
9725.0,2496228891,4,0,21
9725.0,cluster_12013799525_12013799526_2496228894,0,2,15
9725.0,cluster_12013799527_12013799528_2190601967,1,2,15
9725.0,cluster_12013799529_12013799530_473195061,4,2,21
9726.0,2496228891,4,0,23
9726.0,cluster_12013799525_12013799526_2496228894,0,2,15
9726.0,cluster_12013799527_12013799528_2190601967,1,2,15
9726.0,cluster_12013799529_12013799530_473195061,3,2,15
9727.0,2496228891,4,0,21
9727.0,cluster_12013799525_12013799526_2496228894,1,2,15
9727.0,cluster_12013799527_12013799528_2190601967,1,2,15
9727.0,cluster_12013799529_12013799530_473195061,3,2,15
9728.0,2496228891,1,0,15
9728.0,cluster_12013799525_12013799526_2496228894,1,2,15
9728.0,cluster_12013799527_12013799528_2190601967,0,2,15
9728.0,cluster_12013799529_12013799530_473195061,3,2,15
9729.0,2496228891,2,0,15
9729.0,cluster_12013799525_12013799526_2496228894,2,2,15
9729.0,cluster_12013799527_12013799528_2190601967,2,2,15
9729.0,cluster_12013799529_12013799530_473195061,3,2,15
9730.0,2496228891,3,0,15
9730.0,cluster_12013799525_12013799526_2496228894,3,2,15
9730.0,cluster_12013799527_12013799528_2190601967,2,2,15
9730.0,cluster_12013799529_12013799530_473195061,3,2,15
9731.0,2496228891,2,0,15
9731.0,cluster_12013799527_12013799528_2190601967,2,2,15
9731.0,cluster_12013799529_12013799530_473195061,3,2,15
9732.0,2496228891,2,0,15
9732.0,cluster_12013799527_12013799528_2190601967,2,2,15
9732.0,cluster_12013799529_12013799530_473195061,2,2,15
9733.0,2496228891,4,0,23
9733.0,cluster_12013799529_12013799530_473195061,3,2,15
9734.0,2496228891,6,0,23
9734.0,cluster_12013799525_12013799526_2496228894,2,0,15
9734.0,cluster_12013799529_12013799530_473195061,3,2,15
9735.0,2496228891,7,0,23
9735.0,cluster_12013799525_12013799526_2496228894,2,0,15
9735.0,cluster_12013799529_12013799530_473195061,2,2,15
9736.0,2496228891,6,0,21
9736.0,cluster_12013799525_12013799526_2496228894,2,0,15
9736.0,cluster_12013799527_12013799528_2190601967,2,0,15
9736.0,cluster_12013799529_12013799530_473195061,2,2,15
9737.0,2496228891,7,0,23
9737.0,cluster_12013799525_12013799526_2496228894,3,0,15
9737.0,cluster_12013799527_12013799528_2190601967,2,0,15
9737.0,cluster_12013799529_12013799530_473195061,2,2,15
9738.0,2496228891,5,0,23
9738.0,cluster_12013799525_12013799526_2496228894,2,0,15
9738.0,cluster_12013799527_12013799528_2190601967,3,0,15
9738.0,cluster_12013799529_12013799530_473195061,3,2,15
9739.0,2496228891,4,0,21
9739.0,cluster_12013799525_12013799526_2496228894,2,0,15
9739.0,cluster_12013799527_12013799528_2190601967,3,0,15
9739.0,cluster_12013799529_12013799530_473195061,3,2,15
9740.0,2496228891,5,0,23
9740.0,cluster_12013799525_12013799526_2496228894,2,0,15
9740.0,cluster_12013799527_12013799528_2190601967,3,0,15
9740.0,cluster_12013799529_12013799530_473195061,3,2,15
9741.0,2496228891,5,0,23
9741.0,cluster_12013799525_12013799526_2496228894,3,0,15
9741.0,cluster_12013799527_12013799528_2190601967,3,0,15
9742.0,2496228891,5,0,23
9742.0,cluster_12013799525_12013799526_2496228894,3,0,15
9742.0,cluster_12013799527_12013799528_2190601967,4,0,23
9743.0,2496228891,5,0,21
9743.0,cluster_12013799525_12013799526_2496228894,2,0,15
9743.0,cluster_12013799527_12013799528_2190601967,4,0,21
9744.0,2496228891,6,0,23
9744.0,cluster_12013799525_12013799526_2496228894,2,0,15
9744.0,cluster_12013799527_12013799528_2190601967,4,0,21
9744.0,cluster_12013799529_12013799530_473195061,4,0,21
9745.0,2496228891,5,0,21
9745.0,cluster_12013799525_12013799526_2496228894,2,0,15
9745.0,cluster_12013799527_12013799528_2190601967,4,0,21
9745.0,cluster_12013799529_12013799530_473195061,4,0,21
9746.0,cluster_12013799525_12013799526_2496228894,2,0,15
9746.0,cluster_12013799527_12013799528_2190601967,4,0,21
9746.0,cluster_12013799529_12013799530_473195061,5,0,23
9747.0,cluster_12013799525_12013799526_2496228894,1,0,15
9747.0,cluster_12013799527_12013799528_2190601967,4,0,21
9747.0,cluster_12013799529_12013799530_473195061,4,0,21
9748.0,cluster_12013799525_12013799526_2496228894,1,0,15
9748.0,cluster_12013799527_12013799528_2190601967,4,0,21
9748.0,cluster_12013799529_12013799530_473195061,4,0,21
9749.0,2496228891,2,2,15
9749.0,cluster_12013799525_12013799526_2496228894,1,0,15
9749.0,cluster_12013799527_12013799528_2190601967,3,0,15
9749.0,cluster_12013799529_12013799530_473195061,3,0,15
9750.0,2496228891,2,2,15
9750.0,cluster_12013799527_12013799528_2190601967,4,0,23
9750.0,cluster_12013799529_12013799530_473195061,3,0,15
9751.0,2496228891,2,2,15
9751.0,cluster_12013799527_12013799528_2190601967,4,0,21
9751.0,cluster_12013799529_12013799530_473195061,3,0,15
9752.0,2496228891,2,2,15
9752.0,cluster_12013799529_12013799530_473195061,3,0,15
9753.0,2496228891,1,2,15
9753.0,cluster_12013799525_12013799526_2496228894,4,2,21
9753.0,cluster_12013799529_12013799530_473195061,3,0,15
9754.0,2496228891,1,2,15
9754.0,cluster_12013799525_12013799526_2496228894,4,2,23
9754.0,cluster_12013799529_12013799530_473195061,3,0,15
9755.0,2496228891,1,2,15
9755.0,cluster_12013799525_12013799526_2496228894,4,2,21
9755.0,cluster_12013799527_12013799528_2190601967,5,2,21
9755.0,cluster_12013799529_12013799530_473195061,3,0,15
9756.0,2496228891,0,2,15
9756.0,cluster_12013799525_12013799526_2496228894,4,2,23
9756.0,cluster_12013799527_12013799528_2190601967,3,2,15
9756.0,cluster_12013799529_12013799530_473195061,2,0,15
9757.0,2496228891,0,2,15
9757.0,cluster_12013799525_12013799526_2496228894,4,2,23
9757.0,cluster_12013799527_12013799528_2190601967,3,2,15
9757.0,cluster_12013799529_12013799530_473195061,2,0,15
9758.0,2496228891,0,2,15
9758.0,cluster_12013799525_12013799526_2496228894,4,2,23
9758.0,cluster_12013799527_12013799528_2190601967,4,2,23
9758.0,cluster_12013799529_12013799530_473195061,2,0,15
9759.0,2496228891,0,2,15
9759.0,cluster_12013799525_12013799526_2496228894,4,2,23
9759.0,cluster_12013799527_12013799528_2190601967,3,2,15
9759.0,cluster_12013799529_12013799530_473195061,1,0,15
9760.0,2496228891,0,2,15
9760.0,cluster_12013799525_12013799526_2496228894,3,2,15
9760.0,cluster_12013799527_12013799528_2190601967,3,2,15
9760.0,cluster_12013799529_12013799530_473195061,1,0,15
9761.0,2496228891,0,2,15
9761.0,cluster_12013799525_12013799526_2496228894,3,2,15
9761.0,cluster_12013799527_12013799528_2190601967,3,2,15
9761.0,cluster_12013799529_12013799530_473195061,1,0,15
9762.0,2496228891,0,2,15
9762.0,cluster_12013799525_12013799526_2496228894,3,2,15
9762.0,cluster_12013799527_12013799528_2190601967,2,2,15
9762.0,cluster_12013799529_12013799530_473195061,1,0,15
9763.0,2496228891,0,2,15
9763.0,cluster_12013799525_12013799526_2496228894,3,2,15
9763.0,cluster_12013799527_12013799528_2190601967,2,2,15
9763.0,cluster_12013799529_12013799530_473195061,0,0,15
9764.0,2496228891,0,2,15
9764.0,cluster_12013799525_12013799526_2496228894,2,2,15
9764.0,cluster_12013799527_12013799528_2190601967,2,2,15
9764.0,cluster_12013799529_12013799530_473195061,0,0,15
9765.0,cluster_12013799525_12013799526_2496228894,2,2,15
9765.0,cluster_12013799527_12013799528_2190601967,1,2,15
9765.0,cluster_12013799529_12013799530_473195061,0,0,15
9766.0,cluster_12013799525_12013799526_2496228894,2,2,15
9766.0,cluster_12013799527_12013799528_2190601967,2,2,15
9767.0,cluster_12013799525_12013799526_2496228894,1,2,15
9767.0,cluster_12013799527_12013799528_2190601967,2,2,15
9768.0,2496228891,3,0,15
9768.0,cluster_12013799525_12013799526_2496228894,1,2,15
9768.0,cluster_12013799527_12013799528_2190601967,3,2,15
9769.0,2496228891,2,0,15
9769.0,cluster_12013799525_12013799526_2496228894,0,2,15
9769.0,cluster_12013799527_12013799528_2190601967,3,2,15
9769.0,cluster_12013799529_12013799530_473195061,8,2,21
9770.0,2496228891,3,0,15
9770.0,cluster_12013799525_12013799526_2496228894,0,2,15
9770.0,cluster_12013799527_12013799528_2190601967,4,2,23
9770.0,cluster_12013799529_12013799530_473195061,7,2,21
9771.0,2496228891,3,0,15
9771.0,cluster_12013799525_12013799526_2496228894,0,2,15
9771.0,cluster_12013799527_12013799528_2190601967,3,2,15
9771.0,cluster_12013799529_12013799530_473195061,7,2,21
9772.0,2496228891,2,0,15
9772.0,cluster_12013799525_12013799526_2496228894,1,2,15
9772.0,cluster_12013799527_12013799528_2190601967,3,2,15
9772.0,cluster_12013799529_12013799530_473195061,6,2,21
9773.0,2496228891,2,0,15
9773.0,cluster_12013799525_12013799526_2496228894,1,2,15
9773.0,cluster_12013799527_12013799528_2190601967,3,2,15
9773.0,cluster_12013799529_12013799530_473195061,6,2,21
9774.0,2496228891,2,0,15
9774.0,cluster_12013799525_12013799526_2496228894,2,2,15
9774.0,cluster_12013799527_12013799528_2190601967,2,2,15
9774.0,cluster_12013799529_12013799530_473195061,5,2,21
9775.0,2496228891,1,0,15
9775.0,cluster_12013799527_12013799528_2190601967,3,2,15
9775.0,cluster_12013799529_12013799530_473195061,5,2,21
9776.0,2496228891,3,0,15
9776.0,cluster_12013799527_12013799528_2190601967,3,2,15
9776.0,cluster_12013799529_12013799530_473195061,5,2,21
9777.0,2496228891,2,0,15
9777.0,cluster_12013799529_12013799530_473195061,5,2,21
9778.0,2496228891,2,0,15
9778.0,cluster_12013799525_12013799526_2496228894,0,0,15
9778.0,cluster_12013799529_12013799530_473195061,5,2,21
9779.0,2496228891,2,0,15
9779.0,cluster_12013799525_12013799526_2496228894,0,0,15
9779.0,cluster_12013799529_12013799530_473195061,5,2,21
9780.0,2496228891,0,0,15
9780.0,cluster_12013799525_12013799526_2496228894,0,0,15
9780.0,cluster_12013799527_12013799528_2190601967,5,0,21
9780.0,cluster_12013799529_12013799530_473195061,5,2,21
9781.0,2496228891,1,0,15
9781.0,cluster_12013799525_12013799526_2496228894,0,0,15
9781.0,cluster_12013799527_12013799528_2190601967,4,0,21
9781.0,cluster_12013799529_12013799530_473195061,4,2,21
9782.0,2496228891,1,0,15
9782.0,cluster_12013799525_12013799526_2496228894,0,0,15
9782.0,cluster_12013799527_12013799528_2190601967,4,0,21
9782.0,cluster_12013799529_12013799530_473195061,4,2,21
9783.0,2496228891,1,0,15
9783.0,cluster_12013799525_12013799526_2496228894,0,0,15
9783.0,cluster_12013799527_12013799528_2190601967,4,0,21
9783.0,cluster_12013799529_12013799530_473195061,4,2,21
9784.0,cluster_12013799525_12013799526_2496228894,0,0,15
9784.0,cluster_12013799527_12013799528_2190601967,4,0,21
9784.0,cluster_12013799529_12013799530_473195061,4,2,21
9785.0,cluster_12013799525_12013799526_2496228894,0,0,15
9785.0,cluster_12013799527_12013799528_2190601967,3,0,15
9785.0,cluster_12013799529_12013799530_473195061,4,2,23
9786.0,cluster_12013799525_12013799526_2496228894,0,0,15
9786.0,cluster_12013799527_12013799528_2190601967,3,0,15
9786.0,cluster_12013799529_12013799530_473195061,4,2,21
9787.0,2496228891,0,2,15
9787.0,cluster_12013799525_12013799526_2496228894,0,0,15
9787.0,cluster_12013799527_12013799528_2190601967,2,0,15
9787.0,cluster_12013799529_12013799530_473195061,3,2,15
9788.0,2496228891,0,2,15
9788.0,cluster_12013799525_12013799526_2496228894,0,0,15
9788.0,cluster_12013799527_12013799528_2190601967,2,0,15
9788.0,cluster_12013799529_12013799530_473195061,4,2,23
9789.0,2496228891,0,2,15
9789.0,cluster_12013799525_12013799526_2496228894,0,0,15
9789.0,cluster_12013799527_12013799528_2190601967,2,0,15
9789.0,cluster_12013799529_12013799530_473195061,4,2,21
9790.0,2496228891,0,2,15
9790.0,cluster_12013799525_12013799526_2496228894,0,0,15
9790.0,cluster_12013799527_12013799528_2190601967,1,0,15
9790.0,cluster_12013799529_12013799530_473195061,4,2,23
9791.0,2496228891,0,2,15
9791.0,cluster_12013799525_12013799526_2496228894,0,0,15
9791.0,cluster_12013799527_12013799528_2190601967,1,0,15
9792.0,2496228891,0,2,15
9792.0,cluster_12013799525_12013799526_2496228894,0,0,15
9792.0,cluster_12013799527_12013799528_2190601967,0,0,15
9793.0,2496228891,0,2,15
9793.0,cluster_12013799525_12013799526_2496228894,0,0,15
9793.0,cluster_12013799527_12013799528_2190601967,0,0,15
9794.0,2496228891,0,2,15
9794.0,cluster_12013799527_12013799528_2190601967,0,0,15
9794.0,cluster_12013799529_12013799530_473195061,0,0,15
9795.0,2496228891,0,2,15
9795.0,cluster_12013799527_12013799528_2190601967,0,0,15
9795.0,cluster_12013799529_12013799530_473195061,0,0,15
9796.0,2496228891,0,2,15
9796.0,cluster_12013799527_12013799528_2190601967,0,0,15
9796.0,cluster_12013799529_12013799530_473195061,0,0,15
9797.0,2496228891,0,2,15
9797.0,cluster_12013799525_12013799526_2496228894,1,2,15
9797.0,cluster_12013799527_12013799528_2190601967,0,0,15
9797.0,cluster_12013799529_12013799530_473195061,0,0,15
9798.0,2496228891,0,2,15
9798.0,cluster_12013799525_12013799526_2496228894,0,2,15
9798.0,cluster_12013799527_12013799528_2190601967,0,0,15
9798.0,cluster_12013799529_12013799530_473195061,0,0,15
9799.0,2496228891,0,2,15
9799.0,cluster_12013799525_12013799526_2496228894,0,2,15
9799.0,cluster_12013799527_12013799528_2190601967,0,0,15
9799.0,cluster_12013799529_12013799530_473195061,0,0,15
9800.0,2496228891,0,2,15
9800.0,cluster_12013799525_12013799526_2496228894,0,2,15
9800.0,cluster_12013799527_12013799528_2190601967,0,0,15
9800.0,cluster_12013799529_12013799530_473195061,0,0,15
9801.0,2496228891,0,2,15
9801.0,cluster_12013799525_12013799526_2496228894,0,2,15
9801.0,cluster_12013799527_12013799528_2190601967,0,0,15
9801.0,cluster_12013799529_12013799530_473195061,0,0,15
9802.0,2496228891,0,2,15
9802.0,cluster_12013799525_12013799526_2496228894,0,2,15
9802.0,cluster_12013799529_12013799530_473195061,0,0,15
9803.0,cluster_12013799525_12013799526_2496228894,0,2,15
9803.0,cluster_12013799529_12013799530_473195061,0,0,15
9804.0,cluster_12013799525_12013799526_2496228894,0,2,15
9804.0,cluster_12013799529_12013799530_473195061,0,0,15
9805.0,cluster_12013799525_12013799526_2496228894,0,2,15
9805.0,cluster_12013799527_12013799528_2190601967,4,2,21
9805.0,cluster_12013799529_12013799530_473195061,0,0,15
9806.0,2496228891,2,0,15
9806.0,cluster_12013799525_12013799526_2496228894,1,2,15
9806.0,cluster_12013799527_12013799528_2190601967,3,2,15
9806.0,cluster_12013799529_12013799530_473195061,1,0,15
9807.0,2496228891,1,0,15
9807.0,cluster_12013799525_12013799526_2496228894,1,2,15
9807.0,cluster_12013799527_12013799528_2190601967,3,2,15
9807.0,cluster_12013799529_12013799530_473195061,1,0,15
9808.0,2496228891,1,0,15
9808.0,cluster_12013799525_12013799526_2496228894,1,2,15
9808.0,cluster_12013799527_12013799528_2190601967,2,2,15
9808.0,cluster_12013799529_12013799530_473195061,1,0,15
9809.0,2496228891,1,0,15
9809.0,cluster_12013799525_12013799526_2496228894,1,2,15
9809.0,cluster_12013799527_12013799528_2190601967,3,2,15
9809.0,cluster_12013799529_12013799530_473195061,1,0,15
9810.0,2496228891,2,0,15
9810.0,cluster_12013799525_12013799526_2496228894,2,2,15
9810.0,cluster_12013799527_12013799528_2190601967,3,2,15
9811.0,2496228891,2,0,15
9811.0,cluster_12013799525_12013799526_2496228894,2,2,15
9811.0,cluster_12013799527_12013799528_2190601967,3,2,15
9812.0,2496228891,2,0,15
9812.0,cluster_12013799525_12013799526_2496228894,2,2,15
9812.0,cluster_12013799527_12013799528_2190601967,3,2,15
9813.0,2496228891,2,0,15
9813.0,cluster_12013799527_12013799528_2190601967,3,2,15
9813.0,cluster_12013799529_12013799530_473195061,7,2,21
9814.0,2496228891,3,0,15
9814.0,cluster_12013799527_12013799528_2190601967,3,2,15
9814.0,cluster_12013799529_12013799530_473195061,8,2,24
9815.0,2496228891,3,0,15
9815.0,cluster_12013799527_12013799528_2190601967,3,2,15
9815.0,cluster_12013799529_12013799530_473195061,8,2,21
9816.0,2496228891,3,0,15
9816.0,cluster_12013799525_12013799526_2496228894,2,0,15
9816.0,cluster_12013799527_12013799528_2190601967,2,2,15
9816.0,cluster_12013799529_12013799530_473195061,8,2,21
9817.0,2496228891,3,0,15
9817.0,cluster_12013799525_12013799526_2496228894,2,0,15
9817.0,cluster_12013799527_12013799528_2190601967,2,2,15
9817.0,cluster_12013799529_12013799530_473195061,8,2,21
9818.0,2496228891,4,0,23
9818.0,cluster_12013799525_12013799526_2496228894,3,0,15
9818.0,cluster_12013799527_12013799528_2190601967,3,2,15
9818.0,cluster_12013799529_12013799530_473195061,8,2,24
9819.0,2496228891,6,0,23
9819.0,cluster_12013799525_12013799526_2496228894,3,0,15
9819.0,cluster_12013799527_12013799528_2190601967,4,2,23
9819.0,cluster_12013799529_12013799530_473195061,8,2,24
9820.0,2496228891,6,0,21
9820.0,cluster_12013799525_12013799526_2496228894,2,0,15
9820.0,cluster_12013799527_12013799528_2190601967,3,2,15
9820.0,cluster_12013799529_12013799530_473195061,7,2,21
9821.0,2496228891,6,0,21
9821.0,cluster_12013799525_12013799526_2496228894,2,0,15
9821.0,cluster_12013799527_12013799528_2190601967,3,2,15
9821.0,cluster_12013799529_12013799530_473195061,7,2,21
9822.0,cluster_12013799525_12013799526_2496228894,2,0,15
9822.0,cluster_12013799527_12013799528_2190601967,4,2,23
9822.0,cluster_12013799529_12013799530_473195061,8,2,24
9823.0,cluster_12013799525_12013799526_2496228894,2,0,15
9823.0,cluster_12013799527_12013799528_2190601967,4,2,21
9823.0,cluster_12013799529_12013799530_473195061,7,2,21
9824.0,cluster_12013799525_12013799526_2496228894,1,0,15
9824.0,cluster_12013799527_12013799528_2190601967,3,2,15
9824.0,cluster_12013799529_12013799530_473195061,7,2,21
9825.0,2496228891,2,2,15
9825.0,cluster_12013799525_12013799526_2496228894,1,0,15
9825.0,cluster_12013799527_12013799528_2190601967,2,2,15
9825.0,cluster_12013799529_12013799530_473195061,6,2,21
9826.0,2496228891,2,2,15
9826.0,cluster_12013799525_12013799526_2496228894,1,0,15
9826.0,cluster_12013799527_12013799528_2190601967,4,2,23
9826.0,cluster_12013799529_12013799530_473195061,6,2,23
9827.0,2496228891,2,2,15
9827.0,cluster_12013799525_12013799526_2496228894,1,0,15
9827.0,cluster_12013799529_12013799530_473195061,6,2,21
9828.0,2496228891,1,2,15
9828.0,cluster_12013799525_12013799526_2496228894,0,0,15
9828.0,cluster_12013799529_12013799530_473195061,6,2,21
9829.0,2496228891,1,2,15
9829.0,cluster_12013799525_12013799526_2496228894,0,0,15
9829.0,cluster_12013799529_12013799530_473195061,6,2,21
9830.0,2496228891,1,2,15
9830.0,cluster_12013799525_12013799526_2496228894,0,0,15
9830.0,cluster_12013799527_12013799528_2190601967,7,0,23
9830.0,cluster_12013799529_12013799530_473195061,7,2,21
9831.0,2496228891,0,2,15
9831.0,cluster_12013799525_12013799526_2496228894,0,0,15
9831.0,cluster_12013799527_12013799528_2190601967,6,0,21
9831.0,cluster_12013799529_12013799530_473195061,6,2,21
9832.0,2496228891,0,2,15
9832.0,cluster_12013799527_12013799528_2190601967,6,0,21
9832.0,cluster_12013799529_12013799530_473195061,6,2,21
9833.0,2496228891,0,2,15
9833.0,cluster_12013799527_12013799528_2190601967,6,0,21
9833.0,cluster_12013799529_12013799530_473195061,6,2,21
9834.0,2496228891,0,2,15
9834.0,cluster_12013799527_12013799528_2190601967,6,0,21
9834.0,cluster_12013799529_12013799530_473195061,6,2,21
9835.0,2496228891,0,2,15
9835.0,cluster_12013799525_12013799526_2496228894,3,2,15
9835.0,cluster_12013799527_12013799528_2190601967,5,0,21
9836.0,2496228891,0,2,15
9836.0,cluster_12013799525_12013799526_2496228894,3,2,15
9836.0,cluster_12013799527_12013799528_2190601967,5,0,21
9837.0,2496228891,0,2,15
9837.0,cluster_12013799525_12013799526_2496228894,3,2,15
9837.0,cluster_12013799527_12013799528_2190601967,4,0,21
9838.0,2496228891,0,2,15
9838.0,cluster_12013799525_12013799526_2496228894,3,2,15
9838.0,cluster_12013799527_12013799528_2190601967,4,0,21
9838.0,cluster_12013799529_12013799530_473195061,4,0,21
9839.0,2496228891,0,2,15
9839.0,cluster_12013799525_12013799526_2496228894,3,2,15
9839.0,cluster_12013799527_12013799528_2190601967,4,0,21
9839.0,cluster_12013799529_12013799530_473195061,4,0,21
9840.0,2496228891,0,2,15
9840.0,cluster_12013799525_12013799526_2496228894,2,2,15
9840.0,cluster_12013799527_12013799528_2190601967,3,0,15
9840.0,cluster_12013799529_12013799530_473195061,4,0,21
9841.0,cluster_12013799525_12013799526_2496228894,1,2,15
9841.0,cluster_12013799527_12013799528_2190601967,3,0,15
9841.0,cluster_12013799529_12013799530_473195061,4,0,21
9842.0,cluster_12013799525_12013799526_2496228894,1,2,15
9842.0,cluster_12013799527_12013799528_2190601967,2,0,15
9842.0,cluster_12013799529_12013799530_473195061,4,0,21
9843.0,cluster_12013799525_12013799526_2496228894,0,2,15
9843.0,cluster_12013799527_12013799528_2190601967,2,0,15
9843.0,cluster_12013799529_12013799530_473195061,3,0,15
9844.0,2496228891,7,0,21
9844.0,cluster_12013799525_12013799526_2496228894,0,2,15
9844.0,cluster_12013799527_12013799528_2190601967,1,0,15
9844.0,cluster_12013799529_12013799530_473195061,3,0,15
9845.0,2496228891,7,0,21
9845.0,cluster_12013799525_12013799526_2496228894,0,2,15
9845.0,cluster_12013799527_12013799528_2190601967,1,0,15
9845.0,cluster_12013799529_12013799530_473195061,3,0,15
9846.0,2496228891,8,0,24
9846.0,cluster_12013799525_12013799526_2496228894,0,2,15
9846.0,cluster_12013799527_12013799528_2190601967,1,0,15
9846.0,cluster_12013799529_12013799530_473195061,2,0,15
9847.0,2496228891,8,0,21
9847.0,cluster_12013799525_12013799526_2496228894,1,2,15
9847.0,cluster_12013799527_12013799528_2190601967,0,0,15
9847.0,cluster_12013799529_12013799530_473195061,2,0,15
9848.0,2496228891,5,0,21
9848.0,cluster_12013799525_12013799526_2496228894,1,2,15
9848.0,cluster_12013799527_12013799528_2190601967,0,0,15
9848.0,cluster_12013799529_12013799530_473195061,2,0,15
9849.0,2496228891,5,0,23
9849.0,cluster_12013799525_12013799526_2496228894,1,2,15
9849.0,cluster_12013799527_12013799528_2190601967,0,0,15
9849.0,cluster_12013799529_12013799530_473195061,1,0,15
9850.0,2496228891,3,0,15
9850.0,cluster_12013799525_12013799526_2496228894,2,2,15
9850.0,cluster_12013799527_12013799528_2190601967,0,0,15
9850.0,cluster_12013799529_12013799530_473195061,1,0,15
9851.0,2496228891,2,0,15
9851.0,cluster_12013799527_12013799528_2190601967,0,0,15
9851.0,cluster_12013799529_12013799530_473195061,0,0,15
9852.0,2496228891,2,0,15
9852.0,cluster_12013799527_12013799528_2190601967,0,0,15
9852.0,cluster_12013799529_12013799530_473195061,0,0,15
9853.0,2496228891,1,0,15
9853.0,cluster_12013799527_12013799528_2190601967,0,0,15
9853.0,cluster_12013799529_12013799530_473195061,0,0,15
9854.0,2496228891,1,0,15
9854.0,cluster_12013799525_12013799526_2496228894,0,0,15
9854.0,cluster_12013799529_12013799530_473195061,0,0,15
9855.0,2496228891,2,0,15
9855.0,cluster_12013799525_12013799526_2496228894,0,0,15
9855.0,cluster_12013799529_12013799530_473195061,0,0,15
9856.0,2496228891,2,0,15
9856.0,cluster_12013799525_12013799526_2496228894,0,0,15
9856.0,cluster_12013799529_12013799530_473195061,0,0,15
9857.0,2496228891,2,0,15
9857.0,cluster_12013799525_12013799526_2496228894,0,0,15
9857.0,cluster_12013799527_12013799528_2190601967,5,2,21
9857.0,cluster_12013799529_12013799530_473195061,0,0,15
9858.0,2496228891,2,0,15
9858.0,cluster_12013799525_12013799526_2496228894,0,0,15
9858.0,cluster_12013799527_12013799528_2190601967,4,2,21
9858.0,cluster_12013799529_12013799530_473195061,0,0,15
9859.0,2496228891,2,0,15
9859.0,cluster_12013799525_12013799526_2496228894,0,0,15
9859.0,cluster_12013799527_12013799528_2190601967,4,2,21
9859.0,cluster_12013799529_12013799530_473195061,0,0,15
9860.0,2496228891,3,0,15
9860.0,cluster_12013799525_12013799526_2496228894,0,0,15
9860.0,cluster_12013799527_12013799528_2190601967,4,2,21
9861.0,2496228891,2,0,15
9861.0,cluster_12013799525_12013799526_2496228894,0,0,15
9861.0,cluster_12013799527_12013799528_2190601967,3,2,15
9862.0,2496228891,2,0,15
9862.0,cluster_12013799525_12013799526_2496228894,0,0,15
9862.0,cluster_12013799527_12013799528_2190601967,2,2,15
9863.0,2496228891,1,0,15
9863.0,cluster_12013799525_12013799526_2496228894,0,0,15
9863.0,cluster_12013799527_12013799528_2190601967,2,2,15
9863.0,cluster_12013799529_12013799530_473195061,6,2,21
9864.0,2496228891,1,0,15
9864.0,cluster_12013799525_12013799526_2496228894,0,0,15
9864.0,cluster_12013799527_12013799528_2190601967,2,2,15
9864.0,cluster_12013799529_12013799530_473195061,5,2,21
9865.0,2496228891,0,0,15
9865.0,cluster_12013799525_12013799526_2496228894,0,0,15
9865.0,cluster_12013799527_12013799528_2190601967,1,2,15
9865.0,cluster_12013799529_12013799530_473195061,6,2,23
9866.0,cluster_12013799525_12013799526_2496228894,0,0,15
9866.0,cluster_12013799527_12013799528_2190601967,1,2,15
9866.0,cluster_12013799529_12013799530_473195061,6,2,21
9867.0,cluster_12013799525_12013799526_2496228894,0,0,15
9867.0,cluster_12013799527_12013799528_2190601967,0,2,15
9867.0,cluster_12013799529_12013799530_473195061,6,2,23
9868.0,cluster_12013799525_12013799526_2496228894,0,0,15
9868.0,cluster_12013799527_12013799528_2190601967,0,2,15
9868.0,cluster_12013799529_12013799530_473195061,5,2,21
9869.0,2496228891,0,2,15
9869.0,cluster_12013799525_12013799526_2496228894,0,0,15
9869.0,cluster_12013799527_12013799528_2190601967,0,2,15
9869.0,cluster_12013799529_12013799530_473195061,6,2,23
9870.0,2496228891,0,2,15
9870.0,cluster_12013799527_12013799528_2190601967,0,2,15
9870.0,cluster_12013799529_12013799530_473195061,6,2,21
9871.0,2496228891,0,2,15
9871.0,cluster_12013799527_12013799528_2190601967,0,2,15
9871.0,cluster_12013799529_12013799530_473195061,5,2,21
9872.0,2496228891,0,2,15
9872.0,cluster_12013799527_12013799528_2190601967,0,2,15
9872.0,cluster_12013799529_12013799530_473195061,5,2,23
9873.0,2496228891,0,2,15
9873.0,cluster_12013799525_12013799526_2496228894,1,2,15
9873.0,cluster_12013799527_12013799528_2190601967,0,2,15
9873.0,cluster_12013799529_12013799530_473195061,5,2,21
9874.0,2496228891,0,2,15
9874.0,cluster_12013799525_12013799526_2496228894,1,2,15
9874.0,cluster_12013799527_12013799528_2190601967,0,2,15
9874.0,cluster_12013799529_12013799530_473195061,4,2,21
9875.0,2496228891,0,2,15
9875.0,cluster_12013799525_12013799526_2496228894,0,2,15
9875.0,cluster_12013799527_12013799528_2190601967,0,2,15
9875.0,cluster_12013799529_12013799530_473195061,4,2,21
9876.0,2496228891,0,2,15
9876.0,cluster_12013799525_12013799526_2496228894,0,2,15
9876.0,cluster_12013799527_12013799528_2190601967,0,2,15
9876.0,cluster_12013799529_12013799530_473195061,3,2,15
9877.0,2496228891,0,2,15
9877.0,cluster_12013799525_12013799526_2496228894,0,2,15
9877.0,cluster_12013799527_12013799528_2190601967,0,2,15
9877.0,cluster_12013799529_12013799530_473195061,2,2,15
9878.0,2496228891,0,2,15
9878.0,cluster_12013799525_12013799526_2496228894,0,2,15
9878.0,cluster_12013799527_12013799528_2190601967,0,2,15
9878.0,cluster_12013799529_12013799530_473195061,2,2,15
9879.0,2496228891,0,2,15
9879.0,cluster_12013799525_12013799526_2496228894,0,2,15
9879.0,cluster_12013799529_12013799530_473195061,1,2,15
9880.0,2496228891,0,2,15
9880.0,cluster_12013799525_12013799526_2496228894,0,2,15
9880.0,cluster_12013799529_12013799530_473195061,1,2,15
9881.0,2496228891,0,2,15
9881.0,cluster_12013799525_12013799526_2496228894,0,2,15
9881.0,cluster_12013799529_12013799530_473195061,0,2,15
9882.0,2496228891,1,2,15
9882.0,cluster_12013799525_12013799526_2496228894,1,2,15
9882.0,cluster_12013799527_12013799528_2190601967,1,0,15
9882.0,cluster_12013799529_12013799530_473195061,1,2,15
9883.0,2496228891,1,2,15
9883.0,cluster_12013799525_12013799526_2496228894,1,2,15
9883.0,cluster_12013799527_12013799528_2190601967,1,0,15
9883.0,cluster_12013799529_12013799530_473195061,1,2,15
9884.0,2496228891,1,2,15
9884.0,cluster_12013799525_12013799526_2496228894,1,2,15
9884.0,cluster_12013799527_12013799528_2190601967,1,0,15
9884.0,cluster_12013799529_12013799530_473195061,1,2,15
9885.0,cluster_12013799525_12013799526_2496228894,1,2,15
9885.0,cluster_12013799527_12013799528_2190601967,1,0,15
9886.0,cluster_12013799525_12013799526_2496228894,2,2,15
9886.0,cluster_12013799527_12013799528_2190601967,2,0,15
9887.0,cluster_12013799525_12013799526_2496228894,2,2,15
9887.0,cluster_12013799527_12013799528_2190601967,2,0,15
9888.0,2496228891,8,0,21
9888.0,cluster_12013799525_12013799526_2496228894,2,2,15
9888.0,cluster_12013799527_12013799528_2190601967,2,0,15
9888.0,cluster_12013799529_12013799530_473195061,2,0,15
9889.0,2496228891,6,0,21
9889.0,cluster_12013799527_12013799528_2190601967,2,0,15
9889.0,cluster_12013799529_12013799530_473195061,2,0,15
9890.0,2496228891,6,0,23
9890.0,cluster_12013799527_12013799528_2190601967,3,0,15
9890.0,cluster_12013799529_12013799530_473195061,3,0,15
9891.0,2496228891,7,0,23
9891.0,cluster_12013799527_12013799528_2190601967,3,0,15
9891.0,cluster_12013799529_12013799530_473195061,3,0,15
9892.0,2496228891,7,0,21
9892.0,cluster_12013799525_12013799526_2496228894,2,0,15
9892.0,cluster_12013799527_12013799528_2190601967,3,0,15
9892.0,cluster_12013799529_12013799530_473195061,3,0,15
9893.0,2496228891,5,0,21
9893.0,cluster_12013799525_12013799526_2496228894,2,0,15
9893.0,cluster_12013799527_12013799528_2190601967,3,0,15
9893.0,cluster_12013799529_12013799530_473195061,3,0,15
9894.0,2496228891,6,0,23
9894.0,cluster_12013799525_12013799526_2496228894,3,0,15
9894.0,cluster_12013799527_12013799528_2190601967,4,0,23
9894.0,cluster_12013799529_12013799530_473195061,4,0,21
9895.0,2496228891,5,0,21
9895.0,cluster_12013799525_12013799526_2496228894,2,0,15
9895.0,cluster_12013799527_12013799528_2190601967,4,0,21
9895.0,cluster_12013799529_12013799530_473195061,4,0,21
9896.0,2496228891,5,0,23
9896.0,cluster_12013799525_12013799526_2496228894,2,0,15
9896.0,cluster_12013799527_12013799528_2190601967,4,0,21
9896.0,cluster_12013799529_12013799530_473195061,4,0,21
9897.0,2496228891,4,0,21
9897.0,cluster_12013799525_12013799526_2496228894,2,0,15
9897.0,cluster_12013799527_12013799528_2190601967,4,0,21
9897.0,cluster_12013799529_12013799530_473195061,4,0,21
9898.0,2496228891,5,0,23
9898.0,cluster_12013799525_12013799526_2496228894,2,0,15
9898.0,cluster_12013799529_12013799530_473195061,5,0,21
9899.0,2496228891,4,0,21
9899.0,cluster_12013799525_12013799526_2496228894,2,0,15
9899.0,cluster_12013799529_12013799530_473195061,4,0,21
9900.0,2496228891,4,0,21
9900.0,cluster_12013799525_12013799526_2496228894,1,0,15
9900.0,cluster_12013799529_12013799530_473195061,4,0,21
9901.0,2496228891,4,0,21
9901.0,cluster_12013799525_12013799526_2496228894,1,0,15
9901.0,cluster_12013799527_12013799528_2190601967,3,2,15
9901.0,cluster_12013799529_12013799530_473195061,4,0,21
9902.0,2496228891,6,0,23
9902.0,cluster_12013799525_12013799526_2496228894,1,0,15
9902.0,cluster_12013799527_12013799528_2190601967,4,2,23
9902.0,cluster_12013799529_12013799530_473195061,4,0,21
9903.0,2496228891,6,0,21
9903.0,cluster_12013799525_12013799526_2496228894,1,0,15
9903.0,cluster_12013799527_12013799528_2190601967,4,2,21
9903.0,cluster_12013799529_12013799530_473195061,4,0,21
9904.0,2496228891,6,0,21
9904.0,cluster_12013799525_12013799526_2496228894,0,0,15
9904.0,cluster_12013799527_12013799528_2190601967,3,2,15
9905.0,2496228891,6,0,21
9905.0,cluster_12013799525_12013799526_2496228894,0,0,15
9905.0,cluster_12013799527_12013799528_2190601967,1,2,15
9906.0,2496228891,4,0,21
9906.0,cluster_12013799525_12013799526_2496228894,0,0,15
9906.0,cluster_12013799527_12013799528_2190601967,3,2,15
9907.0,2496228891,4,0,21
9907.0,cluster_12013799525_12013799526_2496228894,0,0,15
9907.0,cluster_12013799527_12013799528_2190601967,3,2,15
9907.0,cluster_12013799529_12013799530_473195061,8,2,21
9908.0,2496228891,5,0,23
9908.0,cluster_12013799527_12013799528_2190601967,2,2,15
9908.0,cluster_12013799529_12013799530_473195061,8,2,21
9909.0,2496228891,5,0,21
9909.0,cluster_12013799527_12013799528_2190601967,3,2,15
9909.0,cluster_12013799529_12013799530_473195061,8,2,21
9910.0,cluster_12013799527_12013799528_2190601967,3,2,15
9910.0,cluster_12013799529_12013799530_473195061,8,2,21
9911.0,cluster_12013799525_12013799526_2496228894,6,2,21
9911.0,cluster_12013799527_12013799528_2190601967,2,2,15
9911.0,cluster_12013799529_12013799530_473195061,8,2,21
9912.0,cluster_12013799525_12013799526_2496228894,4,2,21
9912.0,cluster_12013799527_12013799528_2190601967,1,2,15
9912.0,cluster_12013799529_12013799530_473195061,8,2,21
9913.0,2496228891,3,2,15
9913.0,cluster_12013799525_12013799526_2496228894,4,2,21
9913.0,cluster_12013799527_12013799528_2190601967,2,2,15
9913.0,cluster_12013799529_12013799530_473195061,8,2,21
9914.0,2496228891,2,2,15
9914.0,cluster_12013799525_12013799526_2496228894,3,2,15
9914.0,cluster_12013799527_12013799528_2190601967,1,2,15
9914.0,cluster_12013799529_12013799530_473195061,8,2,21
9915.0,2496228891,2,2,15
9915.0,cluster_12013799525_12013799526_2496228894,2,2,15
9915.0,cluster_12013799527_12013799528_2190601967,1,2,15
9915.0,cluster_12013799529_12013799530_473195061,8,2,21
9916.0,2496228891,2,2,15
9916.0,cluster_12013799525_12013799526_2496228894,2,2,15
9916.0,cluster_12013799527_12013799528_2190601967,2,2,15
9916.0,cluster_12013799529_12013799530_473195061,9,2,25
9917.0,2496228891,1,2,15
9917.0,cluster_12013799525_12013799526_2496228894,2,2,15
9917.0,cluster_12013799529_12013799530_473195061,8,2,21
9918.0,2496228891,1,2,15
9918.0,cluster_12013799525_12013799526_2496228894,2,2,15
9918.0,cluster_12013799529_12013799530_473195061,8,2,21
9919.0,2496228891,1,2,15
9919.0,cluster_12013799525_12013799526_2496228894,2,2,15
9919.0,cluster_12013799529_12013799530_473195061,8,2,21
9920.0,2496228891,0,2,15
9920.0,cluster_12013799525_12013799526_2496228894,2,2,15
9920.0,cluster_12013799527_12013799528_2190601967,7,0,21
9920.0,cluster_12013799529_12013799530_473195061,8,2,21
9921.0,2496228891,0,2,15
9921.0,cluster_12013799525_12013799526_2496228894,2,2,15
9921.0,cluster_12013799527_12013799528_2190601967,6,0,21
9921.0,cluster_12013799529_12013799530_473195061,7,2,21
9922.0,2496228891,0,2,15
9922.0,cluster_12013799525_12013799526_2496228894,3,2,15
9922.0,cluster_12013799527_12013799528_2190601967,6,0,21
9922.0,cluster_12013799529_12013799530_473195061,7,2,21
9923.0,2496228891,0,2,15
9923.0,cluster_12013799525_12013799526_2496228894,3,2,15
9923.0,cluster_12013799527_12013799528_2190601967,6,0,21
9923.0,cluster_12013799529_12013799530_473195061,7,2,21
9924.0,2496228891,0,2,15
9924.0,cluster_12013799525_12013799526_2496228894,3,2,15
9924.0,cluster_12013799527_12013799528_2190601967,5,0,21
9924.0,cluster_12013799529_12013799530_473195061,6,2,21
9925.0,2496228891,0,2,15
9925.0,cluster_12013799525_12013799526_2496228894,3,2,15
9925.0,cluster_12013799527_12013799528_2190601967,5,0,21
9925.0,cluster_12013799529_12013799530_473195061,6,2,21
9926.0,2496228891,0,2,15
9926.0,cluster_12013799525_12013799526_2496228894,3,2,15
9926.0,cluster_12013799527_12013799528_2190601967,5,0,21
9926.0,cluster_12013799529_12013799530_473195061,5,2,21
9927.0,2496228891,0,2,15
9927.0,cluster_12013799525_12013799526_2496228894,2,2,15
9927.0,cluster_12013799527_12013799528_2190601967,4,0,21
9927.0,cluster_12013799529_12013799530_473195061,4,2,21
9928.0,2496228891,0,2,15
9928.0,cluster_12013799525_12013799526_2496228894,2,2,15
9928.0,cluster_12013799527_12013799528_2190601967,4,0,21
9928.0,cluster_12013799529_12013799530_473195061,5,2,23
9929.0,cluster_12013799525_12013799526_2496228894,2,2,15
9929.0,cluster_12013799527_12013799528_2190601967,4,0,21
9930.0,cluster_12013799525_12013799526_2496228894,2,2,15
9930.0,cluster_12013799527_12013799528_2190601967,3,0,15
9931.0,cluster_12013799525_12013799526_2496228894,1,2,15
9931.0,cluster_12013799527_12013799528_2190601967,3,0,15
9932.0,2496228891,5,0,21
9932.0,cluster_12013799525_12013799526_2496228894,1,2,15
9932.0,cluster_12013799527_12013799528_2190601967,2,0,15
9932.0,cluster_12013799529_12013799530_473195061,3,0,15
9933.0,2496228891,3,0,15
9933.0,cluster_12013799527_12013799528_2190601967,2,0,15
9933.0,cluster_12013799529_12013799530_473195061,3,0,15
9934.0,2496228891,4,0,23
9934.0,cluster_12013799527_12013799528_2190601967,1,0,15
9934.0,cluster_12013799529_12013799530_473195061,3,0,15
9935.0,2496228891,4,0,21
9935.0,cluster_12013799527_12013799528_2190601967,1,0,15
9935.0,cluster_12013799529_12013799530_473195061,3,0,15
9936.0,2496228891,3,0,15
9936.0,cluster_12013799525_12013799526_2496228894,0,0,15
9936.0,cluster_12013799527_12013799528_2190601967,0,0,15
9936.0,cluster_12013799529_12013799530_473195061,2,0,15
9937.0,2496228891,5,0,23
9937.0,cluster_12013799525_12013799526_2496228894,0,0,15
9937.0,cluster_12013799527_12013799528_2190601967,0,0,15
9937.0,cluster_12013799529_12013799530_473195061,2,0,15
9938.0,2496228891,5,0,21
9938.0,cluster_12013799525_12013799526_2496228894,0,0,15
9938.0,cluster_12013799527_12013799528_2190601967,0,0,15
9938.0,cluster_12013799529_12013799530_473195061,2,0,15
9939.0,2496228891,4,0,23
9939.0,cluster_12013799525_12013799526_2496228894,0,0,15
9939.0,cluster_12013799527_12013799528_2190601967,0,0,15
9939.0,cluster_12013799529_12013799530_473195061,1,0,15
9940.0,2496228891,3,0,15
9940.0,cluster_12013799525_12013799526_2496228894,0,0,15
9940.0,cluster_12013799527_12013799528_2190601967,0,0,15
9940.0,cluster_12013799529_12013799530_473195061,1,0,15
9941.0,2496228891,2,0,15
9941.0,cluster_12013799525_12013799526_2496228894,0,0,15
9941.0,cluster_12013799527_12013799528_2190601967,0,0,15
9941.0,cluster_12013799529_12013799530_473195061,0,0,15
9942.0,2496228891,2,0,15
9942.0,cluster_12013799525_12013799526_2496228894,0,0,15
9942.0,cluster_12013799529_12013799530_473195061,0,0,15
9943.0,2496228891,1,0,15
9943.0,cluster_12013799525_12013799526_2496228894,0,0,15
9943.0,cluster_12013799529_12013799530_473195061,0,0,15
9944.0,2496228891,1,0,15
9944.0,cluster_12013799525_12013799526_2496228894,0,0,15
9944.0,cluster_12013799529_12013799530_473195061,0,0,15
9945.0,2496228891,1,0,15
9945.0,cluster_12013799525_12013799526_2496228894,0,0,15
9945.0,cluster_12013799527_12013799528_2190601967,3,2,15
9945.0,cluster_12013799529_12013799530_473195061,0,0,15
9946.0,2496228891,2,0,15
9946.0,cluster_12013799525_12013799526_2496228894,0,0,15
9946.0,cluster_12013799527_12013799528_2190601967,2,2,15
9946.0,cluster_12013799529_12013799530_473195061,0,0,15
9947.0,2496228891,2,0,15
9947.0,cluster_12013799525_12013799526_2496228894,0,0,15
9947.0,cluster_12013799527_12013799528_2190601967,2,2,15
9947.0,cluster_12013799529_12013799530_473195061,0,0,15
9948.0,2496228891,3,0,15
9948.0,cluster_12013799525_12013799526_2496228894,0,0,15
9948.0,cluster_12013799527_12013799528_2190601967,2,2,15
9949.0,2496228891,3,0,15
9949.0,cluster_12013799525_12013799526_2496228894,0,0,15
9949.0,cluster_12013799527_12013799528_2190601967,1,2,15
9950.0,2496228891,4,0,23
9950.0,cluster_12013799525_12013799526_2496228894,0,0,15
9950.0,cluster_12013799527_12013799528_2190601967,0,2,15
9951.0,2496228891,3,0,15
9951.0,cluster_12013799525_12013799526_2496228894,0,0,15
9951.0,cluster_12013799527_12013799528_2190601967,0,2,15
9951.0,cluster_12013799529_12013799530_473195061,6,2,21
9952.0,2496228891,2,0,15
9952.0,cluster_12013799527_12013799528_2190601967,0,2,15
9952.0,cluster_12013799529_12013799530_473195061,5,2,21
9953.0,2496228891,2,0,15
9953.0,cluster_12013799527_12013799528_2190601967,0,2,15
9953.0,cluster_12013799529_12013799530_473195061,6,2,23
9954.0,cluster_12013799527_12013799528_2190601967,0,2,15
9954.0,cluster_12013799529_12013799530_473195061,6,2,21
9955.0,cluster_12013799525_12013799526_2496228894,2,2,15
9955.0,cluster_12013799527_12013799528_2190601967,0,2,15
9955.0,cluster_12013799529_12013799530_473195061,4,2,21
9956.0,cluster_12013799525_12013799526_2496228894,2,2,15
9956.0,cluster_12013799527_12013799528_2190601967,0,2,15
9956.0,cluster_12013799529_12013799530_473195061,4,2,21
9957.0,2496228891,0,2,15
9957.0,cluster_12013799525_12013799526_2496228894,2,2,15
9957.0,cluster_12013799527_12013799528_2190601967,0,2,15
9957.0,cluster_12013799529_12013799530_473195061,4,2,21
9958.0,2496228891,0,2,15
9958.0,cluster_12013799525_12013799526_2496228894,2,2,15
9958.0,cluster_12013799527_12013799528_2190601967,0,2,15
9958.0,cluster_12013799529_12013799530_473195061,4,2,21
9959.0,2496228891,1,2,15
9959.0,cluster_12013799525_12013799526_2496228894,3,2,15
9959.0,cluster_12013799527_12013799528_2190601967,1,2,15
9959.0,cluster_12013799529_12013799530_473195061,4,2,23
9960.0,2496228891,1,2,15
9960.0,cluster_12013799525_12013799526_2496228894,3,2,15
9960.0,cluster_12013799527_12013799528_2190601967,1,2,15
9960.0,cluster_12013799529_12013799530_473195061,4,2,21
9961.0,2496228891,1,2,15
9961.0,cluster_12013799525_12013799526_2496228894,3,2,15
9961.0,cluster_12013799529_12013799530_473195061,3,2,15
9962.0,2496228891,1,2,15
9962.0,cluster_12013799525_12013799526_2496228894,3,2,15
9962.0,cluster_12013799529_12013799530_473195061,3,2,15
9963.0,2496228891,2,2,15
9963.0,cluster_12013799525_12013799526_2496228894,4,2,21
9963.0,cluster_12013799529_12013799530_473195061,3,2,15
9964.0,2496228891,2,2,15
9964.0,cluster_12013799525_12013799526_2496228894,3,2,15
9964.0,cluster_12013799527_12013799528_2190601967,2,0,15
9964.0,cluster_12013799529_12013799530_473195061,3,2,15
9965.0,2496228891,2,2,15
9965.0,cluster_12013799525_12013799526_2496228894,3,2,15
9965.0,cluster_12013799527_12013799528_2190601967,2,0,15
9965.0,cluster_12013799529_12013799530_473195061,2,2,15
9966.0,2496228891,2,2,15
9966.0,cluster_12013799525_12013799526_2496228894,2,2,15
9966.0,cluster_12013799527_12013799528_2190601967,2,0,15
9966.0,cluster_12013799529_12013799530_473195061,2,2,15
9967.0,2496228891,2,2,15
9967.0,cluster_12013799525_12013799526_2496228894,2,2,15
9967.0,cluster_12013799527_12013799528_2190601967,3,0,15
9967.0,cluster_12013799529_12013799530_473195061,3,2,15
9968.0,2496228891,3,2,15
9968.0,cluster_12013799525_12013799526_2496228894,3,2,15
9968.0,cluster_12013799527_12013799528_2190601967,3,0,15
9968.0,cluster_12013799529_12013799530_473195061,3,2,15
9969.0,2496228891,3,2,15
9969.0,cluster_12013799525_12013799526_2496228894,3,2,15
9969.0,cluster_12013799527_12013799528_2190601967,3,0,15
9969.0,cluster_12013799529_12013799530_473195061,3,2,15
9970.0,2496228891,3,2,15
9970.0,cluster_12013799525_12013799526_2496228894,3,2,15
9970.0,cluster_12013799527_12013799528_2190601967,3,0,15
9970.0,cluster_12013799529_12013799530_473195061,3,2,15
9971.0,2496228891,2,2,15
9971.0,cluster_12013799527_12013799528_2190601967,4,0,23
9971.0,cluster_12013799529_12013799530_473195061,4,2,21
9972.0,2496228891,3,2,15
9972.0,cluster_12013799527_12013799528_2190601967,4,0,21
9972.0,cluster_12013799529_12013799530_473195061,4,2,21
9973.0,cluster_12013799527_12013799528_2190601967,4,0,21
9974.0,cluster_12013799525_12013799526_2496228894,4,0,21
9974.0,cluster_12013799527_12013799528_2190601967,4,0,21
9975.0,cluster_12013799525_12013799526_2496228894,3,0,15
9975.0,cluster_12013799527_12013799528_2190601967,5,0,23
9976.0,2496228891,8,0,21
9976.0,cluster_12013799525_12013799526_2496228894,3,0,15
9976.0,cluster_12013799527_12013799528_2190601967,4,0,21
9976.0,cluster_12013799529_12013799530_473195061,4,0,21
9977.0,2496228891,7,0,21
9977.0,cluster_12013799525_12013799526_2496228894,3,0,15
9977.0,cluster_12013799527_12013799528_2190601967,4,0,21
9977.0,cluster_12013799529_12013799530_473195061,4,0,21
9978.0,2496228891,7,0,23
9978.0,cluster_12013799525_12013799526_2496228894,3,0,15
9978.0,cluster_12013799527_12013799528_2190601967,4,0,21
9978.0,cluster_12013799529_12013799530_473195061,4,0,21
9979.0,2496228891,9,0,25
9979.0,cluster_12013799525_12013799526_2496228894,2,0,15
9979.0,cluster_12013799527_12013799528_2190601967,5,0,23
9979.0,cluster_12013799529_12013799530_473195061,4,0,21
9980.0,2496228891,7,0,21
9980.0,cluster_12013799525_12013799526_2496228894,2,0,15
9980.0,cluster_12013799529_12013799530_473195061,3,0,15
9981.0,2496228891,6,0,21
9981.0,cluster_12013799525_12013799526_2496228894,2,0,15
9981.0,cluster_12013799529_12013799530_473195061,3,0,15
9982.0,2496228891,9,0,25
9982.0,cluster_12013799525_12013799526_2496228894,1,0,15
9982.0,cluster_12013799529_12013799530_473195061,3,0,15
9983.0,2496228891,6,0,21
9983.0,cluster_12013799525_12013799526_2496228894,1,0,15
9983.0,cluster_12013799527_12013799528_2190601967,3,2,15
9983.0,cluster_12013799529_12013799530_473195061,3,0,15
9984.0,2496228891,7,0,23
9984.0,cluster_12013799525_12013799526_2496228894,0,0,15
9984.0,cluster_12013799527_12013799528_2190601967,2,2,15
9984.0,cluster_12013799529_12013799530_473195061,3,0,15
9985.0,2496228891,6,0,23
9985.0,cluster_12013799525_12013799526_2496228894,0,0,15
9985.0,cluster_12013799527_12013799528_2190601967,3,2,15
9985.0,cluster_12013799529_12013799530_473195061,2,0,15
9986.0,2496228891,5,0,21
9986.0,cluster_12013799525_12013799526_2496228894,0,0,15
9986.0,cluster_12013799527_12013799528_2190601967,3,2,15
9986.0,cluster_12013799529_12013799530_473195061,2,0,15
9987.0,2496228891,3,0,15
9987.0,cluster_12013799525_12013799526_2496228894,0,0,15
9987.0,cluster_12013799527_12013799528_2190601967,3,2,15
9987.0,cluster_12013799529_12013799530_473195061,2,0,15
9988.0,2496228891,4,0,23
9988.0,cluster_12013799525_12013799526_2496228894,0,0,15
9988.0,cluster_12013799527_12013799528_2190601967,3,2,15
9988.0,cluster_12013799529_12013799530_473195061,2,0,15
9989.0,2496228891,2,0,15
9989.0,cluster_12013799525_12013799526_2496228894,0,0,15
9989.0,cluster_12013799527_12013799528_2190601967,4,2,23
9989.0,cluster_12013799529_12013799530_473195061,1,0,15
9990.0,2496228891,2,0,15
9990.0,cluster_12013799525_12013799526_2496228894,0,0,15
9990.0,cluster_12013799527_12013799528_2190601967,4,2,21
9990.0,cluster_12013799529_12013799530_473195061,1,0,15
9991.0,2496228891,2,0,15
9991.0,cluster_12013799525_12013799526_2496228894,0,0,15
9991.0,cluster_12013799527_12013799528_2190601967,4,2,21
9991.0,cluster_12013799529_12013799530_473195061,1,0,15
9992.0,2496228891,1,0,15
9992.0,cluster_12013799525_12013799526_2496228894,0,0,15
9992.0,cluster_12013799527_12013799528_2190601967,4,2,23
9992.0,cluster_12013799529_12013799530_473195061,0,0,15
9993.0,2496228891,1,0,15
9993.0,cluster_12013799525_12013799526_2496228894,0,0,15
9993.0,cluster_12013799527_12013799528_2190601967,2,2,15
9993.0,cluster_12013799529_12013799530_473195061,0,0,15
9994.0,2496228891,1,0,15
9994.0,cluster_12013799525_12013799526_2496228894,0,0,15
9994.0,cluster_12013799527_12013799528_2190601967,2,2,15
9994.0,cluster_12013799529_12013799530_473195061,0,0,15
9995.0,2496228891,1,0,15
9995.0,cluster_12013799525_12013799526_2496228894,0,0,15
9995.0,cluster_12013799527_12013799528_2190601967,2,2,15
9995.0,cluster_12013799529_12013799530_473195061,0,0,15
9996.0,2496228891,1,0,15
9996.0,cluster_12013799527_12013799528_2190601967,2,2,15
9996.0,cluster_12013799529_12013799530_473195061,0,0,15
9997.0,2496228891,2,0,15
9997.0,cluster_12013799527_12013799528_2190601967,2,2,15
9997.0,cluster_12013799529_12013799530_473195061,0,0,15
9998.0,cluster_12013799527_12013799528_2190601967,1,2,15
9999.0,cluster_12013799525_12013799526_2496228894,5,2,21
10000.0,cluster_12013799525_12013799526_2496228894,4,2,21
10001.0,2496228891,3,2,15
10001.0,cluster_12013799525_12013799526_2496228894,4,2,21
10001.0,cluster_12013799529_12013799530_473195061,8,2,21
10002.0,2496228891,2,2,15
10002.0,cluster_12013799525_12013799526_2496228894,3,2,15
10002.0,cluster_12013799527_12013799528_2190601967,5,0,21
10002.0,cluster_12013799529_12013799530_473195061,7,2,21
10003.0,2496228891,2,2,15
10003.0,cluster_12013799525_12013799526_2496228894,2,2,15
10003.0,cluster_12013799527_12013799528_2190601967,5,0,21
10003.0,cluster_12013799529_12013799530_473195061,7,2,21
10004.0,2496228891,2,2,15
10004.0,cluster_12013799525_12013799526_2496228894,2,2,15
10004.0,cluster_12013799527_12013799528_2190601967,5,0,21
10004.0,cluster_12013799529_12013799530_473195061,7,2,23
10005.0,2496228891,2,2,15
10005.0,cluster_12013799525_12013799526_2496228894,2,2,15
10005.0,cluster_12013799527_12013799528_2190601967,5,0,21
10005.0,cluster_12013799529_12013799530_473195061,7,2,21
10006.0,2496228891,1,2,15
10006.0,cluster_12013799525_12013799526_2496228894,2,2,15
10006.0,cluster_12013799527_12013799528_2190601967,4,0,21
10006.0,cluster_12013799529_12013799530_473195061,5,2,21
10007.0,2496228891,1,2,15
10007.0,cluster_12013799525_12013799526_2496228894,2,2,15
10007.0,cluster_12013799527_12013799528_2190601967,4,0,21
10007.0,cluster_12013799529_12013799530_473195061,6,2,23
10008.0,2496228891,1,2,15
10008.0,cluster_12013799525_12013799526_2496228894,3,2,15
10008.0,cluster_12013799527_12013799528_2190601967,4,0,21
10008.0,cluster_12013799529_12013799530_473195061,6,2,21
10009.0,2496228891,0,2,15
10009.0,cluster_12013799525_12013799526_2496228894,2,2,15
10009.0,cluster_12013799527_12013799528_2190601967,3,0,15
10009.0,cluster_12013799529_12013799530_473195061,5,2,21
10010.0,2496228891,0,2,15
10010.0,cluster_12013799525_12013799526_2496228894,2,2,15
10010.0,cluster_12013799527_12013799528_2190601967,3,0,15
10010.0,cluster_12013799529_12013799530_473195061,6,2,23
10011.0,2496228891,0,2,15
10011.0,cluster_12013799525_12013799526_2496228894,2,2,15
10011.0,cluster_12013799527_12013799528_2190601967,3,0,15
10011.0,cluster_12013799529_12013799530_473195061,5,2,21
10012.0,2496228891,0,2,15
10012.0,cluster_12013799525_12013799526_2496228894,3,2,15
10012.0,cluster_12013799527_12013799528_2190601967,2,0,15
10012.0,cluster_12013799529_12013799530_473195061,5,2,23
10013.0,2496228891,0,2,15
10013.0,cluster_12013799525_12013799526_2496228894,3,2,15
10013.0,cluster_12013799527_12013799528_2190601967,2,0,15
10013.0,cluster_12013799529_12013799530_473195061,5,2,21
10014.0,2496228891,0,2,15
10014.0,cluster_12013799525_12013799526_2496228894,3,2,15
10014.0,cluster_12013799527_12013799528_2190601967,1,0,15
10014.0,cluster_12013799529_12013799530_473195061,5,2,23
10015.0,2496228891,0,2,15
10015.0,cluster_12013799525_12013799526_2496228894,3,2,15
10015.0,cluster_12013799527_12013799528_2190601967,1,0,15
10015.0,cluster_12013799529_12013799530_473195061,5,2,21
10016.0,2496228891,0,2,15
10016.0,cluster_12013799525_12013799526_2496228894,3,2,15
10016.0,cluster_12013799527_12013799528_2190601967,0,0,15
10016.0,cluster_12013799529_12013799530_473195061,5,2,23
10017.0,cluster_12013799525_12013799526_2496228894,2,2,15
10017.0,cluster_12013799527_12013799528_2190601967,0,0,15
10017.0,cluster_12013799529_12013799530_473195061,4,2,21
10018.0,cluster_12013799525_12013799526_2496228894,1,2,15
10018.0,cluster_12013799527_12013799528_2190601967,0,0,15
10018.0,cluster_12013799529_12013799530_473195061,5,2,23
10019.0,cluster_12013799525_12013799526_2496228894,1,2,15
10019.0,cluster_12013799527_12013799528_2190601967,0,0,15
10019.0,cluster_12013799529_12013799530_473195061,5,2,21
10020.0,2496228891,3,0,15
10020.0,cluster_12013799525_12013799526_2496228894,1,2,15
10020.0,cluster_12013799527_12013799528_2190601967,0,0,15
10020.0,cluster_12013799529_12013799530_473195061,4,2,21
10021.0,2496228891,5,0,23
10021.0,cluster_12013799527_12013799528_2190601967,0,0,15
10021.0,cluster_12013799529_12013799530_473195061,4,2,21
10022.0,2496228891,5,0,23
10022.0,cluster_12013799527_12013799528_2190601967,0,0,15
10022.0,cluster_12013799529_12013799530_473195061,3,2,15
10023.0,2496228891,5,0,21
10023.0,cluster_12013799527_12013799528_2190601967,0,0,15
10024.0,2496228891,4,0,21
10024.0,cluster_12013799525_12013799526_2496228894,0,0,15
10025.0,2496228891,4,0,21
10025.0,cluster_12013799525_12013799526_2496228894,0,0,15
10026.0,2496228891,2,0,15
10026.0,cluster_12013799525_12013799526_2496228894,0,0,15
10026.0,cluster_12013799529_12013799530_473195061,0,0,15
10027.0,2496228891,1,0,15
10027.0,cluster_12013799525_12013799526_2496228894,0,0,15
10027.0,cluster_12013799527_12013799528_2190601967,2,2,15
10027.0,cluster_12013799529_12013799530_473195061,0,0,15
10028.0,2496228891,2,0,15
10028.0,cluster_12013799525_12013799526_2496228894,0,0,15
10028.0,cluster_12013799527_12013799528_2190601967,1,2,15
10028.0,cluster_12013799529_12013799530_473195061,0,0,15
10029.0,2496228891,2,0,15
10029.0,cluster_12013799525_12013799526_2496228894,0,0,15
10029.0,cluster_12013799527_12013799528_2190601967,1,2,15
10029.0,cluster_12013799529_12013799530_473195061,0,0,15
10030.0,2496228891,2,0,15
10030.0,cluster_12013799525_12013799526_2496228894,0,0,15
10030.0,cluster_12013799527_12013799528_2190601967,1,2,15
10030.0,cluster_12013799529_12013799530_473195061,0,0,15
10031.0,2496228891,2,0,15
10031.0,cluster_12013799525_12013799526_2496228894,0,0,15
10031.0,cluster_12013799527_12013799528_2190601967,0,2,15
10031.0,cluster_12013799529_12013799530_473195061,0,0,15
10032.0,2496228891,2,0,15
10032.0,cluster_12013799525_12013799526_2496228894,0,0,15
10032.0,cluster_12013799527_12013799528_2190601967,0,2,15
10032.0,cluster_12013799529_12013799530_473195061,0,0,15
10033.0,2496228891,1,0,15
10033.0,cluster_12013799525_12013799526_2496228894,0,0,15
10033.0,cluster_12013799527_12013799528_2190601967,0,2,15
10033.0,cluster_12013799529_12013799530_473195061,0,0,15
10034.0,2496228891,0,0,15
10034.0,cluster_12013799525_12013799526_2496228894,0,0,15
10034.0,cluster_12013799527_12013799528_2190601967,0,2,15
10034.0,cluster_12013799529_12013799530_473195061,0,0,15
10035.0,2496228891,0,0,15
10035.0,cluster_12013799525_12013799526_2496228894,0,0,15
10035.0,cluster_12013799527_12013799528_2190601967,0,2,15
10035.0,cluster_12013799529_12013799530_473195061,0,0,15
10036.0,cluster_12013799525_12013799526_2496228894,1,0,15
10036.0,cluster_12013799527_12013799528_2190601967,1,2,15
10036.0,cluster_12013799529_12013799530_473195061,1,0,15
10037.0,cluster_12013799525_12013799526_2496228894,1,0,15
10037.0,cluster_12013799527_12013799528_2190601967,1,2,15
10037.0,cluster_12013799529_12013799530_473195061,1,0,15
10038.0,cluster_12013799525_12013799526_2496228894,1,0,15
10038.0,cluster_12013799527_12013799528_2190601967,1,2,15
10038.0,cluster_12013799529_12013799530_473195061,1,0,15
10039.0,2496228891,1,2,15
10039.0,cluster_12013799525_12013799526_2496228894,1,0,15
10039.0,cluster_12013799527_12013799528_2190601967,1,2,15
10039.0,cluster_12013799529_12013799530_473195061,1,0,15
10040.0,2496228891,2,2,15
10040.0,cluster_12013799527_12013799528_2190601967,2,2,15
10040.0,cluster_12013799529_12013799530_473195061,2,0,15
10041.0,2496228891,2,2,15
10041.0,cluster_12013799527_12013799528_2190601967,2,2,15
10041.0,cluster_12013799529_12013799530_473195061,2,0,15
10042.0,2496228891,2,2,15
10042.0,cluster_12013799527_12013799528_2190601967,2,2,15
10043.0,2496228891,2,2,15
10043.0,cluster_12013799525_12013799526_2496228894,6,2,21
10044.0,2496228891,2,2,15
10044.0,cluster_12013799525_12013799526_2496228894,5,2,21
10045.0,2496228891,3,2,15
10045.0,cluster_12013799525_12013799526_2496228894,6,2,21
10045.0,cluster_12013799529_12013799530_473195061,6,2,21
10046.0,2496228891,3,2,15
10046.0,cluster_12013799525_12013799526_2496228894,6,2,21
10046.0,cluster_12013799527_12013799528_2190601967,3,0,15
10046.0,cluster_12013799529_12013799530_473195061,5,2,21
10047.0,2496228891,3,2,15
10047.0,cluster_12013799525_12013799526_2496228894,4,2,21
10047.0,cluster_12013799527_12013799528_2190601967,3,0,15
10047.0,cluster_12013799529_12013799530_473195061,5,2,21
10048.0,2496228891,2,2,15
10048.0,cluster_12013799525_12013799526_2496228894,3,2,15
10048.0,cluster_12013799527_12013799528_2190601967,4,0,23
10048.0,cluster_12013799529_12013799530_473195061,6,2,21
10049.0,2496228891,3,2,15
10049.0,cluster_12013799525_12013799526_2496228894,4,2,21
10049.0,cluster_12013799527_12013799528_2190601967,4,0,21
10049.0,cluster_12013799529_12013799530_473195061,5,2,21
10050.0,2496228891,3,2,15
10050.0,cluster_12013799525_12013799526_2496228894,3,2,15
10050.0,cluster_12013799527_12013799528_2190601967,4,0,21
10050.0,cluster_12013799529_12013799530_473195061,5,2,21
10051.0,2496228891,3,2,15
10051.0,cluster_12013799525_12013799526_2496228894,3,2,15
10051.0,cluster_12013799527_12013799528_2190601967,4,0,21
10051.0,cluster_12013799529_12013799530_473195061,5,2,21
10052.0,2496228891,2,2,15
10052.0,cluster_12013799525_12013799526_2496228894,2,2,15
10052.0,cluster_12013799527_12013799528_2190601967,5,0,23
10052.0,cluster_12013799529_12013799530_473195061,5,2,21
10053.0,2496228891,2,2,15
10053.0,cluster_12013799525_12013799526_2496228894,2,2,15
10053.0,cluster_12013799527_12013799528_2190601967,5,0,21
10053.0,cluster_12013799529_12013799530_473195061,5,2,21
10054.0,2496228891,2,2,15
10054.0,cluster_12013799525_12013799526_2496228894,3,2,15
10054.0,cluster_12013799527_12013799528_2190601967,5,0,21
10054.0,cluster_12013799529_12013799530_473195061,5,2,21
10055.0,cluster_12013799525_12013799526_2496228894,3,2,15
10055.0,cluster_12013799527_12013799528_2190601967,4,0,21
10055.0,cluster_12013799529_12013799530_473195061,4,2,21
10056.0,cluster_12013799525_12013799526_2496228894,3,2,15
10056.0,cluster_12013799527_12013799528_2190601967,5,0,23
10056.0,cluster_12013799529_12013799530_473195061,5,2,21
10057.0,cluster_12013799525_12013799526_2496228894,3,2,15
10057.0,cluster_12013799527_12013799528_2190601967,5,0,21
10057.0,cluster_12013799529_12013799530_473195061,5,2,21
10058.0,2496228891,6,0,21
10058.0,cluster_12013799525_12013799526_2496228894,3,2,15
10058.0,cluster_12013799527_12013799528_2190601967,4,0,21
10058.0,cluster_12013799529_12013799530_473195061,4,2,21
10059.0,2496228891,7,0,23
10059.0,cluster_12013799525_12013799526_2496228894,3,2,15
10059.0,cluster_12013799527_12013799528_2190601967,4,0,21
10059.0,cluster_12013799529_12013799530_473195061,4,2,21
10060.0,2496228891,7,0,23
10060.0,cluster_12013799525_12013799526_2496228894,3,2,15
10060.0,cluster_12013799527_12013799528_2190601967,5,0,23
10060.0,cluster_12013799529_12013799530_473195061,6,2,23
10061.0,2496228891,7,0,23
10061.0,cluster_12013799525_12013799526_2496228894,3,2,15
10061.0,cluster_12013799527_12013799528_2190601967,4,0,21
10061.0,cluster_12013799529_12013799530_473195061,5,2,21
10062.0,2496228891,6,0,21
10062.0,cluster_12013799525_12013799526_2496228894,3,2,15
10062.0,cluster_12013799529_12013799530_473195061,5,2,21
10063.0,2496228891,6,0,21
10063.0,cluster_12013799525_12013799526_2496228894,4,2,23
10063.0,cluster_12013799529_12013799530_473195061,6,2,23
10064.0,2496228891,6,0,21
10064.0,cluster_12013799525_12013799526_2496228894,3,2,15
10064.0,cluster_12013799529_12013799530_473195061,6,2,21
10065.0,2496228891,6,0,23
10065.0,cluster_12013799527_12013799528_2190601967,5,2,21
10065.0,cluster_12013799529_12013799530_473195061,6,2,21
10066.0,2496228891,5,0,21
10066.0,cluster_12013799527_12013799528_2190601967,4,2,21
10066.0,cluster_12013799529_12013799530_473195061,6,2,21
10067.0,2496228891,5,0,21
10067.0,cluster_12013799527_12013799528_2190601967,4,2,21
10068.0,2496228891,5,0,21
10068.0,cluster_12013799525_12013799526_2496228894,3,0,15
10068.0,cluster_12013799527_12013799528_2190601967,3,2,15
10069.0,2496228891,5,0,21
10069.0,cluster_12013799525_12013799526_2496228894,3,0,15
10069.0,cluster_12013799527_12013799528_2190601967,3,2,15
10070.0,2496228891,4,0,21
10070.0,cluster_12013799525_12013799526_2496228894,3,0,15
10070.0,cluster_12013799527_12013799528_2190601967,3,2,15
10070.0,cluster_12013799529_12013799530_473195061,4,0,21
10071.0,2496228891,4,0,21
10071.0,cluster_12013799525_12013799526_2496228894,3,0,15
10071.0,cluster_12013799527_12013799528_2190601967,3,2,15
10071.0,cluster_12013799529_12013799530_473195061,4,0,21
10072.0,2496228891,4,0,21
10072.0,cluster_12013799525_12013799526_2496228894,2,0,15
10072.0,cluster_12013799527_12013799528_2190601967,2,2,15
10072.0,cluster_12013799529_12013799530_473195061,4,0,21
10073.0,2496228891,4,0,21
10073.0,cluster_12013799525_12013799526_2496228894,2,0,15
10073.0,cluster_12013799527_12013799528_2190601967,3,2,15
10073.0,cluster_12013799529_12013799530_473195061,4,0,21
10074.0,2496228891,3,0,15
10074.0,cluster_12013799525_12013799526_2496228894,2,0,15
10074.0,cluster_12013799527_12013799528_2190601967,3,2,15
10074.0,cluster_12013799529_12013799530_473195061,3,0,15
10075.0,2496228891,5,0,23
10075.0,cluster_12013799525_12013799526_2496228894,1,0,15
10075.0,cluster_12013799527_12013799528_2190601967,2,2,15
10075.0,cluster_12013799529_12013799530_473195061,3,0,15
10076.0,2496228891,5,0,21
10076.0,cluster_12013799525_12013799526_2496228894,1,0,15
10076.0,cluster_12013799527_12013799528_2190601967,3,2,15
10076.0,cluster_12013799529_12013799530_473195061,3,0,15
10077.0,2496228891,4,0,21
10077.0,cluster_12013799525_12013799526_2496228894,1,0,15
10077.0,cluster_12013799527_12013799528_2190601967,3,2,15
10077.0,cluster_12013799529_12013799530_473195061,2,0,15
10078.0,2496228891,6,0,23
10078.0,cluster_12013799525_12013799526_2496228894,0,0,15
10078.0,cluster_12013799527_12013799528_2190601967,3,2,15
10078.0,cluster_12013799529_12013799530_473195061,2,0,15
10079.0,2496228891,6,0,21
10079.0,cluster_12013799525_12013799526_2496228894,0,0,15
10079.0,cluster_12013799527_12013799528_2190601967,3,2,15
10079.0,cluster_12013799529_12013799530_473195061,2,0,15
10080.0,cluster_12013799525_12013799526_2496228894,0,0,15
10080.0,cluster_12013799527_12013799528_2190601967,3,2,15
10080.0,cluster_12013799529_12013799530_473195061,1,0,15
10081.0,cluster_12013799525_12013799526_2496228894,0,0,15
10081.0,cluster_12013799527_12013799528_2190601967,4,2,23
10081.0,cluster_12013799529_12013799530_473195061,1,0,15
10082.0,cluster_12013799525_12013799526_2496228894,0,0,15
10082.0,cluster_12013799527_12013799528_2190601967,4,2,23
10082.0,cluster_12013799529_12013799530_473195061,0,0,15
10083.0,2496228891,2,2,15
10083.0,cluster_12013799525_12013799526_2496228894,0,0,15
10083.0,cluster_12013799527_12013799528_2190601967,4,2,21
10083.0,cluster_12013799529_12013799530_473195061,0,0,15
10084.0,2496228891,1,2,15
10084.0,cluster_12013799527_12013799528_2190601967,3,2,15
10084.0,cluster_12013799529_12013799530_473195061,0,0,15
10085.0,2496228891,1,2,15
10085.0,cluster_12013799527_12013799528_2190601967,4,2,23
10085.0,cluster_12013799529_12013799530_473195061,0,0,15
10086.0,2496228891,1,2,15
10086.0,cluster_12013799527_12013799528_2190601967,3,2,15
10086.0,cluster_12013799529_12013799530_473195061,0,0,15
10087.0,2496228891,1,2,15
10087.0,cluster_12013799525_12013799526_2496228894,2,2,15
10087.0,cluster_12013799529_12013799530_473195061,0,0,15
10088.0,2496228891,0,2,15
10088.0,cluster_12013799525_12013799526_2496228894,1,2,15
10088.0,cluster_12013799529_12013799530_473195061,0,0,15
10089.0,2496228891,0,2,15
10089.0,cluster_12013799525_12013799526_2496228894,1,2,15
10089.0,cluster_12013799529_12013799530_473195061,0,0,15
10090.0,2496228891,0,2,15
10090.0,cluster_12013799525_12013799526_2496228894,1,2,15
10090.0,cluster_12013799527_12013799528_2190601967,4,0,21
10090.0,cluster_12013799529_12013799530_473195061,0,0,15
10091.0,2496228891,0,2,15
10091.0,cluster_12013799525_12013799526_2496228894,2,2,15
10091.0,cluster_12013799527_12013799528_2190601967,3,0,15
10091.0,cluster_12013799529_12013799530_473195061,0,0,15
10092.0,2496228891,0,2,15
10092.0,cluster_12013799525_12013799526_2496228894,2,2,15
10092.0,cluster_12013799527_12013799528_2190601967,3,0,15
10093.0,2496228891,0,2,15
10093.0,cluster_12013799525_12013799526_2496228894,2,2,15
10093.0,cluster_12013799527_12013799528_2190601967,3,0,15
10094.0,2496228891,0,2,15
10094.0,cluster_12013799525_12013799526_2496228894,2,2,15
10094.0,cluster_12013799527_12013799528_2190601967,2,0,15
10095.0,2496228891,0,2,15
10095.0,cluster_12013799525_12013799526_2496228894,2,2,15
10095.0,cluster_12013799527_12013799528_2190601967,2,0,15
10095.0,cluster_12013799529_12013799530_473195061,6,2,21
10096.0,2496228891,0,2,15
10096.0,cluster_12013799525_12013799526_2496228894,2,2,15
10096.0,cluster_12013799527_12013799528_2190601967,2,0,15
10096.0,cluster_12013799529_12013799530_473195061,5,2,21
10097.0,2496228891,0,2,15
10097.0,cluster_12013799525_12013799526_2496228894,2,2,15
10097.0,cluster_12013799527_12013799528_2190601967,2,0,15
10097.0,cluster_12013799529_12013799530_473195061,5,2,21
10098.0,2496228891,0,2,15
10098.0,cluster_12013799525_12013799526_2496228894,2,2,15
10098.0,cluster_12013799527_12013799528_2190601967,1,0,15
10098.0,cluster_12013799529_12013799530_473195061,5,2,23
10099.0,cluster_12013799525_12013799526_2496228894,2,2,15
10099.0,cluster_12013799527_12013799528_2190601967,1,0,15
10099.0,cluster_12013799529_12013799530_473195061,4,2,21
10100.0,cluster_12013799525_12013799526_2496228894,1,2,15
10100.0,cluster_12013799527_12013799528_2190601967,0,0,15
10100.0,cluster_12013799529_12013799530_473195061,4,2,23
10101.0,cluster_12013799525_12013799526_2496228894,1,2,15
10101.0,cluster_12013799527_12013799528_2190601967,0,0,15
10101.0,cluster_12013799529_12013799530_473195061,4,2,21
10102.0,2496228891,6,0,21
10102.0,cluster_12013799525_12013799526_2496228894,0,2,15
10102.0,cluster_12013799527_12013799528_2190601967,0,0,15
10102.0,cluster_12013799529_12013799530_473195061,3,2,15
10103.0,2496228891,4,0,21
10103.0,cluster_12013799527_12013799528_2190601967,0,0,15
10103.0,cluster_12013799529_12013799530_473195061,4,2,23
10104.0,2496228891,4,0,23
10104.0,cluster_12013799527_12013799528_2190601967,0,0,15
10104.0,cluster_12013799529_12013799530_473195061,4,2,21
10105.0,2496228891,2,0,15
10105.0,cluster_12013799527_12013799528_2190601967,0,0,15
10105.0,cluster_12013799529_12013799530_473195061,4,2,21
10106.0,2496228891,2,0,15
10106.0,cluster_12013799525_12013799526_2496228894,0,0,15
10106.0,cluster_12013799527_12013799528_2190601967,0,0,15
10106.0,cluster_12013799529_12013799530_473195061,4,2,21
10107.0,2496228891,2,0,15
10107.0,cluster_12013799525_12013799526_2496228894,0,0,15
10107.0,cluster_12013799527_12013799528_2190601967,0,0,15
10107.0,cluster_12013799529_12013799530_473195061,3,2,15
10108.0,2496228891,2,0,15
10108.0,cluster_12013799525_12013799526_2496228894,0,0,15
10108.0,cluster_12013799527_12013799528_2190601967,0,0,15
10108.0,cluster_12013799529_12013799530_473195061,3,2,15
10109.0,2496228891,1,0,15
10109.0,cluster_12013799525_12013799526_2496228894,0,0,15
10109.0,cluster_12013799527_12013799528_2190601967,0,0,15
10109.0,cluster_12013799529_12013799530_473195061,3,2,15
10110.0,2496228891,1,0,15
10110.0,cluster_12013799525_12013799526_2496228894,0,0,15
10110.0,cluster_12013799527_12013799528_2190601967,0,0,15
10110.0,cluster_12013799529_12013799530_473195061,3,2,15
10111.0,2496228891,1,0,15
10111.0,cluster_12013799525_12013799526_2496228894,0,0,15
10111.0,cluster_12013799527_12013799528_2190601967,0,0,15
10111.0,cluster_12013799529_12013799530_473195061,1,2,15
10112.0,2496228891,1,0,15
10112.0,cluster_12013799525_12013799526_2496228894,1,0,15
10112.0,cluster_12013799529_12013799530_473195061,2,2,15
10113.0,2496228891,1,0,15
10113.0,cluster_12013799525_12013799526_2496228894,1,0,15
10113.0,cluster_12013799529_12013799530_473195061,1,2,15
10114.0,2496228891,1,0,15
10114.0,cluster_12013799525_12013799526_2496228894,1,0,15
10114.0,cluster_12013799529_12013799530_473195061,1,2,15
10115.0,2496228891,1,0,15
10115.0,cluster_12013799525_12013799526_2496228894,1,0,15
10115.0,cluster_12013799527_12013799528_2190601967,4,2,21
10115.0,cluster_12013799529_12013799530_473195061,1,2,15
10116.0,2496228891,3,0,15
10116.0,cluster_12013799525_12013799526_2496228894,2,0,15
10116.0,cluster_12013799527_12013799528_2190601967,4,2,21
10116.0,cluster_12013799529_12013799530_473195061,2,2,15
10117.0,2496228891,3,0,15
10117.0,cluster_12013799525_12013799526_2496228894,2,0,15
10117.0,cluster_12013799527_12013799528_2190601967,4,2,21
10118.0,2496228891,3,0,15
10118.0,cluster_12013799525_12013799526_2496228894,2,0,15
10118.0,cluster_12013799527_12013799528_2190601967,4,2,21
10119.0,2496228891,4,0,23
10119.0,cluster_12013799525_12013799526_2496228894,2,0,15
10119.0,cluster_12013799527_12013799528_2190601967,4,2,21
10120.0,2496228891,5,0,23
10120.0,cluster_12013799525_12013799526_2496228894,3,0,15
10120.0,cluster_12013799527_12013799528_2190601967,4,2,21
10120.0,cluster_12013799529_12013799530_473195061,3,0,15
10121.0,2496228891,5,0,21
10121.0,cluster_12013799525_12013799526_2496228894,2,0,15
10121.0,cluster_12013799527_12013799528_2190601967,3,2,15
10121.0,cluster_12013799529_12013799530_473195061,3,0,15
10122.0,2496228891,5,0,23
10122.0,cluster_12013799527_12013799528_2190601967,3,2,15
10122.0,cluster_12013799529_12013799530_473195061,3,0,15
10123.0,2496228891,4,0,21
10123.0,cluster_12013799527_12013799528_2190601967,2,2,15
10123.0,cluster_12013799529_12013799530_473195061,3,0,15
10124.0,cluster_12013799527_12013799528_2190601967,4,2,23
10124.0,cluster_12013799529_12013799530_473195061,4,0,23
10125.0,cluster_12013799525_12013799526_2496228894,4,2,21
10125.0,cluster_12013799527_12013799528_2190601967,4,2,21
10125.0,cluster_12013799529_12013799530_473195061,4,0,21
10126.0,cluster_12013799525_12013799526_2496228894,4,2,23
10126.0,cluster_12013799527_12013799528_2190601967,4,2,21
10126.0,cluster_12013799529_12013799530_473195061,4,0,21
10127.0,2496228891,3,2,15
10127.0,cluster_12013799525_12013799526_2496228894,4,2,21
10127.0,cluster_12013799527_12013799528_2190601967,4,2,21
10127.0,cluster_12013799529_12013799530_473195061,4,0,21
10128.0,2496228891,2,2,15
10128.0,cluster_12013799525_12013799526_2496228894,3,2,15
10128.0,cluster_12013799527_12013799528_2190601967,4,2,21
10128.0,cluster_12013799529_12013799530_473195061,5,0,23
10129.0,2496228891,2,2,15
10129.0,cluster_12013799525_12013799526_2496228894,3,2,15
10129.0,cluster_12013799527_12013799528_2190601967,3,2,15
10129.0,cluster_12013799529_12013799530_473195061,5,0,21
10130.0,2496228891,2,2,15
10130.0,cluster_12013799525_12013799526_2496228894,3,2,15
10130.0,cluster_12013799527_12013799528_2190601967,5,2,23
10130.0,cluster_12013799529_12013799530_473195061,4,0,21
10131.0,2496228891,2,2,15
10131.0,cluster_12013799525_12013799526_2496228894,4,2,23
10131.0,cluster_12013799527_12013799528_2190601967,5,2,23
10131.0,cluster_12013799529_12013799530_473195061,4,0,21
10132.0,2496228891,1,2,15
10132.0,cluster_12013799525_12013799526_2496228894,3,2,15
10132.0,cluster_12013799527_12013799528_2190601967,5,2,21
10132.0,cluster_12013799529_12013799530_473195061,4,0,21
10133.0,2496228891,1,2,15
10133.0,cluster_12013799525_12013799526_2496228894,4,2,23
10133.0,cluster_12013799527_12013799528_2190601967,5,2,21
10133.0,cluster_12013799529_12013799530_473195061,4,0,21
10134.0,2496228891,1,2,15
10134.0,cluster_12013799525_12013799526_2496228894,4,2,23
10134.0,cluster_12013799527_12013799528_2190601967,5,2,21
10134.0,cluster_12013799529_12013799530_473195061,3,0,15
10135.0,2496228891,1,2,15
10135.0,cluster_12013799525_12013799526_2496228894,4,2,21
10135.0,cluster_12013799527_12013799528_2190601967,4,2,21
10135.0,cluster_12013799529_12013799530_473195061,3,0,15
10136.0,2496228891,1,2,15
10136.0,cluster_12013799525_12013799526_2496228894,4,2,21
10136.0,cluster_12013799527_12013799528_2190601967,3,2,15
10137.0,2496228891,1,2,15
10137.0,cluster_12013799525_12013799526_2496228894,3,2,15
10138.0,2496228891,0,2,15
10138.0,cluster_12013799525_12013799526_2496228894,2,2,15
10139.0,2496228891,0,2,15
10139.0,cluster_12013799525_12013799526_2496228894,2,2,15
10139.0,cluster_12013799529_12013799530_473195061,10,2,22
10140.0,2496228891,0,2,15
10140.0,cluster_12013799525_12013799526_2496228894,3,2,15
10140.0,cluster_12013799527_12013799528_2190601967,6,0,21
10140.0,cluster_12013799529_12013799530_473195061,8,2,21
10141.0,2496228891,0,2,15
10141.0,cluster_12013799525_12013799526_2496228894,2,2,15
10141.0,cluster_12013799527_12013799528_2190601967,6,0,21
10141.0,cluster_12013799529_12013799530_473195061,8,2,21
10142.0,2496228891,0,2,15
10142.0,cluster_12013799525_12013799526_2496228894,1,2,15
10142.0,cluster_12013799527_12013799528_2190601967,6,0,21
10142.0,cluster_12013799529_12013799530_473195061,8,2,21
10143.0,cluster_12013799525_12013799526_2496228894,1,2,15
10143.0,cluster_12013799527_12013799528_2190601967,6,0,21
10143.0,cluster_12013799529_12013799530_473195061,8,2,21
10144.0,cluster_12013799525_12013799526_2496228894,1,2,15
10144.0,cluster_12013799527_12013799528_2190601967,5,0,21
10144.0,cluster_12013799529_12013799530_473195061,6,2,21
10145.0,cluster_12013799525_12013799526_2496228894,1,2,15
10145.0,cluster_12013799527_12013799528_2190601967,5,0,21
10145.0,cluster_12013799529_12013799530_473195061,6,2,21
10146.0,2496228891,7,0,21
10146.0,cluster_12013799525_12013799526_2496228894,1,2,15
10146.0,cluster_12013799527_12013799528_2190601967,5,0,21
10146.0,cluster_12013799529_12013799530_473195061,6,2,21
10147.0,2496228891,6,0,21
10147.0,cluster_12013799527_12013799528_2190601967,4,0,21
10147.0,cluster_12013799529_12013799530_473195061,5,2,23
10148.0,2496228891,6,0,21
10148.0,cluster_12013799527_12013799528_2190601967,4,0,21
10148.0,cluster_12013799529_12013799530_473195061,5,2,21
10149.0,2496228891,5,0,23
10149.0,cluster_12013799527_12013799528_2190601967,4,0,21
10149.0,cluster_12013799529_12013799530_473195061,5,2,21
10150.0,2496228891,4,0,23
10150.0,cluster_12013799525_12013799526_2496228894,3,0,15
10150.0,cluster_12013799527_12013799528_2190601967,3,0,15
10150.0,cluster_12013799529_12013799530_473195061,5,2,23
10151.0,2496228891,4,0,21
10151.0,cluster_12013799525_12013799526_2496228894,2,0,15
10151.0,cluster_12013799527_12013799528_2190601967,3,0,15
10151.0,cluster_12013799529_12013799530_473195061,5,2,21
10152.0,2496228891,5,0,23
10152.0,cluster_12013799525_12013799526_2496228894,2,0,15
10152.0,cluster_12013799527_12013799528_2190601967,2,0,15
10152.0,cluster_12013799529_12013799530_473195061,5,2,23
10153.0,2496228891,5,0,21
10153.0,cluster_12013799525_12013799526_2496228894,2,0,15
10153.0,cluster_12013799527_12013799528_2190601967,2,0,15
10153.0,cluster_12013799529_12013799530_473195061,5,2,21
10154.0,2496228891,5,0,21
10154.0,cluster_12013799525_12013799526_2496228894,2,0,15
10154.0,cluster_12013799527_12013799528_2190601967,1,0,15
10154.0,cluster_12013799529_12013799530_473195061,5,2,23
10155.0,2496228891,5,0,23
10155.0,cluster_12013799525_12013799526_2496228894,1,0,15
10155.0,cluster_12013799527_12013799528_2190601967,1,0,15
10155.0,cluster_12013799529_12013799530_473195061,5,2,21
10156.0,2496228891,4,0,21
10156.0,cluster_12013799525_12013799526_2496228894,1,0,15
10156.0,cluster_12013799527_12013799528_2190601967,0,0,15
10156.0,cluster_12013799529_12013799530_473195061,5,2,23
10157.0,2496228891,4,0,23
10157.0,cluster_12013799525_12013799526_2496228894,0,0,15
10157.0,cluster_12013799527_12013799528_2190601967,0,0,15
10157.0,cluster_12013799529_12013799530_473195061,4,2,21
10158.0,2496228891,3,0,15
10158.0,cluster_12013799525_12013799526_2496228894,0,0,15
10158.0,cluster_12013799527_12013799528_2190601967,0,0,15
10158.0,cluster_12013799529_12013799530_473195061,5,2,23
10159.0,2496228891,3,0,15
10159.0,cluster_12013799525_12013799526_2496228894,0,0,15
10159.0,cluster_12013799527_12013799528_2190601967,0,0,15
10159.0,cluster_12013799529_12013799530_473195061,4,2,21
10160.0,2496228891,3,0,15
10160.0,cluster_12013799525_12013799526_2496228894,0,0,15
10160.0,cluster_12013799527_12013799528_2190601967,0,0,15
10160.0,cluster_12013799529_12013799530_473195061,4,2,21
10161.0,2496228891,5,0,23
10161.0,cluster_12013799525_12013799526_2496228894,0,0,15
10161.0,cluster_12013799527_12013799528_2190601967,0,0,15
10161.0,cluster_12013799529_12013799530_473195061,4,2,21
10162.0,2496228891,5,0,21
10162.0,cluster_12013799525_12013799526_2496228894,0,0,15
10163.0,2496228891,5,0,21
10163.0,cluster_12013799525_12013799526_2496228894,0,0,15
10164.0,2496228891,5,0,21
10164.0,cluster_12013799525_12013799526_2496228894,0,0,15
10165.0,2496228891,5,0,21
10165.0,cluster_12013799525_12013799526_2496228894,0,0,15
10165.0,cluster_12013799527_12013799528_2190601967,5,2,21
10165.0,cluster_12013799529_12013799530_473195061,3,0,15
10166.0,2496228891,2,0,15
10166.0,cluster_12013799527_12013799528_2190601967,4,2,21
10166.0,cluster_12013799529_12013799530_473195061,2,0,15
10167.0,2496228891,3,0,15
10167.0,cluster_12013799527_12013799528_2190601967,4,2,23
10167.0,cluster_12013799529_12013799530_473195061,2,0,15
10168.0,cluster_12013799527_12013799528_2190601967,4,2,21
10168.0,cluster_12013799529_12013799530_473195061,2,0,15
10169.0,cluster_12013799525_12013799526_2496228894,1,2,15
10169.0,cluster_12013799527_12013799528_2190601967,2,2,15
10169.0,cluster_12013799529_12013799530_473195061,1,0,15
10170.0,cluster_12013799525_12013799526_2496228894,1,2,15
10170.0,cluster_12013799527_12013799528_2190601967,2,2,15
10170.0,cluster_12013799529_12013799530_473195061,1,0,15
10171.0,2496228891,0,2,15
10171.0,cluster_12013799525_12013799526_2496228894,1,2,15
10171.0,cluster_12013799527_12013799528_2190601967,2,2,15
10171.0,cluster_12013799529_12013799530_473195061,1,0,15
10172.0,2496228891,0,2,15
10172.0,cluster_12013799525_12013799526_2496228894,1,2,15
10172.0,cluster_12013799527_12013799528_2190601967,1,2,15
10172.0,cluster_12013799529_12013799530_473195061,1,0,15
10173.0,2496228891,0,2,15
10173.0,cluster_12013799525_12013799526_2496228894,0,2,15
10173.0,cluster_12013799527_12013799528_2190601967,0,2,15
10173.0,cluster_12013799529_12013799530_473195061,0,0,15
10174.0,2496228891,0,2,15
10174.0,cluster_12013799525_12013799526_2496228894,0,2,15
10174.0,cluster_12013799527_12013799528_2190601967,1,2,15
10174.0,cluster_12013799529_12013799530_473195061,0,0,15
10175.0,2496228891,0,2,15
10175.0,cluster_12013799525_12013799526_2496228894,0,2,15
10175.0,cluster_12013799527_12013799528_2190601967,1,2,15
10175.0,cluster_12013799529_12013799530_473195061,0,0,15
10176.0,2496228891,0,2,15
10176.0,cluster_12013799525_12013799526_2496228894,0,2,15
10176.0,cluster_12013799527_12013799528_2190601967,1,2,15
10176.0,cluster_12013799529_12013799530_473195061,0,0,15
10177.0,2496228891,0,2,15
10177.0,cluster_12013799525_12013799526_2496228894,0,2,15
10177.0,cluster_12013799527_12013799528_2190601967,1,2,15
10177.0,cluster_12013799529_12013799530_473195061,0,0,15
10178.0,2496228891,0,2,15
10178.0,cluster_12013799525_12013799526_2496228894,0,2,15
10178.0,cluster_12013799527_12013799528_2190601967,1,2,15
10178.0,cluster_12013799529_12013799530_473195061,0,0,15
10179.0,2496228891,0,2,15
10179.0,cluster_12013799525_12013799526_2496228894,0,2,15
10179.0,cluster_12013799527_12013799528_2190601967,1,2,15
10179.0,cluster_12013799529_12013799530_473195061,0,0,15
10180.0,2496228891,0,2,15
10180.0,cluster_12013799525_12013799526_2496228894,0,2,15
10180.0,cluster_12013799527_12013799528_2190601967,0,2,15
10180.0,cluster_12013799529_12013799530_473195061,0,0,15
10181.0,2496228891,0,2,15
10181.0,cluster_12013799525_12013799526_2496228894,0,2,15
10181.0,cluster_12013799527_12013799528_2190601967,1,2,15
10182.0,2496228891,0,2,15
10182.0,cluster_12013799525_12013799526_2496228894,0,2,15
10182.0,cluster_12013799527_12013799528_2190601967,1,2,15
10183.0,2496228891,0,2,15
10183.0,cluster_12013799525_12013799526_2496228894,0,2,15
10183.0,cluster_12013799527_12013799528_2190601967,1,2,15
10184.0,2496228891,0,2,15
10184.0,cluster_12013799525_12013799526_2496228894,0,2,15
10184.0,cluster_12013799527_12013799528_2190601967,1,2,15
10184.0,cluster_12013799529_12013799530_473195061,3,2,15
10185.0,2496228891,0,2,15
10185.0,cluster_12013799527_12013799528_2190601967,1,2,15
10185.0,cluster_12013799529_12013799530_473195061,3,2,15
10186.0,2496228891,0,2,15
10186.0,cluster_12013799527_12013799528_2190601967,0,2,15
10186.0,cluster_12013799529_12013799530_473195061,3,2,15
10187.0,cluster_12013799529_12013799530_473195061,3,2,15
10188.0,cluster_12013799525_12013799526_2496228894,0,0,15
10188.0,cluster_12013799529_12013799530_473195061,3,2,15
10189.0,cluster_12013799525_12013799526_2496228894,1,0,15
10189.0,cluster_12013799529_12013799530_473195061,4,2,23
10190.0,2496228891,6,0,21
10190.0,cluster_12013799525_12013799526_2496228894,1,0,15
10190.0,cluster_12013799527_12013799528_2190601967,1,0,15
10190.0,cluster_12013799529_12013799530_473195061,4,2,21
10191.0,2496228891,4,0,21
10191.0,cluster_12013799525_12013799526_2496228894,1,0,15
10191.0,cluster_12013799527_12013799528_2190601967,1,0,15
10191.0,cluster_12013799529_12013799530_473195061,3,2,15
10192.0,2496228891,4,0,23
10192.0,cluster_12013799525_12013799526_2496228894,1,0,15
10192.0,cluster_12013799527_12013799528_2190601967,1,0,15
10192.0,cluster_12013799529_12013799530_473195061,3,2,15
10193.0,2496228891,5,0,23
10193.0,cluster_12013799525_12013799526_2496228894,2,0,15
10193.0,cluster_12013799527_12013799528_2190601967,2,0,15
10193.0,cluster_12013799529_12013799530_473195061,4,2,21
10194.0,2496228891,7,0,23
10194.0,cluster_12013799525_12013799526_2496228894,2,0,15
10194.0,cluster_12013799527_12013799528_2190601967,2,0,15
10194.0,cluster_12013799529_12013799530_473195061,3,2,15
10195.0,2496228891,7,0,23
10195.0,cluster_12013799525_12013799526_2496228894,2,0,15
10195.0,cluster_12013799527_12013799528_2190601967,2,0,15
10195.0,cluster_12013799529_12013799530_473195061,3,2,15
10196.0,2496228891,7,0,23
10196.0,cluster_12013799525_12013799526_2496228894,2,0,15
10196.0,cluster_12013799527_12013799528_2190601967,2,0,15
10196.0,cluster_12013799529_12013799530_473195061,3,2,15
10197.0,2496228891,8,0,24
10197.0,cluster_12013799525_12013799526_2496228894,3,0,15
10197.0,cluster_12013799527_12013799528_2190601967,3,0,15
10197.0,cluster_12013799529_12013799530_473195061,4,2,21
10198.0,2496228891,5,0,21
10198.0,cluster_12013799525_12013799526_2496228894,2,0,15
10198.0,cluster_12013799527_12013799528_2190601967,3,0,15
10198.0,cluster_12013799529_12013799530_473195061,4,2,23
10199.0,2496228891,6,0,23
10199.0,cluster_12013799525_12013799526_2496228894,2,0,15
10199.0,cluster_12013799527_12013799528_2190601967,3,0,15
10199.0,cluster_12013799529_12013799530_473195061,3,2,15
10200.0,2496228891,5,0,21
10200.0,cluster_12013799525_12013799526_2496228894,2,0,15
10200.0,cluster_12013799527_12013799528_2190601967,3,0,15
10201.0,2496228891,6,0,23
10201.0,cluster_12013799525_12013799526_2496228894,3,0,15
10201.0,cluster_12013799527_12013799528_2190601967,4,0,23
10202.0,2496228891,6,0,23
10202.0,cluster_12013799525_12013799526_2496228894,2,0,15
10202.0,cluster_12013799527_12013799528_2190601967,4,0,21
10203.0,2496228891,6,0,21
10203.0,cluster_12013799525_12013799526_2496228894,2,0,15
10203.0,cluster_12013799527_12013799528_2190601967,4,0,21
10203.0,cluster_12013799529_12013799530_473195061,4,0,21
10204.0,2496228891,6,0,23
10204.0,cluster_12013799527_12013799528_2190601967,4,0,21
10204.0,cluster_12013799529_12013799530_473195061,4,0,21
10205.0,2496228891,6,0,23
10205.0,cluster_12013799527_12013799528_2190601967,4,0,21
10205.0,cluster_12013799529_12013799530_473195061,5,0,21
10206.0,2496228891,6,0,21
10206.0,cluster_12013799529_12013799530_473195061,5,0,21
10207.0,2496228891,6,0,23
10207.0,cluster_12013799525_12013799526_2496228894,7,2,21
10207.0,cluster_12013799529_12013799530_473195061,5,0,21
10208.0,2496228891,5,0,21
10208.0,cluster_12013799525_12013799526_2496228894,7,2,21
10208.0,cluster_12013799529_12013799530_473195061,5,0,21
10209.0,2496228891,4,0,21
10209.0,cluster_12013799525_12013799526_2496228894,7,2,21
10209.0,cluster_12013799527_12013799528_2190601967,4,2,21
10209.0,cluster_12013799529_12013799530_473195061,4,0,21
10210.0,2496228891,4,0,21
10210.0,cluster_12013799525_12013799526_2496228894,6,2,23
10210.0,cluster_12013799527_12013799528_2190601967,3,2,15
10210.0,cluster_12013799529_12013799530_473195061,4,0,21
10211.0,2496228891,3,0,15
10211.0,cluster_12013799525_12013799526_2496228894,7,2,23
10211.0,cluster_12013799527_12013799528_2190601967,4,2,23
10211.0,cluster_12013799529_12013799530_473195061,3,0,15
10212.0,cluster_12013799525_12013799526_2496228894,6,2,21
10212.0,cluster_12013799527_12013799528_2190601967,3,2,15
10212.0,cluster_12013799529_12013799530_473195061,3,0,15
10213.0,cluster_12013799525_12013799526_2496228894,6,2,21
10213.0,cluster_12013799527_12013799528_2190601967,3,2,15
10213.0,cluster_12013799529_12013799530_473195061,3,0,15
10214.0,cluster_12013799525_12013799526_2496228894,5,2,21
10214.0,cluster_12013799527_12013799528_2190601967,3,2,15
10214.0,cluster_12013799529_12013799530_473195061,2,0,15
10215.0,2496228891,3,2,15
10215.0,cluster_12013799525_12013799526_2496228894,5,2,21
10215.0,cluster_12013799527_12013799528_2190601967,3,2,15
10215.0,cluster_12013799529_12013799530_473195061,2,0,15
10216.0,2496228891,2,2,15
10216.0,cluster_12013799525_12013799526_2496228894,3,2,15
10216.0,cluster_12013799527_12013799528_2190601967,3,2,15
10216.0,cluster_12013799529_12013799530_473195061,2,0,15
10217.0,2496228891,2,2,15
10217.0,cluster_12013799525_12013799526_2496228894,3,2,15
10217.0,cluster_12013799527_12013799528_2190601967,3,2,15
10217.0,cluster_12013799529_12013799530_473195061,2,0,15
10218.0,2496228891,2,2,15
10218.0,cluster_12013799525_12013799526_2496228894,3,2,15
10218.0,cluster_12013799527_12013799528_2190601967,3,2,15
10218.0,cluster_12013799529_12013799530_473195061,1,0,15
10219.0,2496228891,2,2,15
10219.0,cluster_12013799525_12013799526_2496228894,3,2,15
10219.0,cluster_12013799527_12013799528_2190601967,3,2,15
10219.0,cluster_12013799529_12013799530_473195061,1,0,15
10220.0,2496228891,1,2,15
10220.0,cluster_12013799525_12013799526_2496228894,3,2,15
10220.0,cluster_12013799527_12013799528_2190601967,3,2,15
10220.0,cluster_12013799529_12013799530_473195061,1,0,15
10221.0,2496228891,1,2,15
10221.0,cluster_12013799525_12013799526_2496228894,2,2,15
10221.0,cluster_12013799527_12013799528_2190601967,3,2,15
10221.0,cluster_12013799529_12013799530_473195061,1,0,15
10222.0,2496228891,1,2,15
10222.0,cluster_12013799525_12013799526_2496228894,3,2,15
10222.0,cluster_12013799527_12013799528_2190601967,2,2,15
10222.0,cluster_12013799529_12013799530_473195061,1,0,15
10223.0,2496228891,0,2,15
10223.0,cluster_12013799525_12013799526_2496228894,2,2,15
10223.0,cluster_12013799527_12013799528_2190601967,3,2,15
10223.0,cluster_12013799529_12013799530_473195061,1,0,15
10224.0,2496228891,0,2,15
10224.0,cluster_12013799525_12013799526_2496228894,2,2,15
10224.0,cluster_12013799527_12013799528_2190601967,3,2,15
10224.0,cluster_12013799529_12013799530_473195061,0,0,15
10225.0,2496228891,0,2,15
10225.0,cluster_12013799525_12013799526_2496228894,3,2,15
10225.0,cluster_12013799527_12013799528_2190601967,3,2,15
10226.0,2496228891,0,2,15
10226.0,cluster_12013799525_12013799526_2496228894,3,2,15
10226.0,cluster_12013799527_12013799528_2190601967,3,2,15
10227.0,2496228891,0,2,15
10227.0,cluster_12013799525_12013799526_2496228894,3,2,15
10227.0,cluster_12013799527_12013799528_2190601967,3,2,15
10228.0,2496228891,0,2,15
10228.0,cluster_12013799525_12013799526_2496228894,3,2,15
10228.0,cluster_12013799527_12013799528_2190601967,2,2,15
10228.0,cluster_12013799529_12013799530_473195061,7,2,21
10229.0,2496228891,0,2,15
10229.0,cluster_12013799527_12013799528_2190601967,2,2,15
10229.0,cluster_12013799529_12013799530_473195061,6,2,21
10230.0,2496228891,0,2,15
10230.0,cluster_12013799527_12013799528_2190601967,2,2,15
10230.0,cluster_12013799529_12013799530_473195061,6,2,21
10231.0,cluster_12013799529_12013799530_473195061,6,2,21
10232.0,cluster_12013799525_12013799526_2496228894,2,0,15
10232.0,cluster_12013799529_12013799530_473195061,6,2,21
10233.0,cluster_12013799525_12013799526_2496228894,1,0,15
10233.0,cluster_12013799529_12013799530_473195061,6,2,21
10234.0,2496228891,4,0,21
10234.0,cluster_12013799525_12013799526_2496228894,1,0,15
10234.0,cluster_12013799527_12013799528_2190601967,6,0,21
10234.0,cluster_12013799529_12013799530_473195061,6,2,21
10235.0,2496228891,2,0,15
10235.0,cluster_12013799525_12013799526_2496228894,1,0,15
10235.0,cluster_12013799527_12013799528_2190601967,5,0,21
10235.0,cluster_12013799529_12013799530_473195061,5,2,21
10236.0,2496228891,2,0,15
10236.0,cluster_12013799525_12013799526_2496228894,1,0,15
10236.0,cluster_12013799527_12013799528_2190601967,5,0,21
10236.0,cluster_12013799529_12013799530_473195061,5,2,21
10237.0,2496228891,2,0,15
10237.0,cluster_12013799525_12013799526_2496228894,0,0,15
10237.0,cluster_12013799527_12013799528_2190601967,5,0,21
10237.0,cluster_12013799529_12013799530_473195061,5,2,21
10238.0,2496228891,1,0,15
10238.0,cluster_12013799525_12013799526_2496228894,0,0,15
10238.0,cluster_12013799527_12013799528_2190601967,5,0,21
10238.0,cluster_12013799529_12013799530_473195061,5,2,21
10239.0,2496228891,1,0,15
10239.0,cluster_12013799525_12013799526_2496228894,0,0,15
10239.0,cluster_12013799527_12013799528_2190601967,4,0,21
10239.0,cluster_12013799529_12013799530_473195061,4,2,21
10240.0,2496228891,1,0,15
10240.0,cluster_12013799525_12013799526_2496228894,0,0,15
10240.0,cluster_12013799527_12013799528_2190601967,4,0,21
10240.0,cluster_12013799529_12013799530_473195061,5,2,23
10241.0,2496228891,0,0,15
10241.0,cluster_12013799525_12013799526_2496228894,0,0,15
10241.0,cluster_12013799527_12013799528_2190601967,4,0,21
10241.0,cluster_12013799529_12013799530_473195061,5,2,21
10242.0,2496228891,0,0,15
10242.0,cluster_12013799525_12013799526_2496228894,0,0,15
10242.0,cluster_12013799527_12013799528_2190601967,3,0,15
10242.0,cluster_12013799529_12013799530_473195061,5,2,23
10243.0,2496228891,0,0,15
10243.0,cluster_12013799525_12013799526_2496228894,0,0,15
10243.0,cluster_12013799527_12013799528_2190601967,3,0,15
10243.0,cluster_12013799529_12013799530_473195061,5,2,21
10244.0,2496228891,0,0,15
10244.0,cluster_12013799525_12013799526_2496228894,0,0,15
10244.0,cluster_12013799527_12013799528_2190601967,2,0,15
10244.0,cluster_12013799529_12013799530_473195061,4,2,21
10245.0,2496228891,0,0,15
10245.0,cluster_12013799525_12013799526_2496228894,0,0,15
10245.0,cluster_12013799527_12013799528_2190601967,2,0,15
10245.0,cluster_12013799529_12013799530_473195061,5,2,23
10246.0,2496228891,0,0,15
10246.0,cluster_12013799525_12013799526_2496228894,0,0,15
10246.0,cluster_12013799527_12013799528_2190601967,1,0,15
10246.0,cluster_12013799529_12013799530_473195061,4,2,21
10247.0,2496228891,0,0,15
10247.0,cluster_12013799525_12013799526_2496228894,0,0,15
10247.0,cluster_12013799527_12013799528_2190601967,1,0,15
10247.0,cluster_12013799529_12013799530_473195061,5,2,23
10248.0,2496228891,0,0,15
10248.0,cluster_12013799527_12013799528_2190601967,1,0,15
10248.0,cluster_12013799529_12013799530_473195061,5,2,21
10249.0,2496228891,0,0,15
10249.0,cluster_12013799527_12013799528_2190601967,0,0,15
10249.0,cluster_12013799529_12013799530_473195061,5,2,23
10250.0,2496228891,0,0,15
10250.0,cluster_12013799527_12013799528_2190601967,0,0,15
10251.0,2496228891,0,0,15
10251.0,cluster_12013799525_12013799526_2496228894,4,2,21
10251.0,cluster_12013799527_12013799528_2190601967,0,0,15
10252.0,2496228891,0,0,15
10252.0,cluster_12013799525_12013799526_2496228894,4,2,21
10252.0,cluster_12013799527_12013799528_2190601967,0,0,15
10253.0,2496228891,0,0,15
10253.0,cluster_12013799525_12013799526_2496228894,4,2,21
10253.0,cluster_12013799527_12013799528_2190601967,0,0,15
10253.0,cluster_12013799529_12013799530_473195061,0,0,15
10254.0,2496228891,0,0,15
10254.0,cluster_12013799525_12013799526_2496228894,4,2,21
10254.0,cluster_12013799527_12013799528_2190601967,0,0,15
10254.0,cluster_12013799529_12013799530_473195061,0,0,15
10255.0,2496228891,0,0,15
10255.0,cluster_12013799525_12013799526_2496228894,4,2,21
10255.0,cluster_12013799527_12013799528_2190601967,0,0,15
10255.0,cluster_12013799529_12013799530_473195061,0,0,15
10256.0,cluster_12013799525_12013799526_2496228894,2,2,15
10256.0,cluster_12013799529_12013799530_473195061,0,0,15
10257.0,cluster_12013799525_12013799526_2496228894,2,2,15
10257.0,cluster_12013799529_12013799530_473195061,0,0,15
10258.0,cluster_12013799525_12013799526_2496228894,1,2,15
10258.0,cluster_12013799529_12013799530_473195061,0,0,15
10259.0,2496228891,0,2,15
10259.0,cluster_12013799525_12013799526_2496228894,1,2,15
10259.0,cluster_12013799527_12013799528_2190601967,4,2,21
10259.0,cluster_12013799529_12013799530_473195061,0,0,15
10260.0,2496228891,0,2,15
10260.0,cluster_12013799525_12013799526_2496228894,1,2,15
10260.0,cluster_12013799527_12013799528_2190601967,3,2,15
10260.0,cluster_12013799529_12013799530_473195061,0,0,15
10261.0,2496228891,0,2,15
10261.0,cluster_12013799525_12013799526_2496228894,0,2,15
10261.0,cluster_12013799527_12013799528_2190601967,3,2,15
10261.0,cluster_12013799529_12013799530_473195061,0,0,15
10262.0,2496228891,0,2,15
10262.0,cluster_12013799525_12013799526_2496228894,0,2,15
10262.0,cluster_12013799527_12013799528_2190601967,2,2,15
10262.0,cluster_12013799529_12013799530_473195061,0,0,15
10263.0,2496228891,0,2,15
10263.0,cluster_12013799525_12013799526_2496228894,0,2,15
10263.0,cluster_12013799527_12013799528_2190601967,4,2,23
10263.0,cluster_12013799529_12013799530_473195061,0,0,15
10264.0,2496228891,0,2,15
10264.0,cluster_12013799525_12013799526_2496228894,0,2,15
10264.0,cluster_12013799527_12013799528_2190601967,2,2,15
10264.0,cluster_12013799529_12013799530_473195061,0,0,15
10265.0,2496228891,1,2,15
10265.0,cluster_12013799525_12013799526_2496228894,1,2,15
10265.0,cluster_12013799527_12013799528_2190601967,4,2,23
10265.0,cluster_12013799529_12013799530_473195061,1,0,15
10266.0,2496228891,1,2,15
10266.0,cluster_12013799525_12013799526_2496228894,1,2,15
10266.0,cluster_12013799527_12013799528_2190601967,4,2,21
10266.0,cluster_12013799529_12013799530_473195061,1,0,15
10267.0,2496228891,1,2,15
10267.0,cluster_12013799525_12013799526_2496228894,1,2,15
10267.0,cluster_12013799527_12013799528_2190601967,4,2,21
10267.0,cluster_12013799529_12013799530_473195061,1,0,15
10268.0,2496228891,1,2,15
10268.0,cluster_12013799525_12013799526_2496228894,1,2,15
10268.0,cluster_12013799527_12013799528_2190601967,3,2,15
10268.0,cluster_12013799529_12013799530_473195061,1,0,15
10269.0,2496228891,2,2,15
10269.0,cluster_12013799525_12013799526_2496228894,2,2,15
10269.0,cluster_12013799527_12013799528_2190601967,4,2,23
10270.0,2496228891,2,2,15
10270.0,cluster_12013799525_12013799526_2496228894,2,2,15
10270.0,cluster_12013799527_12013799528_2190601967,2,2,15
10271.0,2496228891,2,2,15
10271.0,cluster_12013799525_12013799526_2496228894,2,2,15
10271.0,cluster_12013799527_12013799528_2190601967,3,2,15
10272.0,2496228891,2,2,15
10272.0,cluster_12013799525_12013799526_2496228894,2,2,15
10272.0,cluster_12013799527_12013799528_2190601967,3,2,15
10272.0,cluster_12013799529_12013799530_473195061,9,2,22
10273.0,2496228891,2,2,15
10273.0,cluster_12013799527_12013799528_2190601967,4,2,23
10273.0,cluster_12013799529_12013799530_473195061,9,2,25
10274.0,2496228891,3,2,15
10274.0,cluster_12013799527_12013799528_2190601967,4,2,21
10274.0,cluster_12013799529_12013799530_473195061,9,2,22
10275.0,cluster_12013799527_12013799528_2190601967,4,2,21
10275.0,cluster_12013799529_12013799530_473195061,9,2,22
10276.0,cluster_12013799525_12013799526_2496228894,2,0,15
10276.0,cluster_12013799527_12013799528_2190601967,2,2,15
10276.0,cluster_12013799529_12013799530_473195061,9,2,22
10277.0,cluster_12013799525_12013799526_2496228894,3,0,15
10277.0,cluster_12013799527_12013799528_2190601967,3,2,15
10277.0,cluster_12013799529_12013799530_473195061,9,2,25
10278.0,2496228891,6,0,21
10278.0,cluster_12013799525_12013799526_2496228894,3,0,15
10278.0,cluster_12013799527_12013799528_2190601967,3,2,15
10278.0,cluster_12013799529_12013799530_473195061,9,2,22
10279.0,2496228891,6,0,21
10279.0,cluster_12013799525_12013799526_2496228894,2,0,15
10279.0,cluster_12013799527_12013799528_2190601967,2,2,15
10279.0,cluster_12013799529_12013799530_473195061,8,2,21
10280.0,2496228891,6,0,21
10280.0,cluster_12013799525_12013799526_2496228894,2,0,15
10280.0,cluster_12013799527_12013799528_2190601967,3,2,15
10280.0,cluster_12013799529_12013799530_473195061,8,2,24
10281.0,2496228891,7,0,23
10281.0,cluster_12013799525_12013799526_2496228894,2,0,15
10281.0,cluster_12013799529_12013799530_473195061,9,2,25
10282.0,2496228891,5,0,21
10282.0,cluster_12013799525_12013799526_2496228894,2,0,15
10282.0,cluster_12013799529_12013799530_473195061,8,2,21
10283.0,2496228891,6,0,23
10283.0,cluster_12013799525_12013799526_2496228894,1,0,15
10283.0,cluster_12013799529_12013799530_473195061,8,2,21
10284.0,2496228891,7,0,23
10284.0,cluster_12013799525_12013799526_2496228894,1,0,15
10284.0,cluster_12013799527_12013799528_2190601967,4,0,21
10284.0,cluster_12013799529_12013799530_473195061,7,2,21
10285.0,2496228891,7,0,23
10285.0,cluster_12013799525_12013799526_2496228894,1,0,15
10285.0,cluster_12013799527_12013799528_2190601967,4,0,21
10285.0,cluster_12013799529_12013799530_473195061,6,2,21
10286.0,2496228891,7,0,21
10286.0,cluster_12013799525_12013799526_2496228894,1,0,15
10286.0,cluster_12013799527_12013799528_2190601967,5,0,23
10286.0,cluster_12013799529_12013799530_473195061,7,2,21
10287.0,2496228891,9,0,25
10287.0,cluster_12013799525_12013799526_2496228894,1,0,15
10287.0,cluster_12013799527_12013799528_2190601967,5,0,21
10287.0,cluster_12013799529_12013799530_473195061,6,2,21
10288.0,2496228891,9,0,22
10288.0,cluster_12013799525_12013799526_2496228894,0,0,15
10288.0,cluster_12013799527_12013799528_2190601967,5,0,21
10288.0,cluster_12013799529_12013799530_473195061,5,2,21
10289.0,2496228891,9,0,22
10289.0,cluster_12013799525_12013799526_2496228894,0,0,15
10289.0,cluster_12013799527_12013799528_2190601967,4,0,21
10289.0,cluster_12013799529_12013799530_473195061,4,2,21
10290.0,2496228891,9,0,25
10290.0,cluster_12013799525_12013799526_2496228894,0,0,15
10290.0,cluster_12013799527_12013799528_2190601967,5,0,23
10290.0,cluster_12013799529_12013799530_473195061,5,2,21
10291.0,2496228891,8,0,21
10291.0,cluster_12013799525_12013799526_2496228894,0,0,15
10291.0,cluster_12013799527_12013799528_2190601967,4,0,21
10291.0,cluster_12013799529_12013799530_473195061,4,2,21
10292.0,2496228891,6,0,21
10292.0,cluster_12013799527_12013799528_2190601967,4,0,21
10292.0,cluster_12013799529_12013799530_473195061,5,2,23
10293.0,2496228891,6,0,23
10293.0,cluster_12013799527_12013799528_2190601967,4,0,21
10293.0,cluster_12013799529_12013799530_473195061,5,2,21
10294.0,2496228891,6,0,23
10294.0,cluster_12013799527_12013799528_2190601967,4,0,21
10294.0,cluster_12013799529_12013799530_473195061,6,2,23
10295.0,2496228891,6,0,21
10295.0,cluster_12013799525_12013799526_2496228894,5,2,21
10295.0,cluster_12013799527_12013799528_2190601967,3,0,15
10296.0,2496228891,6,0,21
10296.0,cluster_12013799525_12013799526_2496228894,5,2,23
10296.0,cluster_12013799527_12013799528_2190601967,3,0,15
10297.0,2496228891,7,0,23
10297.0,cluster_12013799525_12013799526_2496228894,5,2,21
10297.0,cluster_12013799527_12013799528_2190601967,3,0,15
10298.0,2496228891,7,0,21
10298.0,cluster_12013799525_12013799526_2496228894,5,2,21
10298.0,cluster_12013799527_12013799528_2190601967,3,0,15
10298.0,cluster_12013799529_12013799530_473195061,5,0,21
10299.0,2496228891,6,0,23
10299.0,cluster_12013799525_12013799526_2496228894,5,2,21
10299.0,cluster_12013799527_12013799528_2190601967,2,0,15
10299.0,cluster_12013799529_12013799530_473195061,4,0,21
10300.0,cluster_12013799525_12013799526_2496228894,5,2,21
10300.0,cluster_12013799527_12013799528_2190601967,2,0,15
10300.0,cluster_12013799529_12013799530_473195061,4,0,21
10301.0,cluster_12013799525_12013799526_2496228894,5,2,21
10301.0,cluster_12013799527_12013799528_2190601967,2,0,15
10301.0,cluster_12013799529_12013799530_473195061,4,0,21
10302.0,cluster_12013799525_12013799526_2496228894,5,2,21
10302.0,cluster_12013799527_12013799528_2190601967,2,0,15
10302.0,cluster_12013799529_12013799530_473195061,3,0,15
10303.0,2496228891,2,2,15
10303.0,cluster_12013799525_12013799526_2496228894,4,2,21
10303.0,cluster_12013799527_12013799528_2190601967,1,0,15
10303.0,cluster_12013799529_12013799530_473195061,3,0,15
10304.0,2496228891,2,2,15
10304.0,cluster_12013799525_12013799526_2496228894,3,2,15
10304.0,cluster_12013799527_12013799528_2190601967,1,0,15
10304.0,cluster_12013799529_12013799530_473195061,3,0,15
10305.0,2496228891,2,2,15
10305.0,cluster_12013799525_12013799526_2496228894,3,2,15
10305.0,cluster_12013799527_12013799528_2190601967,1,0,15
10305.0,cluster_12013799529_12013799530_473195061,2,0,15
10306.0,2496228891,2,2,15
10306.0,cluster_12013799525_12013799526_2496228894,2,2,15
10306.0,cluster_12013799529_12013799530_473195061,2,0,15
10307.0,2496228891,2,2,15
10307.0,cluster_12013799525_12013799526_2496228894,2,2,15
10307.0,cluster_12013799529_12013799530_473195061,2,0,15
10308.0,2496228891,1,2,15
10308.0,cluster_12013799525_12013799526_2496228894,2,2,15
10308.0,cluster_12013799529_12013799530_473195061,1,0,15
10309.0,2496228891,1,2,15
10309.0,cluster_12013799525_12013799526_2496228894,2,2,15
10309.0,cluster_12013799527_12013799528_2190601967,4,2,21
10309.0,cluster_12013799529_12013799530_473195061,1,0,15
10310.0,2496228891,1,2,15
10310.0,cluster_12013799525_12013799526_2496228894,2,2,15
10310.0,cluster_12013799527_12013799528_2190601967,2,2,15
10310.0,cluster_12013799529_12013799530_473195061,1,0,15
10311.0,2496228891,0,2,15
10311.0,cluster_12013799525_12013799526_2496228894,2,2,15
10311.0,cluster_12013799527_12013799528_2190601967,2,2,15
10311.0,cluster_12013799529_12013799530_473195061,0,0,15
10312.0,2496228891,0,2,15
10312.0,cluster_12013799525_12013799526_2496228894,2,2,15
10312.0,cluster_12013799527_12013799528_2190601967,2,2,15
10312.0,cluster_12013799529_12013799530_473195061,0,0,15
10313.0,2496228891,0,2,15
10313.0,cluster_12013799525_12013799526_2496228894,3,2,15
10313.0,cluster_12013799527_12013799528_2190601967,2,2,15
10313.0,cluster_12013799529_12013799530_473195061,0,0,15
10314.0,2496228891,0,2,15
10314.0,cluster_12013799525_12013799526_2496228894,3,2,15
10314.0,cluster_12013799527_12013799528_2190601967,1,2,15
10314.0,cluster_12013799529_12013799530_473195061,0,0,15
10315.0,2496228891,0,2,15
10315.0,cluster_12013799525_12013799526_2496228894,3,2,15
10315.0,cluster_12013799527_12013799528_2190601967,1,2,15
10315.0,cluster_12013799529_12013799530_473195061,0,0,15
10316.0,2496228891,0,2,15
10316.0,cluster_12013799525_12013799526_2496228894,3,2,15
10316.0,cluster_12013799527_12013799528_2190601967,1,2,15
10316.0,cluster_12013799529_12013799530_473195061,0,0,15
10317.0,2496228891,0,2,15
10317.0,cluster_12013799527_12013799528_2190601967,0,2,15
10317.0,cluster_12013799529_12013799530_473195061,0,0,15
10318.0,2496228891,0,2,15
10318.0,cluster_12013799527_12013799528_2190601967,0,2,15
10318.0,cluster_12013799529_12013799530_473195061,0,0,15
10319.0,cluster_12013799527_12013799528_2190601967,0,2,15
10319.0,cluster_12013799529_12013799530_473195061,0,0,15
10320.0,cluster_12013799525_12013799526_2496228894,0,0,15
10320.0,cluster_12013799527_12013799528_2190601967,0,2,15
10321.0,cluster_12013799525_12013799526_2496228894,0,0,15
10321.0,cluster_12013799527_12013799528_2190601967,0,2,15
10322.0,2496228891,5,0,21
10322.0,cluster_12013799525_12013799526_2496228894,0,0,15
10322.0,cluster_12013799527_12013799528_2190601967,0,2,15
10323.0,2496228891,3,0,15
10323.0,cluster_12013799525_12013799526_2496228894,0,0,15
10323.0,cluster_12013799527_12013799528_2190601967,0,2,15
10323.0,cluster_12013799529_12013799530_473195061,8,2,21
10324.0,2496228891,3,0,15
10324.0,cluster_12013799525_12013799526_2496228894,0,0,15
10324.0,cluster_12013799527_12013799528_2190601967,0,2,15
10324.0,cluster_12013799529_12013799530_473195061,7,2,21
10325.0,2496228891,3,0,15
10325.0,cluster_12013799525_12013799526_2496228894,0,0,15
10325.0,cluster_12013799527_12013799528_2190601967,0,2,15
10325.0,cluster_12013799529_12013799530_473195061,7,2,21
10326.0,2496228891,3,0,15
10326.0,cluster_12013799525_12013799526_2496228894,0,0,15
10326.0,cluster_12013799527_12013799528_2190601967,0,2,15
10326.0,cluster_12013799529_12013799530_473195061,7,2,21
10327.0,2496228891,2,0,15
10327.0,cluster_12013799525_12013799526_2496228894,0,0,15
10327.0,cluster_12013799527_12013799528_2190601967,0,2,15
10327.0,cluster_12013799529_12013799530_473195061,5,2,21
10328.0,2496228891,4,0,23
10328.0,cluster_12013799525_12013799526_2496228894,0,0,15
10328.0,cluster_12013799527_12013799528_2190601967,0,2,15
10328.0,cluster_12013799529_12013799530_473195061,5,2,21
10329.0,2496228891,3,0,15
10329.0,cluster_12013799525_12013799526_2496228894,0,0,15
10329.0,cluster_12013799527_12013799528_2190601967,0,2,15
10329.0,cluster_12013799529_12013799530_473195061,5,2,21
10330.0,2496228891,3,0,15
10330.0,cluster_12013799525_12013799526_2496228894,0,0,15
10330.0,cluster_12013799527_12013799528_2190601967,0,2,15
10330.0,cluster_12013799529_12013799530_473195061,4,2,21
10331.0,2496228891,3,0,15
10331.0,cluster_12013799525_12013799526_2496228894,0,0,15
10331.0,cluster_12013799529_12013799530_473195061,4,2,21
10332.0,2496228891,0,0,15
10332.0,cluster_12013799525_12013799526_2496228894,0,0,15
10332.0,cluster_12013799529_12013799530_473195061,4,2,21
10333.0,2496228891,1,0,15
10333.0,cluster_12013799525_12013799526_2496228894,0,0,15
10333.0,cluster_12013799529_12013799530_473195061,3,2,15
10334.0,2496228891,1,0,15
10334.0,cluster_12013799525_12013799526_2496228894,0,0,15
10334.0,cluster_12013799527_12013799528_2190601967,0,0,15
10334.0,cluster_12013799529_12013799530_473195061,2,2,15
10335.0,2496228891,1,0,15
10335.0,cluster_12013799525_12013799526_2496228894,0,0,15
10335.0,cluster_12013799527_12013799528_2190601967,0,0,15
10335.0,cluster_12013799529_12013799530_473195061,1,2,15
10336.0,2496228891,2,0,15
10336.0,cluster_12013799527_12013799528_2190601967,0,0,15
10336.0,cluster_12013799529_12013799530_473195061,1,2,15
10337.0,2496228891,4,0,23
10337.0,cluster_12013799527_12013799528_2190601967,0,0,15
10337.0,cluster_12013799529_12013799530_473195061,1,2,15
10338.0,2496228891,5,0,23
10338.0,cluster_12013799527_12013799528_2190601967,0,0,15
10338.0,cluster_12013799529_12013799530_473195061,0,2,15
10339.0,2496228891,4,0,21
10339.0,cluster_12013799525_12013799526_2496228894,7,2,21
10339.0,cluster_12013799527_12013799528_2190601967,0,0,15
10339.0,cluster_12013799529_12013799530_473195061,1,2,15
10340.0,2496228891,4,0,23
10340.0,cluster_12013799525_12013799526_2496228894,5,2,21
10340.0,cluster_12013799527_12013799528_2190601967,0,0,15
10340.0,cluster_12013799529_12013799530_473195061,1,2,15
10341.0,2496228891,3,0,15
10341.0,cluster_12013799525_12013799526_2496228894,5,2,21
10341.0,cluster_12013799527_12013799528_2190601967,0,0,15
10341.0,cluster_12013799529_12013799530_473195061,1,2,15
10342.0,2496228891,2,0,15
10342.0,cluster_12013799525_12013799526_2496228894,6,2,23
10342.0,cluster_12013799527_12013799528_2190601967,1,0,15
10342.0,cluster_12013799529_12013799530_473195061,2,2,15
10343.0,2496228891,3,0,15
10343.0,cluster_12013799525_12013799526_2496228894,6,2,23
10343.0,cluster_12013799527_12013799528_2190601967,1,0,15
10343.0,cluster_12013799529_12013799530_473195061,2,2,15
10344.0,cluster_12013799525_12013799526_2496228894,5,2,21
10344.0,cluster_12013799527_12013799528_2190601967,1,0,15
10344.0,cluster_12013799529_12013799530_473195061,2,2,15
10345.0,cluster_12013799525_12013799526_2496228894,6,2,23
10345.0,cluster_12013799527_12013799528_2190601967,1,0,15
10346.0,cluster_12013799525_12013799526_2496228894,6,2,23
10346.0,cluster_12013799527_12013799528_2190601967,2,0,15
10347.0,2496228891,2,2,15
10347.0,cluster_12013799525_12013799526_2496228894,6,2,23
10347.0,cluster_12013799527_12013799528_2190601967,2,0,15
10348.0,2496228891,2,2,15
10348.0,cluster_12013799525_12013799526_2496228894,6,2,21
10348.0,cluster_12013799527_12013799528_2190601967,2,0,15
10348.0,cluster_12013799529_12013799530_473195061,2,0,15
10349.0,2496228891,2,2,15
10349.0,cluster_12013799525_12013799526_2496228894,5,2,21
10349.0,cluster_12013799527_12013799528_2190601967,2,0,15
10349.0,cluster_12013799529_12013799530_473195061,2,0,15
10350.0,2496228891,3,2,15
10350.0,cluster_12013799525_12013799526_2496228894,6,2,21
10350.0,cluster_12013799529_12013799530_473195061,3,0,15
10351.0,2496228891,3,2,15
10351.0,cluster_12013799525_12013799526_2496228894,5,2,21
10351.0,cluster_12013799529_12013799530_473195061,3,0,15
10352.0,2496228891,3,2,15
10352.0,cluster_12013799525_12013799526_2496228894,5,2,21
10352.0,cluster_12013799529_12013799530_473195061,3,0,15
10353.0,2496228891,3,2,15
10353.0,cluster_12013799525_12013799526_2496228894,4,2,21
10353.0,cluster_12013799527_12013799528_2190601967,6,2,21
10353.0,cluster_12013799529_12013799530_473195061,3,0,15
10354.0,2496228891,2,2,15
10354.0,cluster_12013799525_12013799526_2496228894,3,2,15
10354.0,cluster_12013799527_12013799528_2190601967,7,2,23
10354.0,cluster_12013799529_12013799530_473195061,4,0,23
10355.0,2496228891,3,2,15
10355.0,cluster_12013799525_12013799526_2496228894,3,2,15
10355.0,cluster_12013799527_12013799528_2190601967,7,2,21
10355.0,cluster_12013799529_12013799530_473195061,4,0,21
10356.0,2496228891,3,2,15
10356.0,cluster_12013799525_12013799526_2496228894,3,2,15
10356.0,cluster_12013799527_12013799528_2190601967,6,2,21
10356.0,cluster_12013799529_12013799530_473195061,4,0,21
10357.0,2496228891,3,2,15
10357.0,cluster_12013799525_12013799526_2496228894,3,2,15
10357.0,cluster_12013799527_12013799528_2190601967,6,2,21
10357.0,cluster_12013799529_12013799530_473195061,4,0,21
10358.0,2496228891,2,2,15
10358.0,cluster_12013799525_12013799526_2496228894,2,2,15
10358.0,cluster_12013799527_12013799528_2190601967,5,2,23
10358.0,cluster_12013799529_12013799530_473195061,5,0,23
10359.0,2496228891,2,2,15
10359.0,cluster_12013799525_12013799526_2496228894,2,2,15
10359.0,cluster_12013799527_12013799528_2190601967,5,2,21
10359.0,cluster_12013799529_12013799530_473195061,4,0,21
10360.0,2496228891,2,2,15
10360.0,cluster_12013799525_12013799526_2496228894,3,2,15
10360.0,cluster_12013799527_12013799528_2190601967,5,2,21
10360.0,cluster_12013799529_12013799530_473195061,4,0,21
10361.0,2496228891,2,2,15
10361.0,cluster_12013799527_12013799528_2190601967,5,2,21
10361.0,cluster_12013799529_12013799530_473195061,4,0,21
10362.0,2496228891,2,2,15
10362.0,cluster_12013799527_12013799528_2190601967,5,2,21
10362.0,cluster_12013799529_12013799530_473195061,4,0,21
10363.0,cluster_12013799527_12013799528_2190601967,4,2,21
10363.0,cluster_12013799529_12013799530_473195061,3,0,15
10364.0,cluster_12013799525_12013799526_2496228894,4,0,21
10364.0,cluster_12013799527_12013799528_2190601967,4,2,21
10365.0,cluster_12013799525_12013799526_2496228894,3,0,15
10365.0,cluster_12013799527_12013799528_2190601967,3,2,15
10366.0,2496228891,7,0,21
10366.0,cluster_12013799525_12013799526_2496228894,3,0,15
10366.0,cluster_12013799527_12013799528_2190601967,3,2,15
10367.0,2496228891,6,0,21
10367.0,cluster_12013799525_12013799526_2496228894,3,0,15
10367.0,cluster_12013799527_12013799528_2190601967,3,2,15
10367.0,cluster_12013799529_12013799530_473195061,9,2,22
10368.0,2496228891,6,0,21
10368.0,cluster_12013799525_12013799526_2496228894,2,0,15
10368.0,cluster_12013799527_12013799528_2190601967,2,2,15
10368.0,cluster_12013799529_12013799530_473195061,8,2,21
10369.0,2496228891,6,0,21
10369.0,cluster_12013799525_12013799526_2496228894,2,0,15
10369.0,cluster_12013799527_12013799528_2190601967,2,2,15
10369.0,cluster_12013799529_12013799530_473195061,8,2,21
10370.0,2496228891,3,0,15
10370.0,cluster_12013799525_12013799526_2496228894,2,0,15
10370.0,cluster_12013799527_12013799528_2190601967,3,2,15
10370.0,cluster_12013799529_12013799530_473195061,8,2,24
10371.0,2496228891,4,0,23
10371.0,cluster_12013799525_12013799526_2496228894,1,0,15
10371.0,cluster_12013799527_12013799528_2190601967,2,2,15
10371.0,cluster_12013799529_12013799530_473195061,7,2,21
10372.0,2496228891,4,0,21
10372.0,cluster_12013799525_12013799526_2496228894,1,0,15
10372.0,cluster_12013799527_12013799528_2190601967,3,2,15
10372.0,cluster_12013799529_12013799530_473195061,7,2,21
10373.0,2496228891,4,0,21
10373.0,cluster_12013799525_12013799526_2496228894,1,0,15
10373.0,cluster_12013799527_12013799528_2190601967,3,2,15
10373.0,cluster_12013799529_12013799530_473195061,7,2,21
10374.0,2496228891,4,0,21
10374.0,cluster_12013799525_12013799526_2496228894,0,0,15
10374.0,cluster_12013799527_12013799528_2190601967,3,2,15
10374.0,cluster_12013799529_12013799530_473195061,7,2,21
10375.0,2496228891,4,0,21
10375.0,cluster_12013799525_12013799526_2496228894,0,0,15
10375.0,cluster_12013799529_12013799530_473195061,7,2,21
10376.0,2496228891,3,0,15
10376.0,cluster_12013799525_12013799526_2496228894,0,0,15
10376.0,cluster_12013799529_12013799530_473195061,7,2,21
10377.0,2496228891,3,0,15
10377.0,cluster_12013799525_12013799526_2496228894,0,0,15
10377.0,cluster_12013799529_12013799530_473195061,7,2,21
10378.0,2496228891,3,0,15
10378.0,cluster_12013799525_12013799526_2496228894,0,0,15
10378.0,cluster_12013799527_12013799528_2190601967,6,0,21
10378.0,cluster_12013799529_12013799530_473195061,6,2,21
10379.0,2496228891,3,0,15
10379.0,cluster_12013799525_12013799526_2496228894,0,0,15
10379.0,cluster_12013799527_12013799528_2190601967,6,0,21
10379.0,cluster_12013799529_12013799530_473195061,6,2,21
10380.0,2496228891,3,0,15
10380.0,cluster_12013799525_12013799526_2496228894,0,0,15
10380.0,cluster_12013799527_12013799528_2190601967,6,0,21
10380.0,cluster_12013799529_12013799530_473195061,6,2,21
10381.0,2496228891,3,0,15
10381.0,cluster_12013799525_12013799526_2496228894,0,0,15
10381.0,cluster_12013799527_12013799528_2190601967,6,0,21
10381.0,cluster_12013799529_12013799530_473195061,6,2,21
10382.0,2496228891,3,0,15
10382.0,cluster_12013799525_12013799526_2496228894,0,0,15
10382.0,cluster_12013799527_12013799528_2190601967,5,0,21
10382.0,cluster_12013799529_12013799530_473195061,5,2,21
10383.0,2496228891,3,0,15
10383.0,cluster_12013799525_12013799526_2496228894,0,0,15
10383.0,cluster_12013799527_12013799528_2190601967,5,0,21
10383.0,cluster_12013799529_12013799530_473195061,5,2,21
10384.0,2496228891,3,0,15
10384.0,cluster_12013799525_12013799526_2496228894,0,0,15
10384.0,cluster_12013799527_12013799528_2190601967,5,0,21
10384.0,cluster_12013799529_12013799530_473195061,5,2,21
10385.0,2496228891,3,0,15
10385.0,cluster_12013799525_12013799526_2496228894,0,0,15
10385.0,cluster_12013799527_12013799528_2190601967,4,0,21
10385.0,cluster_12013799529_12013799530_473195061,5,2,23
10386.0,2496228891,3,0,15
10386.0,cluster_12013799527_12013799528_2190601967,4,0,21
10386.0,cluster_12013799529_12013799530_473195061,5,2,21
10387.0,2496228891,3,0,15
10387.0,cluster_12013799527_12013799528_2190601967,4,0,21
10387.0,cluster_12013799529_12013799530_473195061,5,2,21
10388.0,cluster_12013799527_12013799528_2190601967,3,0,15
10388.0,cluster_12013799529_12013799530_473195061,5,2,23
10389.0,cluster_12013799525_12013799526_2496228894,4,2,21
10389.0,cluster_12013799527_12013799528_2190601967,3,0,15
10389.0,cluster_12013799529_12013799530_473195061,5,2,21
10390.0,cluster_12013799525_12013799526_2496228894,2,2,15
10390.0,cluster_12013799527_12013799528_2190601967,2,0,15
10391.0,2496228891,0,2,15
10391.0,cluster_12013799525_12013799526_2496228894,1,2,15
10391.0,cluster_12013799527_12013799528_2190601967,2,0,15
10392.0,2496228891,0,2,15
10392.0,cluster_12013799525_12013799526_2496228894,1,2,15
10392.0,cluster_12013799527_12013799528_2190601967,2,0,15
10393.0,2496228891,0,2,15
10393.0,cluster_12013799525_12013799526_2496228894,1,2,15
10393.0,cluster_12013799527_12013799528_2190601967,1,0,15
10393.0,cluster_12013799529_12013799530_473195061,2,0,15
10394.0,2496228891,0,2,15
10394.0,cluster_12013799525_12013799526_2496228894,0,2,15
10394.0,cluster_12013799527_12013799528_2190601967,1,0,15
10394.0,cluster_12013799529_12013799530_473195061,2,0,15
10395.0,2496228891,0,2,15
10395.0,cluster_12013799525_12013799526_2496228894,1,2,15
10395.0,cluster_12013799527_12013799528_2190601967,0,0,15
10395.0,cluster_12013799529_12013799530_473195061,2,0,15
10396.0,2496228891,0,2,15
10396.0,cluster_12013799525_12013799526_2496228894,1,2,15
10396.0,cluster_12013799527_12013799528_2190601967,0,0,15
10396.0,cluster_12013799529_12013799530_473195061,2,0,15
10397.0,2496228891,0,2,15
10397.0,cluster_12013799525_12013799526_2496228894,1,2,15
10397.0,cluster_12013799527_12013799528_2190601967,0,0,15
10397.0,cluster_12013799529_12013799530_473195061,1,0,15
10398.0,2496228891,0,2,15
10398.0,cluster_12013799525_12013799526_2496228894,1,2,15
10398.0,cluster_12013799527_12013799528_2190601967,0,0,15
10398.0,cluster_12013799529_12013799530_473195061,1,0,15
10399.0,2496228891,0,2,15
10399.0,cluster_12013799525_12013799526_2496228894,1,2,15
10399.0,cluster_12013799527_12013799528_2190601967,0,0,15
10399.0,cluster_12013799529_12013799530_473195061,1,0,15
10400.0,2496228891,0,2,15
10400.0,cluster_12013799525_12013799526_2496228894,1,2,15
10400.0,cluster_12013799529_12013799530_473195061,1,0,15
10401.0,2496228891,0,2,15
10401.0,cluster_12013799525_12013799526_2496228894,1,2,15
10401.0,cluster_12013799529_12013799530_473195061,0,0,15
10402.0,2496228891,0,2,15
10402.0,cluster_12013799525_12013799526_2496228894,1,2,15
10402.0,cluster_12013799529_12013799530_473195061,0,0,15
10403.0,2496228891,0,2,15
10403.0,cluster_12013799525_12013799526_2496228894,1,2,15
10403.0,cluster_12013799527_12013799528_2190601967,4,2,21
10403.0,cluster_12013799529_12013799530_473195061,0,0,15
10404.0,2496228891,0,2,15
10404.0,cluster_12013799525_12013799526_2496228894,1,2,15
10404.0,cluster_12013799527_12013799528_2190601967,3,2,15
10404.0,cluster_12013799529_12013799530_473195061,0,0,15
10405.0,2496228891,0,2,15
10405.0,cluster_12013799525_12013799526_2496228894,1,2,15
10405.0,cluster_12013799527_12013799528_2190601967,3,2,15
10405.0,cluster_12013799529_12013799530_473195061,0,0,15
10406.0,2496228891,0,2,15
10406.0,cluster_12013799525_12013799526_2496228894,0,2,15
10406.0,cluster_12013799527_12013799528_2190601967,3,2,15
10406.0,cluster_12013799529_12013799530_473195061,0,0,15
10407.0,cluster_12013799525_12013799526_2496228894,0,2,15
10407.0,cluster_12013799527_12013799528_2190601967,2,2,15
10407.0,cluster_12013799529_12013799530_473195061,0,0,15
10408.0,cluster_12013799525_12013799526_2496228894,0,2,15
10408.0,cluster_12013799527_12013799528_2190601967,2,2,15
10408.0,cluster_12013799529_12013799530_473195061,0,0,15
10409.0,cluster_12013799525_12013799526_2496228894,0,2,15
10409.0,cluster_12013799527_12013799528_2190601967,2,2,15
10410.0,2496228891,2,0,15
10410.0,cluster_12013799525_12013799526_2496228894,0,2,15
10410.0,cluster_12013799527_12013799528_2190601967,1,2,15
10411.0,2496228891,2,0,15
10411.0,cluster_12013799527_12013799528_2190601967,1,2,15
10412.0,2496228891,2,0,15
10412.0,cluster_12013799527_12013799528_2190601967,1,2,15
10412.0,cluster_12013799529_12013799530_473195061,8,2,21
10413.0,2496228891,1,0,15
10413.0,cluster_12013799527_12013799528_2190601967,1,2,15
10413.0,cluster_12013799529_12013799530_473195061,7,2,21
10414.0,2496228891,1,0,15
10414.0,cluster_12013799525_12013799526_2496228894,0,0,15
10414.0,cluster_12013799527_12013799528_2190601967,1,2,15
10414.0,cluster_12013799529_12013799530_473195061,7,2,21
10415.0,2496228891,0,0,15
10415.0,cluster_12013799525_12013799526_2496228894,0,0,15
10415.0,cluster_12013799527_12013799528_2190601967,1,2,15
10415.0,cluster_12013799529_12013799530_473195061,7,2,21
10416.0,2496228891,0,0,15
10416.0,cluster_12013799525_12013799526_2496228894,0,0,15
10416.0,cluster_12013799527_12013799528_2190601967,1,2,15
10416.0,cluster_12013799529_12013799530_473195061,6,2,21
10417.0,2496228891,0,0,15
10417.0,cluster_12013799525_12013799526_2496228894,0,0,15
10417.0,cluster_12013799527_12013799528_2190601967,1,2,15
10417.0,cluster_12013799529_12013799530_473195061,5,2,21
10418.0,2496228891,2,0,15
10418.0,cluster_12013799525_12013799526_2496228894,0,0,15
10418.0,cluster_12013799527_12013799528_2190601967,0,2,15
10418.0,cluster_12013799529_12013799530_473195061,5,2,21
10419.0,2496228891,3,0,15
10419.0,cluster_12013799525_12013799526_2496228894,1,0,15
10419.0,cluster_12013799527_12013799528_2190601967,1,2,15
10419.0,cluster_12013799529_12013799530_473195061,5,2,23
10420.0,2496228891,3,0,15
10420.0,cluster_12013799525_12013799526_2496228894,1,0,15
10420.0,cluster_12013799527_12013799528_2190601967,1,2,15
10420.0,cluster_12013799529_12013799530_473195061,6,2,23
10421.0,2496228891,3,0,15
10421.0,cluster_12013799525_12013799526_2496228894,1,0,15
10421.0,cluster_12013799527_12013799528_2190601967,1,2,15
10421.0,cluster_12013799529_12013799530_473195061,6,2,21
10422.0,2496228891,3,0,15
10422.0,cluster_12013799525_12013799526_2496228894,1,0,15
10422.0,cluster_12013799527_12013799528_2190601967,1,2,15
10422.0,cluster_12013799529_12013799530_473195061,5,2,21
10423.0,2496228891,3,0,15
10423.0,cluster_12013799525_12013799526_2496228894,2,0,15
10423.0,cluster_12013799527_12013799528_2190601967,2,2,15
10423.0,cluster_12013799529_12013799530_473195061,6,2,23
10424.0,2496228891,4,0,23
10424.0,cluster_12013799525_12013799526_2496228894,2,0,15
10424.0,cluster_12013799527_12013799528_2190601967,2,2,15
10424.0,cluster_12013799529_12013799530_473195061,5,2,21
10425.0,2496228891,4,0,21
10425.0,cluster_12013799525_12013799526_2496228894,2,0,15
10425.0,cluster_12013799529_12013799530_473195061,5,2,21
10426.0,cluster_12013799525_12013799526_2496228894,3,0,15
10426.0,cluster_12013799529_12013799530_473195061,4,2,21
10427.0,cluster_12013799525_12013799526_2496228894,3,0,15
10427.0,cluster_12013799529_12013799530_473195061,5,2,23
10428.0,cluster_12013799525_12013799526_2496228894,3,0,15
10428.0,cluster_12013799527_12013799528_2190601967,3,0,15
10428.0,cluster_12013799529_12013799530_473195061,5,2,21
10429.0,2496228891,3,2,15
10429.0,cluster_12013799525_12013799526_2496228894,2,0,15
10429.0,cluster_12013799527_12013799528_2190601967,3,0,15
10429.0,cluster_12013799529_12013799530_473195061,4,2,21
10430.0,2496228891,3,2,15
10430.0,cluster_12013799527_12013799528_2190601967,3,0,15
10430.0,cluster_12013799529_12013799530_473195061,4,2,21
10431.0,2496228891,2,2,15
10431.0,cluster_12013799527_12013799528_2190601967,4,0,23
10431.0,cluster_12013799529_12013799530_473195061,4,2,21
10432.0,2496228891,3,2,15
10432.0,cluster_12013799527_12013799528_2190601967,4,0,21
10432.0,cluster_12013799529_12013799530_473195061,4,2,21
10433.0,2496228891,3,2,15
10433.0,cluster_12013799525_12013799526_2496228894,3,2,15
10433.0,cluster_12013799527_12013799528_2190601967,4,0,21
10433.0,cluster_12013799529_12013799530_473195061,4,2,21
10434.0,2496228891,3,2,15
10434.0,cluster_12013799525_12013799526_2496228894,3,2,15
10434.0,cluster_12013799527_12013799528_2190601967,4,0,21
10435.0,2496228891,2,2,15
10435.0,cluster_12013799525_12013799526_2496228894,2,2,15
10435.0,cluster_12013799527_12013799528_2190601967,5,0,23
10436.0,2496228891,2,2,15
10436.0,cluster_12013799525_12013799526_2496228894,2,2,15
10436.0,cluster_12013799527_12013799528_2190601967,4,0,21
10437.0,2496228891,2,2,15
10437.0,cluster_12013799525_12013799526_2496228894,2,2,15
10437.0,cluster_12013799527_12013799528_2190601967,4,0,21
10437.0,cluster_12013799529_12013799530_473195061,4,0,21
10438.0,2496228891,2,2,15
10438.0,cluster_12013799525_12013799526_2496228894,3,2,15
10438.0,cluster_12013799527_12013799528_2190601967,4,0,21
10438.0,cluster_12013799529_12013799530_473195061,4,0,21
10439.0,2496228891,2,2,15
10439.0,cluster_12013799525_12013799526_2496228894,3,2,15
10439.0,cluster_12013799527_12013799528_2190601967,5,0,23
10439.0,cluster_12013799529_12013799530_473195061,4,0,21
10440.0,2496228891,2,2,15
10440.0,cluster_12013799525_12013799526_2496228894,3,2,15
10440.0,cluster_12013799527_12013799528_2190601967,4,0,21
10440.0,cluster_12013799529_12013799530_473195061,3,0,15
10441.0,2496228891,2,2,15
10441.0,cluster_12013799525_12013799526_2496228894,3,2,15
10441.0,cluster_12013799527_12013799528_2190601967,4,0,21
10441.0,cluster_12013799529_12013799530_473195061,3,0,15
10442.0,2496228891,1,2,15
10442.0,cluster_12013799525_12013799526_2496228894,2,2,15
10442.0,cluster_12013799527_12013799528_2190601967,4,0,21
10442.0,cluster_12013799529_12013799530_473195061,3,0,15
10443.0,2496228891,1,2,15
10443.0,cluster_12013799525_12013799526_2496228894,2,2,15
10443.0,cluster_12013799527_12013799528_2190601967,5,0,23
10443.0,cluster_12013799529_12013799530_473195061,3,0,15
10444.0,2496228891,0,2,15
10444.0,cluster_12013799525_12013799526_2496228894,2,2,15
10444.0,cluster_12013799529_12013799530_473195061,2,0,15
10445.0,cluster_12013799525_12013799526_2496228894,2,2,15
10445.0,cluster_12013799529_12013799530_473195061,2,0,15
10446.0,cluster_12013799525_12013799526_2496228894,3,2,15
10446.0,cluster_12013799529_12013799530_473195061,2,0,15
10447.0,cluster_12013799525_12013799526_2496228894,3,2,15
10447.0,cluster_12013799527_12013799528_2190601967,5,2,21
10447.0,cluster_12013799529_12013799530_473195061,2,0,15
10448.0,2496228891,8,0,21
10448.0,cluster_12013799525_12013799526_2496228894,2,2,15
10448.0,cluster_12013799527_12013799528_2190601967,4,2,21
10448.0,cluster_12013799529_12013799530_473195061,2,0,15
10449.0,2496228891,6,0,21
10449.0,cluster_12013799527_12013799528_2190601967,3,2,15
10449.0,cluster_12013799529_12013799530_473195061,1,0,15
10450.0,2496228891,6,0,23
10450.0,cluster_12013799527_12013799528_2190601967,3,2,15
10450.0,cluster_12013799529_12013799530_473195061,1,0,15
10451.0,2496228891,6,0,21
10451.0,cluster_12013799527_12013799528_2190601967,3,2,15
10451.0,cluster_12013799529_12013799530_473195061,1,0,15
10452.0,2496228891,5,0,23
10452.0,cluster_12013799525_12013799526_2496228894,3,0,15
10452.0,cluster_12013799527_12013799528_2190601967,3,2,15
10452.0,cluster_12013799529_12013799530_473195061,0,0,15
10453.0,2496228891,3,0,15
10453.0,cluster_12013799525_12013799526_2496228894,2,0,15
10453.0,cluster_12013799527_12013799528_2190601967,2,2,15
10453.0,cluster_12013799529_12013799530_473195061,0,0,15
10454.0,2496228891,3,0,15
10454.0,cluster_12013799525_12013799526_2496228894,2,0,15
10454.0,cluster_12013799527_12013799528_2190601967,2,2,15
10454.0,cluster_12013799529_12013799530_473195061,0,0,15
10455.0,2496228891,2,0,15
10455.0,cluster_12013799525_12013799526_2496228894,2,0,15
10455.0,cluster_12013799527_12013799528_2190601967,2,2,15
10455.0,cluster_12013799529_12013799530_473195061,0,0,15
10456.0,2496228891,2,0,15
10456.0,cluster_12013799525_12013799526_2496228894,2,0,15
10456.0,cluster_12013799527_12013799528_2190601967,2,2,15
10456.0,cluster_12013799529_12013799530_473195061,0,0,15
10457.0,2496228891,2,0,15
10457.0,cluster_12013799525_12013799526_2496228894,1,0,15
10457.0,cluster_12013799527_12013799528_2190601967,1,2,15
10457.0,cluster_12013799529_12013799530_473195061,0,0,15
10458.0,2496228891,1,0,15
10458.0,cluster_12013799525_12013799526_2496228894,1,0,15
10458.0,cluster_12013799527_12013799528_2190601967,2,2,15
10458.0,cluster_12013799529_12013799530_473195061,0,0,15
10459.0,2496228891,1,0,15
10459.0,cluster_12013799525_12013799526_2496228894,1,0,15
10459.0,cluster_12013799527_12013799528_2190601967,2,2,15
10460.0,2496228891,2,0,15
10460.0,cluster_12013799525_12013799526_2496228894,0,0,15
10460.0,cluster_12013799527_12013799528_2190601967,2,2,15
10461.0,2496228891,2,0,15
10461.0,cluster_12013799525_12013799526_2496228894,0,0,15
10461.0,cluster_12013799527_12013799528_2190601967,2,2,15
10462.0,2496228891,2,0,15
10462.0,cluster_12013799525_12013799526_2496228894,0,0,15
10462.0,cluster_12013799527_12013799528_2190601967,2,2,15
10462.0,cluster_12013799529_12013799530_473195061,5,2,21
10463.0,2496228891,2,0,15
10463.0,cluster_12013799525_12013799526_2496228894,0,0,15
10463.0,cluster_12013799527_12013799528_2190601967,3,2,15
10463.0,cluster_12013799529_12013799530_473195061,5,2,21
10464.0,2496228891,1,0,15
10464.0,cluster_12013799525_12013799526_2496228894,0,0,15
10464.0,cluster_12013799527_12013799528_2190601967,2,2,15
10464.0,cluster_12013799529_12013799530_473195061,5,2,21
10465.0,2496228891,1,0,15
10465.0,cluster_12013799525_12013799526_2496228894,0,0,15
10465.0,cluster_12013799527_12013799528_2190601967,3,2,15
10465.0,cluster_12013799529_12013799530_473195061,5,2,21
10466.0,2496228891,0,0,15
10466.0,cluster_12013799525_12013799526_2496228894,0,0,15
10466.0,cluster_12013799527_12013799528_2190601967,3,2,15
10466.0,cluster_12013799529_12013799530_473195061,5,2,21
10467.0,2496228891,0,0,15
10467.0,cluster_12013799525_12013799526_2496228894,0,0,15
10467.0,cluster_12013799527_12013799528_2190601967,3,2,15
10467.0,cluster_12013799529_12013799530_473195061,5,2,21
10468.0,2496228891,0,0,15
10468.0,cluster_12013799527_12013799528_2190601967,2,2,15
10468.0,cluster_12013799529_12013799530_473195061,5,2,21
10469.0,2496228891,0,0,15
10469.0,cluster_12013799529_12013799530_473195061,5,2,21
10470.0,cluster_12013799529_12013799530_473195061,5,2,21
10471.0,cluster_12013799525_12013799526_2496228894,6,2,21
10471.0,cluster_12013799529_12013799530_473195061,5,2,21
10472.0,cluster_12013799525_12013799526_2496228894,5,2,21
10472.0,cluster_12013799527_12013799528_2190601967,5,0,21
10472.0,cluster_12013799529_12013799530_473195061,5,2,21
10473.0,2496228891,0,2,15
10473.0,cluster_12013799525_12013799526_2496228894,5,2,21
10473.0,cluster_12013799527_12013799528_2190601967,4,0,21
10473.0,cluster_12013799529_12013799530_473195061,4,2,21
10474.0,2496228891,0,2,15
10474.0,cluster_12013799525_12013799526_2496228894,5,2,21
10474.0,cluster_12013799527_12013799528_2190601967,4,0,21
10474.0,cluster_12013799529_12013799530_473195061,4,2,21
10475.0,2496228891,0,2,15
10475.0,cluster_12013799525_12013799526_2496228894,4,2,21
10475.0,cluster_12013799527_12013799528_2190601967,4,0,21
10475.0,cluster_12013799529_12013799530_473195061,4,2,21
10476.0,2496228891,0,2,15
10476.0,cluster_12013799525_12013799526_2496228894,4,2,21
10476.0,cluster_12013799527_12013799528_2190601967,4,0,21
10476.0,cluster_12013799529_12013799530_473195061,4,2,21
10477.0,2496228891,0,2,15
10477.0,cluster_12013799525_12013799526_2496228894,3,2,15
10477.0,cluster_12013799527_12013799528_2190601967,3,0,15
10477.0,cluster_12013799529_12013799530_473195061,3,2,15
10478.0,2496228891,0,2,15
10478.0,cluster_12013799525_12013799526_2496228894,3,2,15
10478.0,cluster_12013799527_12013799528_2190601967,3,0,15
10478.0,cluster_12013799529_12013799530_473195061,4,2,23
10479.0,2496228891,0,2,15
10479.0,cluster_12013799525_12013799526_2496228894,2,2,15
10479.0,cluster_12013799527_12013799528_2190601967,2,0,15
10479.0,cluster_12013799529_12013799530_473195061,3,2,15
10480.0,2496228891,0,2,15
10480.0,cluster_12013799525_12013799526_2496228894,2,2,15
10480.0,cluster_12013799527_12013799528_2190601967,2,0,15
10480.0,cluster_12013799529_12013799530_473195061,4,2,23
10481.0,2496228891,0,2,15
10481.0,cluster_12013799525_12013799526_2496228894,1,2,15
10481.0,cluster_12013799527_12013799528_2190601967,2,0,15
10481.0,cluster_12013799529_12013799530_473195061,4,2,21
10482.0,2496228891,0,2,15
10482.0,cluster_12013799525_12013799526_2496228894,1,2,15
10482.0,cluster_12013799527_12013799528_2190601967,1,0,15
10482.0,cluster_12013799529_12013799530_473195061,4,2,23
10483.0,2496228891,0,2,15
10483.0,cluster_12013799525_12013799526_2496228894,1,2,15
10483.0,cluster_12013799527_12013799528_2190601967,1,0,15
10483.0,cluster_12013799529_12013799530_473195061,4,2,21
10484.0,2496228891,0,2,15
10484.0,cluster_12013799525_12013799526_2496228894,0,2,15
10484.0,cluster_12013799527_12013799528_2190601967,0,0,15
10485.0,2496228891,0,2,15
10485.0,cluster_12013799525_12013799526_2496228894,0,2,15
10485.0,cluster_12013799527_12013799528_2190601967,0,0,15
10486.0,2496228891,0,2,15
10486.0,cluster_12013799525_12013799526_2496228894,0,2,15
10486.0,cluster_12013799527_12013799528_2190601967,0,0,15
10487.0,2496228891,0,2,15
10487.0,cluster_12013799525_12013799526_2496228894,0,2,15
10487.0,cluster_12013799527_12013799528_2190601967,0,0,15
10487.0,cluster_12013799529_12013799530_473195061,0,0,15
10488.0,2496228891,0,2,15
10488.0,cluster_12013799525_12013799526_2496228894,0,2,15
10488.0,cluster_12013799527_12013799528_2190601967,0,0,15
10488.0,cluster_12013799529_12013799530_473195061,0,0,15
10489.0,cluster_12013799525_12013799526_2496228894,0,2,15
10489.0,cluster_12013799527_12013799528_2190601967,0,0,15
10489.0,cluster_12013799529_12013799530_473195061,0,0,15
10490.0,cluster_12013799525_12013799526_2496228894,0,2,15
10490.0,cluster_12013799527_12013799528_2190601967,0,0,15
10490.0,cluster_12013799529_12013799530_473195061,0,0,15
10491.0,cluster_12013799525_12013799526_2496228894,0,2,15
10491.0,cluster_12013799527_12013799528_2190601967,0,0,15
10491.0,cluster_12013799529_12013799530_473195061,0,0,15
10492.0,2496228891,0,0,15
10492.0,cluster_12013799525_12013799526_2496228894,0,2,15
10492.0,cluster_12013799527_12013799528_2190601967,0,0,15
10492.0,cluster_12013799529_12013799530_473195061,0,0,15
10493.0,2496228891,0,0,15
10493.0,cluster_12013799527_12013799528_2190601967,0,0,15
10493.0,cluster_12013799529_12013799530_473195061,0,0,15
10494.0,2496228891,0,0,15
10494.0,cluster_12013799529_12013799530_473195061,0,0,15
10495.0,2496228891,1,0,15
10495.0,cluster_12013799529_12013799530_473195061,1,0,15
10496.0,2496228891,1,0,15
10496.0,cluster_12013799525_12013799526_2496228894,1,0,15
10496.0,cluster_12013799529_12013799530_473195061,1,0,15
10497.0,2496228891,1,0,15
10497.0,cluster_12013799525_12013799526_2496228894,1,0,15
10497.0,cluster_12013799527_12013799528_2190601967,7,2,21
10497.0,cluster_12013799529_12013799530_473195061,1,0,15
10498.0,2496228891,1,0,15
10498.0,cluster_12013799525_12013799526_2496228894,1,0,15
10498.0,cluster_12013799527_12013799528_2190601967,5,2,21
10498.0,cluster_12013799529_12013799530_473195061,1,0,15
10499.0,2496228891,2,0,15
10499.0,cluster_12013799525_12013799526_2496228894,2,0,15
10499.0,cluster_12013799527_12013799528_2190601967,6,2,21
10499.0,cluster_12013799529_12013799530_473195061,2,0,15
10500.0,2496228891,2,0,15
10500.0,cluster_12013799525_12013799526_2496228894,2,0,15
10500.0,cluster_12013799527_12013799528_2190601967,6,2,21
10500.0,cluster_12013799529_12013799530_473195061,2,0,15
10501.0,2496228891,2,0,15
10501.0,cluster_12013799525_12013799526_2496228894,2,0,15
10501.0,cluster_12013799527_12013799528_2190601967,6,2,21
10501.0,cluster_12013799529_12013799530_473195061,2,0,15
10502.0,2496228891,2,0,15
10502.0,cluster_12013799525_12013799526_2496228894,2,0,15
10502.0,cluster_12013799527_12013799528_2190601967,4,2,21
10502.0,cluster_12013799529_12013799530_473195061,2,0,15
10503.0,2496228891,3,0,15
10503.0,cluster_12013799525_12013799526_2496228894,3,0,15
10503.0,cluster_12013799527_12013799528_2190601967,5,2,21
10504.0,2496228891,3,0,15
10504.0,cluster_12013799525_12013799526_2496228894,2,0,15
10504.0,cluster_12013799527_12013799528_2190601967,4,2,21
10505.0,2496228891,3,0,15
10505.0,cluster_12013799525_12013799526_2496228894,2,0,15
10505.0,cluster_12013799527_12013799528_2190601967,2,2,15
10506.0,2496228891,3,0,15
10506.0,cluster_12013799525_12013799526_2496228894,2,0,15
10506.0,cluster_12013799527_12013799528_2190601967,2,2,15
10506.0,cluster_12013799529_12013799530_473195061,9,2,22
10507.0,2496228891,4,0,23
10507.0,cluster_12013799525_12013799526_2496228894,3,0,15
10507.0,cluster_12013799527_12013799528_2190601967,4,2,23
10507.0,cluster_12013799529_12013799530_473195061,10,2,26
10508.0,cluster_12013799525_12013799526_2496228894,2,0,15
10508.0,cluster_12013799527_12013799528_2190601967,3,2,15
10508.0,cluster_12013799529_12013799530_473195061,10,2,22
10509.0,cluster_12013799525_12013799526_2496228894,2,0,15
10509.0,cluster_12013799527_12013799528_2190601967,3,2,15
10509.0,cluster_12013799529_12013799530_473195061,10,2,22
10510.0,cluster_12013799525_12013799526_2496228894,2,0,15
10510.0,cluster_12013799527_12013799528_2190601967,4,2,23
10510.0,cluster_12013799529_12013799530_473195061,9,2,22
10511.0,2496228891,3,2,15
10511.0,cluster_12013799525_12013799526_2496228894,2,0,15
10511.0,cluster_12013799527_12013799528_2190601967,4,2,21
10511.0,cluster_12013799529_12013799530_473195061,10,2,26
10512.0,2496228891,3,2,15
10512.0,cluster_12013799527_12013799528_2190601967,4,2,21
10512.0,cluster_12013799529_12013799530_473195061,10,2,22
10513.0,2496228891,3,2,15
10513.0,cluster_12013799527_12013799528_2190601967,4,2,23
10513.0,cluster_12013799529_12013799530_473195061,9,2,22
10514.0,2496228891,3,2,15
10514.0,cluster_12013799527_12013799528_2190601967,4,2,21
10514.0,cluster_12013799529_12013799530_473195061,9,2,22
10515.0,2496228891,3,2,15
10515.0,cluster_12013799525_12013799526_2496228894,3,2,15
10515.0,cluster_12013799527_12013799528_2190601967,4,2,21
10515.0,cluster_12013799529_12013799530_473195061,10,2,26
10516.0,2496228891,2,2,15
10516.0,cluster_12013799525_12013799526_2496228894,2,2,15
10516.0,cluster_12013799527_12013799528_2190601967,4,2,23
10516.0,cluster_12013799529_12013799530_473195061,9,2,22
10517.0,2496228891,2,2,15
10517.0,cluster_12013799525_12013799526_2496228894,2,2,15
10517.0,cluster_12013799527_12013799528_2190601967,4,2,21
10517.0,cluster_12013799529_12013799530_473195061,9,2,22
10518.0,2496228891,1,2,15
10518.0,cluster_12013799525_12013799526_2496228894,2,2,15
10518.0,cluster_12013799527_12013799528_2190601967,3,2,15
10518.0,cluster_12013799529_12013799530_473195061,8,2,21
10519.0,2496228891,1,2,15
10519.0,cluster_12013799525_12013799526_2496228894,2,2,15
10519.0,cluster_12013799529_12013799530_473195061,9,2,25
10520.0,2496228891,1,2,15
10520.0,cluster_12013799525_12013799526_2496228894,3,2,15
10520.0,cluster_12013799529_12013799530_473195061,10,2,26
10521.0,2496228891,0,2,15
10521.0,cluster_12013799525_12013799526_2496228894,2,2,15
10521.0,cluster_12013799529_12013799530_473195061,9,2,22
10522.0,2496228891,0,2,15
10522.0,cluster_12013799525_12013799526_2496228894,3,2,15
10522.0,cluster_12013799527_12013799528_2190601967,7,0,21
10522.0,cluster_12013799529_12013799530_473195061,8,2,21
10523.0,2496228891,0,2,15
10523.0,cluster_12013799525_12013799526_2496228894,3,2,15
10523.0,cluster_12013799527_12013799528_2190601967,6,0,21
10523.0,cluster_12013799529_12013799530_473195061,7,2,21
10524.0,2496228891,0,2,15
10524.0,cluster_12013799525_12013799526_2496228894,3,2,15
10524.0,cluster_12013799527_12013799528_2190601967,6,0,21
10524.0,cluster_12013799529_12013799530_473195061,7,2,21
10525.0,2496228891,0,2,15
10525.0,cluster_12013799525_12013799526_2496228894,3,2,15
10525.0,cluster_12013799527_12013799528_2190601967,6,0,21
10525.0,cluster_12013799529_12013799530_473195061,7,2,21
10526.0,2496228891,0,2,15
10526.0,cluster_12013799525_12013799526_2496228894,3,2,15
10526.0,cluster_12013799527_12013799528_2190601967,6,0,21
10526.0,cluster_12013799529_12013799530_473195061,7,2,21
10527.0,cluster_12013799525_12013799526_2496228894,3,2,15
10527.0,cluster_12013799527_12013799528_2190601967,5,0,21
10527.0,cluster_12013799529_12013799530_473195061,6,2,21
10528.0,cluster_12013799525_12013799526_2496228894,3,2,15
10528.0,cluster_12013799527_12013799528_2190601967,5,0,21
10528.0,cluster_12013799529_12013799530_473195061,6,2,21
10529.0,cluster_12013799525_12013799526_2496228894,3,2,15
10529.0,cluster_12013799527_12013799528_2190601967,5,0,21
10530.0,2496228891,10,0,22
10530.0,cluster_12013799525_12013799526_2496228894,2,2,15
10530.0,cluster_12013799527_12013799528_2190601967,4,0,21
10531.0,2496228891,8,0,21
10531.0,cluster_12013799527_12013799528_2190601967,4,0,21
10532.0,2496228891,8,0,24
10532.0,cluster_12013799527_12013799528_2190601967,4,0,21
10532.0,cluster_12013799529_12013799530_473195061,5,0,21
10533.0,2496228891,7,0,21
10533.0,cluster_12013799527_12013799528_2190601967,3,0,15
10533.0,cluster_12013799529_12013799530_473195061,4,0,21
10534.0,2496228891,7,0,21
10534.0,cluster_12013799525_12013799526_2496228894,2,0,15
10534.0,cluster_12013799527_12013799528_2190601967,3,0,15
10534.0,cluster_12013799529_12013799530_473195061,4,0,21
10535.0,2496228891,5,0,21
10535.0,cluster_12013799525_12013799526_2496228894,1,0,15
10535.0,cluster_12013799527_12013799528_2190601967,2,0,15
10535.0,cluster_12013799529_12013799530_473195061,4,0,21
10536.0,2496228891,4,0,23
10536.0,cluster_12013799525_12013799526_2496228894,1,0,15
10536.0,cluster_12013799527_12013799528_2190601967,2,0,15
10536.0,cluster_12013799529_12013799530_473195061,3,0,15
10537.0,2496228891,5,0,23
10537.0,cluster_12013799525_12013799526_2496228894,1,0,15
10537.0,cluster_12013799527_12013799528_2190601967,1,0,15
10537.0,cluster_12013799529_12013799530_473195061,3,0,15
10538.0,2496228891,5,0,21
10538.0,cluster_12013799525_12013799526_2496228894,1,0,15
10538.0,cluster_12013799527_12013799528_2190601967,1,0,15
10538.0,cluster_12013799529_12013799530_473195061,3,0,15
10539.0,2496228891,4,0,21
10539.0,cluster_12013799525_12013799526_2496228894,0,0,15
10539.0,cluster_12013799527_12013799528_2190601967,0,0,15
10539.0,cluster_12013799529_12013799530_473195061,2,0,15
10540.0,2496228891,6,0,23
10540.0,cluster_12013799525_12013799526_2496228894,0,0,15
10540.0,cluster_12013799527_12013799528_2190601967,0,0,15
10540.0,cluster_12013799529_12013799530_473195061,2,0,15
10541.0,2496228891,6,0,21
10541.0,cluster_12013799525_12013799526_2496228894,0,0,15
10541.0,cluster_12013799527_12013799528_2190601967,0,0,15
10541.0,cluster_12013799529_12013799530_473195061,2,0,15
10542.0,2496228891,5,0,21
10542.0,cluster_12013799525_12013799526_2496228894,0,0,15
10542.0,cluster_12013799527_12013799528_2190601967,0,0,15
10542.0,cluster_12013799529_12013799530_473195061,1,0,15
10543.0,2496228891,3,0,15
10543.0,cluster_12013799525_12013799526_2496228894,0,0,15
10543.0,cluster_12013799527_12013799528_2190601967,0,0,15
10543.0,cluster_12013799529_12013799530_473195061,1,0,15
10544.0,2496228891,2,0,15
10544.0,cluster_12013799525_12013799526_2496228894,0,0,15
10544.0,cluster_12013799529_12013799530_473195061,0,0,15
10545.0,2496228891,3,0,15
10545.0,cluster_12013799525_12013799526_2496228894,0,0,15
10545.0,cluster_12013799529_12013799530_473195061,0,0,15
10546.0,2496228891,2,0,15
10546.0,cluster_12013799525_12013799526_2496228894,0,0,15
10546.0,cluster_12013799529_12013799530_473195061,0,0,15
10547.0,2496228891,1,0,15
10547.0,cluster_12013799525_12013799526_2496228894,0,0,15
10547.0,cluster_12013799527_12013799528_2190601967,3,2,15
10547.0,cluster_12013799529_12013799530_473195061,0,0,15
10548.0,2496228891,2,0,15
10548.0,cluster_12013799525_12013799526_2496228894,0,0,15
10548.0,cluster_12013799527_12013799528_2190601967,2,2,15
10548.0,cluster_12013799529_12013799530_473195061,0,0,15
10549.0,2496228891,3,0,15
10549.0,cluster_12013799525_12013799526_2496228894,0,0,15
10549.0,cluster_12013799527_12013799528_2190601967,3,2,15
10549.0,cluster_12013799529_12013799530_473195061,0,0,15
10550.0,2496228891,3,0,15
10550.0,cluster_12013799527_12013799528_2190601967,3,2,15
10550.0,cluster_12013799529_12013799530_473195061,0,0,15
10551.0,2496228891,4,0,23
10551.0,cluster_12013799527_12013799528_2190601967,2,2,15
10551.0,cluster_12013799529_12013799530_473195061,0,0,15
10552.0,2496228891,3,0,15
10552.0,cluster_12013799527_12013799528_2190601967,1,2,15
10552.0,cluster_12013799529_12013799530_473195061,0,0,15
10553.0,cluster_12013799525_12013799526_2496228894,4,2,21
10553.0,cluster_12013799527_12013799528_2190601967,1,2,15
10553.0,cluster_12013799529_12013799530_473195061,0,0,15
10554.0,cluster_12013799525_12013799526_2496228894,3,2,15
10554.0,cluster_12013799527_12013799528_2190601967,0,2,15
10555.0,cluster_12013799525_12013799526_2496228894,3,2,15
10555.0,cluster_12013799527_12013799528_2190601967,0,2,15
10556.0,2496228891,0,2,15
10556.0,cluster_12013799525_12013799526_2496228894,3,2,15
10556.0,cluster_12013799527_12013799528_2190601967,0,2,15
10557.0,2496228891,0,2,15
10557.0,cluster_12013799525_12013799526_2496228894,1,2,15
10557.0,cluster_12013799527_12013799528_2190601967,0,2,15
10557.0,cluster_12013799529_12013799530_473195061,7,2,21
10558.0,2496228891,0,2,15
10558.0,cluster_12013799525_12013799526_2496228894,1,2,15
10558.0,cluster_12013799527_12013799528_2190601967,1,2,15
10558.0,cluster_12013799529_12013799530_473195061,7,2,21
10559.0,2496228891,0,2,15
10559.0,cluster_12013799525_12013799526_2496228894,1,2,15
10559.0,cluster_12013799527_12013799528_2190601967,1,2,15
10559.0,cluster_12013799529_12013799530_473195061,7,2,21
10560.0,2496228891,0,2,15
10560.0,cluster_12013799525_12013799526_2496228894,0,2,15
10560.0,cluster_12013799527_12013799528_2190601967,1,2,15
10560.0,cluster_12013799529_12013799530_473195061,7,2,21
10561.0,2496228891,0,2,15
10561.0,cluster_12013799525_12013799526_2496228894,0,2,15
10561.0,cluster_12013799527_12013799528_2190601967,1,2,15
10561.0,cluster_12013799529_12013799530_473195061,5,2,21
10562.0,2496228891,0,2,15
10562.0,cluster_12013799525_12013799526_2496228894,0,2,15
10562.0,cluster_12013799527_12013799528_2190601967,1,2,15
10562.0,cluster_12013799529_12013799530_473195061,5,2,21
10563.0,2496228891,0,2,15
10563.0,cluster_12013799525_12013799526_2496228894,0,2,15
10563.0,cluster_12013799529_12013799530_473195061,5,2,21
10564.0,2496228891,0,2,15
10564.0,cluster_12013799525_12013799526_2496228894,0,2,15
10564.0,cluster_12013799529_12013799530_473195061,4,2,21
10565.0,2496228891,0,2,15
10565.0,cluster_12013799525_12013799526_2496228894,0,2,15
10565.0,cluster_12013799529_12013799530_473195061,4,2,21
10566.0,2496228891,0,2,15
10566.0,cluster_12013799525_12013799526_2496228894,0,2,15
10566.0,cluster_12013799527_12013799528_2190601967,0,0,15
10566.0,cluster_12013799529_12013799530_473195061,4,2,21
10567.0,2496228891,0,2,15
10567.0,cluster_12013799525_12013799526_2496228894,0,2,15
10567.0,cluster_12013799527_12013799528_2190601967,0,0,15
10567.0,cluster_12013799529_12013799530_473195061,3,2,15
10568.0,2496228891,0,2,15
10568.0,cluster_12013799525_12013799526_2496228894,0,2,15
10568.0,cluster_12013799527_12013799528_2190601967,0,0,15
10568.0,cluster_12013799529_12013799530_473195061,3,2,15
10569.0,2496228891,0,2,15
10569.0,cluster_12013799525_12013799526_2496228894,0,2,15
10569.0,cluster_12013799527_12013799528_2190601967,0,0,15
10569.0,cluster_12013799529_12013799530_473195061,2,2,15
10570.0,2496228891,0,2,15
10570.0,cluster_12013799525_12013799526_2496228894,0,2,15
10570.0,cluster_12013799527_12013799528_2190601967,0,0,15
10570.0,cluster_12013799529_12013799530_473195061,2,2,15
10571.0,2496228891,0,2,15
10571.0,cluster_12013799525_12013799526_2496228894,0,2,15
10571.0,cluster_12013799527_12013799528_2190601967,0,0,15
10571.0,cluster_12013799529_12013799530_473195061,1,2,15
10572.0,cluster_12013799525_12013799526_2496228894,1,2,15
10572.0,cluster_12013799527_12013799528_2190601967,1,0,15
10572.0,cluster_12013799529_12013799530_473195061,2,2,15
10573.0,cluster_12013799525_12013799526_2496228894,1,2,15
10573.0,cluster_12013799527_12013799528_2190601967,1,0,15
10573.0,cluster_12013799529_12013799530_473195061,1,2,15
10574.0,cluster_12013799525_12013799526_2496228894,1,2,15
10574.0,cluster_12013799527_12013799528_2190601967,1,0,15
10574.0,cluster_12013799529_12013799530_473195061,1,2,15
10575.0,2496228891,8,0,21
10575.0,cluster_12013799527_12013799528_2190601967,1,0,15
10575.0,cluster_12013799529_12013799530_473195061,1,2,15
10576.0,2496228891,9,0,25
10576.0,cluster_12013799527_12013799528_2190601967,2,0,15
10576.0,cluster_12013799529_12013799530_473195061,2,2,15
10577.0,2496228891,9,0,25
10577.0,cluster_12013799527_12013799528_2190601967,2,0,15
10577.0,cluster_12013799529_12013799530_473195061,2,2,15
10578.0,2496228891,7,0,21
10578.0,cluster_12013799525_12013799526_2496228894,2,0,15
10578.0,cluster_12013799527_12013799528_2190601967,2,0,15
10578.0,cluster_12013799529_12013799530_473195061,2,2,15
10579.0,2496228891,6,0,23
10579.0,cluster_12013799525_12013799526_2496228894,2,0,15
10579.0,cluster_12013799527_12013799528_2190601967,2,0,15
10580.0,2496228891,7,0,23
10580.0,cluster_12013799525_12013799526_2496228894,3,0,15
10580.0,cluster_12013799527_12013799528_2190601967,3,0,15
10581.0,2496228891,8,0,24
10581.0,cluster_12013799525_12013799526_2496228894,3,0,15
10581.0,cluster_12013799527_12013799528_2190601967,3,0,15
10582.0,2496228891,7,0,21
10582.0,cluster_12013799525_12013799526_2496228894,2,0,15
10582.0,cluster_12013799529_12013799530_473195061,3,0,15
10583.0,2496228891,7,0,21
10583.0,cluster_12013799525_12013799526_2496228894,2,0,15
10583.0,cluster_12013799529_12013799530_473195061,3,0,15
10584.0,2496228891,8,0,24
10584.0,cluster_12013799525_12013799526_2496228894,3,0,15
10584.0,cluster_12013799529_12013799530_473195061,4,0,21
10585.0,2496228891,6,0,21
10585.0,cluster_12013799525_12013799526_2496228894,2,0,15
10585.0,cluster_12013799527_12013799528_2190601967,3,2,15
10585.0,cluster_12013799529_12013799530_473195061,4,0,21
10586.0,2496228891,5,0,21
10586.0,cluster_12013799525_12013799526_2496228894,2,0,15
10586.0,cluster_12013799527_12013799528_2190601967,3,2,15
10586.0,cluster_12013799529_12013799530_473195061,4,0,21
10587.0,2496228891,6,0,23
10587.0,cluster_12013799525_12013799526_2496228894,2,0,15
10587.0,cluster_12013799527_12013799528_2190601967,3,2,15
10587.0,cluster_12013799529_12013799530_473195061,4,0,21
10588.0,2496228891,6,0,23
10588.0,cluster_12013799525_12013799526_2496228894,2,0,15
10588.0,cluster_12013799527_12013799528_2190601967,4,2,23
10588.0,cluster_12013799529_12013799530_473195061,5,0,21
10589.0,2496228891,5,0,23
10589.0,cluster_12013799525_12013799526_2496228894,1,0,15
10589.0,cluster_12013799527_12013799528_2190601967,3,2,15
10589.0,cluster_12013799529_12013799530_473195061,4,0,21
10590.0,2496228891,4,0,21
10590.0,cluster_12013799525_12013799526_2496228894,1,0,15
10590.0,cluster_12013799527_12013799528_2190601967,3,2,15
10590.0,cluster_12013799529_12013799530_473195061,4,0,21
10591.0,2496228891,4,0,21
10591.0,cluster_12013799525_12013799526_2496228894,1,0,15
10591.0,cluster_12013799527_12013799528_2190601967,3,2,15
10591.0,cluster_12013799529_12013799530_473195061,4,0,21
10592.0,2496228891,6,0,23
10592.0,cluster_12013799525_12013799526_2496228894,1,0,15
10592.0,cluster_12013799527_12013799528_2190601967,4,2,23
10592.0,cluster_12013799529_12013799530_473195061,4,0,21
10593.0,2496228891,6,0,21
10593.0,cluster_12013799525_12013799526_2496228894,1,0,15
10593.0,cluster_12013799527_12013799528_2190601967,4,2,21
10593.0,cluster_12013799529_12013799530_473195061,4,0,21
10594.0,2496228891,5,0,21
10594.0,cluster_12013799527_12013799528_2190601967,2,2,15
10594.0,cluster_12013799529_12013799530_473195061,3,0,15
10595.0,2496228891,5,0,21
10595.0,cluster_12013799527_12013799528_2190601967,2,2,15
10595.0,cluster_12013799529_12013799530_473195061,3,0,15
10596.0,2496228891,5,0,21
10596.0,cluster_12013799527_12013799528_2190601967,3,2,15
10596.0,cluster_12013799529_12013799530_473195061,3,0,15
10597.0,cluster_12013799525_12013799526_2496228894,6,2,21
10597.0,cluster_12013799527_12013799528_2190601967,3,2,15
10597.0,cluster_12013799529_12013799530_473195061,2,0,15
10598.0,cluster_12013799525_12013799526_2496228894,6,2,21
10598.0,cluster_12013799527_12013799528_2190601967,2,2,15
10599.0,cluster_12013799525_12013799526_2496228894,5,2,21
10599.0,cluster_12013799527_12013799528_2190601967,4,2,23
10600.0,2496228891,2,2,15
10600.0,cluster_12013799525_12013799526_2496228894,4,2,21
10600.0,cluster_12013799527_12013799528_2190601967,4,2,23
10601.0,2496228891,2,2,15
10601.0,cluster_12013799525_12013799526_2496228894,3,2,15
10601.0,cluster_12013799529_12013799530_473195061,8,2,21
10602.0,2496228891,2,2,15
10602.0,cluster_12013799525_12013799526_2496228894,3,2,15
10602.0,cluster_12013799529_12013799530_473195061,8,2,21
10603.0,2496228891,2,2,15
10603.0,cluster_12013799525_12013799526_2496228894,2,2,15
10603.0,cluster_12013799529_12013799530_473195061,8,2,21
10604.0,2496228891,1,2,15
10604.0,cluster_12013799525_12013799526_2496228894,2,2,15
10604.0,cluster_12013799527_12013799528_2190601967,7,0,21
10604.0,cluster_12013799529_12013799530_473195061,7,2,21
10605.0,2496228891,1,2,15
10605.0,cluster_12013799525_12013799526_2496228894,2,2,15
10605.0,cluster_12013799527_12013799528_2190601967,6,0,21
10605.0,cluster_12013799529_12013799530_473195061,6,2,21
10606.0,2496228891,1,2,15
10606.0,cluster_12013799525_12013799526_2496228894,2,2,15
10606.0,cluster_12013799527_12013799528_2190601967,6,0,21
10606.0,cluster_12013799529_12013799530_473195061,6,2,21
10607.0,2496228891,0,2,15
10607.0,cluster_12013799525_12013799526_2496228894,2,2,15
10607.0,cluster_12013799527_12013799528_2190601967,6,0,21
10607.0,cluster_12013799529_12013799530_473195061,6,2,21
10608.0,2496228891,0,2,15
10608.0,cluster_12013799525_12013799526_2496228894,2,2,15
10608.0,cluster_12013799527_12013799528_2190601967,6,0,21
10608.0,cluster_12013799529_12013799530_473195061,6,2,21
10609.0,2496228891,0,2,15
10609.0,cluster_12013799525_12013799526_2496228894,3,2,15
10609.0,cluster_12013799527_12013799528_2190601967,5,0,21
10609.0,cluster_12013799529_12013799530_473195061,5,2,21
10610.0,2496228891,0,2,15
10610.0,cluster_12013799525_12013799526_2496228894,3,2,15
10610.0,cluster_12013799527_12013799528_2190601967,5,0,21
10610.0,cluster_12013799529_12013799530_473195061,5,2,21
10611.0,2496228891,0,2,15
10611.0,cluster_12013799525_12013799526_2496228894,3,2,15
10611.0,cluster_12013799527_12013799528_2190601967,5,0,21
10611.0,cluster_12013799529_12013799530_473195061,5,2,21
10612.0,2496228891,0,2,15
10612.0,cluster_12013799525_12013799526_2496228894,3,2,15
10612.0,cluster_12013799527_12013799528_2190601967,4,0,21
10612.0,cluster_12013799529_12013799530_473195061,5,2,23
10613.0,2496228891,0,2,15
10613.0,cluster_12013799525_12013799526_2496228894,3,2,15
10613.0,cluster_12013799527_12013799528_2190601967,4,0,21
10613.0,cluster_12013799529_12013799530_473195061,5,2,21
10614.0,2496228891,0,2,15
10614.0,cluster_12013799525_12013799526_2496228894,3,2,15
10614.0,cluster_12013799527_12013799528_2190601967,3,0,15
10614.0,cluster_12013799529_12013799530_473195061,4,2,21
10615.0,2496228891,0,2,15
10615.0,cluster_12013799525_12013799526_2496228894,2,2,15
10615.0,cluster_12013799527_12013799528_2190601967,3,0,15
10615.0,cluster_12013799529_12013799530_473195061,5,2,23
10616.0,cluster_12013799525_12013799526_2496228894,2,2,15
10616.0,cluster_12013799527_12013799528_2190601967,3,0,15
10616.0,cluster_12013799529_12013799530_473195061,5,2,21
10617.0,cluster_12013799525_12013799526_2496228894,1,2,15
10617.0,cluster_12013799527_12013799528_2190601967,2,0,15
10617.0,cluster_12013799529_12013799530_473195061,5,2,23
10618.0,cluster_12013799525_12013799526_2496228894,1,2,15
10618.0,cluster_12013799527_12013799528_2190601967,2,0,15
10618.0,cluster_12013799529_12013799530_473195061,5,2,21
10619.0,2496228891,2,0,15
10619.0,cluster_12013799527_12013799528_2190601967,1,0,15
10619.0,cluster_12013799529_12013799530_473195061,5,2,23
10620.0,2496228891,2,0,15
10620.0,cluster_12013799527_12013799528_2190601967,1,0,15
10620.0,cluster_12013799529_12013799530_473195061,5,2,21
10621.0,2496228891,2,0,15
10621.0,cluster_12013799527_12013799528_2190601967,0,0,15
10621.0,cluster_12013799529_12013799530_473195061,5,2,23
10622.0,2496228891,2,0,15
10622.0,cluster_12013799525_12013799526_2496228894,0,0,15
10622.0,cluster_12013799527_12013799528_2190601967,0,0,15
10622.0,cluster_12013799529_12013799530_473195061,5,2,21
10623.0,2496228891,2,0,15
10623.0,cluster_12013799525_12013799526_2496228894,0,0,15
10623.0,cluster_12013799527_12013799528_2190601967,0,0,15
10624.0,2496228891,2,0,15
10624.0,cluster_12013799525_12013799526_2496228894,0,0,15
10624.0,cluster_12013799527_12013799528_2190601967,0,0,15
10625.0,2496228891,2,0,15
10625.0,cluster_12013799525_12013799526_2496228894,0,0,15
10625.0,cluster_12013799527_12013799528_2190601967,0,0,15
10626.0,2496228891,2,0,15
10626.0,cluster_12013799525_12013799526_2496228894,0,0,15
10626.0,cluster_12013799529_12013799530_473195061,2,0,15
10627.0,2496228891,1,0,15
10627.0,cluster_12013799525_12013799526_2496228894,0,0,15
10627.0,cluster_12013799529_12013799530_473195061,1,0,15
10628.0,2496228891,1,0,15
10628.0,cluster_12013799525_12013799526_2496228894,0,0,15
10628.0,cluster_12013799529_12013799530_473195061,1,0,15
10629.0,2496228891,1,0,15
10629.0,cluster_12013799525_12013799526_2496228894,0,0,15
10629.0,cluster_12013799527_12013799528_2190601967,4,2,21
10629.0,cluster_12013799529_12013799530_473195061,1,0,15
10630.0,2496228891,1,0,15
10630.0,cluster_12013799525_12013799526_2496228894,0,0,15
10630.0,cluster_12013799527_12013799528_2190601967,3,2,15
10630.0,cluster_12013799529_12013799530_473195061,1,0,15
10631.0,2496228891,0,0,15
10631.0,cluster_12013799525_12013799526_2496228894,0,0,15
10631.0,cluster_12013799527_12013799528_2190601967,3,2,15
10631.0,cluster_12013799529_12013799530_473195061,0,0,15
10632.0,2496228891,0,0,15
10632.0,cluster_12013799525_12013799526_2496228894,0,0,15
10632.0,cluster_12013799527_12013799528_2190601967,3,2,15
10632.0,cluster_12013799529_12013799530_473195061,0,0,15
10633.0,2496228891,0,0,15
10633.0,cluster_12013799525_12013799526_2496228894,0,0,15
10633.0,cluster_12013799527_12013799528_2190601967,2,2,15
10633.0,cluster_12013799529_12013799530_473195061,0,0,15
10634.0,2496228891,0,0,15
10634.0,cluster_12013799525_12013799526_2496228894,0,0,15
10634.0,cluster_12013799527_12013799528_2190601967,1,2,15
10634.0,cluster_12013799529_12013799530_473195061,0,0,15
10635.0,cluster_12013799525_12013799526_2496228894,0,0,15
10635.0,cluster_12013799527_12013799528_2190601967,1,2,15
10635.0,cluster_12013799529_12013799530_473195061,0,0,15
10636.0,cluster_12013799525_12013799526_2496228894,0,0,15
10636.0,cluster_12013799527_12013799528_2190601967,1,2,15
10636.0,cluster_12013799529_12013799530_473195061,0,0,15
10637.0,cluster_12013799525_12013799526_2496228894,0,0,15
10637.0,cluster_12013799527_12013799528_2190601967,0,2,15
10637.0,cluster_12013799529_12013799530_473195061,0,0,15
10638.0,2496228891,0,2,15
10638.0,cluster_12013799527_12013799528_2190601967,0,2,15
10638.0,cluster_12013799529_12013799530_473195061,0,0,15
10639.0,2496228891,0,2,15
10639.0,cluster_12013799527_12013799528_2190601967,0,2,15
10639.0,cluster_12013799529_12013799530_473195061,0,0,15
10640.0,2496228891,0,2,15
10640.0,cluster_12013799527_12013799528_2190601967,0,2,15
10640.0,cluster_12013799529_12013799530_473195061,0,0,15
10641.0,2496228891,0,2,15
10641.0,cluster_12013799525_12013799526_2496228894,0,2,15
10641.0,cluster_12013799527_12013799528_2190601967,0,2,15
10641.0,cluster_12013799529_12013799530_473195061,0,0,15
10642.0,2496228891,0,2,15
10642.0,cluster_12013799525_12013799526_2496228894,0,2,15
10642.0,cluster_12013799527_12013799528_2190601967,0,2,15
10643.0,2496228891,0,2,15
10643.0,cluster_12013799525_12013799526_2496228894,0,2,15
10643.0,cluster_12013799527_12013799528_2190601967,0,2,15
10644.0,2496228891,0,2,15
10644.0,cluster_12013799525_12013799526_2496228894,0,2,15
10644.0,cluster_12013799527_12013799528_2190601967,0,2,15
10645.0,2496228891,0,2,15
10645.0,cluster_12013799525_12013799526_2496228894,0,2,15
10645.0,cluster_12013799527_12013799528_2190601967,0,2,15
10645.0,cluster_12013799529_12013799530_473195061,7,2,21
10646.0,2496228891,0,2,15
10646.0,cluster_12013799525_12013799526_2496228894,0,2,15
10646.0,cluster_12013799527_12013799528_2190601967,0,2,15
10646.0,cluster_12013799529_12013799530_473195061,6,2,21
10647.0,2496228891,0,2,15
10647.0,cluster_12013799525_12013799526_2496228894,0,2,15
10647.0,cluster_12013799527_12013799528_2190601967,0,2,15
10647.0,cluster_12013799529_12013799530_473195061,6,2,21
10648.0,2496228891,1,2,15
10648.0,cluster_12013799525_12013799526_2496228894,1,2,15
10648.0,cluster_12013799527_12013799528_2190601967,1,2,15
10648.0,cluster_12013799529_12013799530_473195061,7,2,23
10649.0,2496228891,1,2,15
10649.0,cluster_12013799525_12013799526_2496228894,1,2,15
10649.0,cluster_12013799527_12013799528_2190601967,1,2,15
10649.0,cluster_12013799529_12013799530_473195061,7,2,21
10650.0,2496228891,1,2,15
10650.0,cluster_12013799525_12013799526_2496228894,1,2,15
10650.0,cluster_12013799527_12013799528_2190601967,1,2,15
10650.0,cluster_12013799529_12013799530_473195061,6,2,21
10651.0,2496228891,1,2,15
10651.0,cluster_12013799525_12013799526_2496228894,1,2,15
10651.0,cluster_12013799529_12013799530_473195061,6,2,21
10652.0,2496228891,2,2,15
10652.0,cluster_12013799525_12013799526_2496228894,2,2,15
10652.0,cluster_12013799529_12013799530_473195061,7,2,23
10653.0,2496228891,2,2,15
10653.0,cluster_12013799525_12013799526_2496228894,2,2,15
10653.0,cluster_12013799529_12013799530_473195061,6,2,21
10654.0,cluster_12013799525_12013799526_2496228894,2,2,15
10654.0,cluster_12013799527_12013799528_2190601967,2,0,15
10654.0,cluster_12013799529_12013799530_473195061,5,2,21
10655.0,cluster_12013799525_12013799526_2496228894,2,2,15
10655.0,cluster_12013799527_12013799528_2190601967,2,0,15
10655.0,cluster_12013799529_12013799530_473195061,4,2,21
10656.0,cluster_12013799525_12013799526_2496228894,2,2,15
10656.0,cluster_12013799527_12013799528_2190601967,3,0,15
10656.0,cluster_12013799529_12013799530_473195061,5,2,21
10657.0,2496228891,6,0,21
10657.0,cluster_12013799527_12013799528_2190601967,3,0,15
10657.0,cluster_12013799529_12013799530_473195061,5,2,21
10658.0,2496228891,5,0,21
10658.0,cluster_12013799527_12013799528_2190601967,3,0,15
10658.0,cluster_12013799529_12013799530_473195061,4,2,21
10659.0,2496228891,6,0,23
10659.0,cluster_12013799527_12013799528_2190601967,3,0,15
10659.0,cluster_12013799529_12013799530_473195061,4,2,21
10660.0,2496228891,9,0,25
10660.0,cluster_12013799525_12013799526_2496228894,3,0,15
10660.0,cluster_12013799527_12013799528_2190601967,4,0,23
10660.0,cluster_12013799529_12013799530_473195061,4,2,21
10661.0,2496228891,7,0,21
10661.0,cluster_12013799525_12013799526_2496228894,3,0,15
10661.0,cluster_12013799527_12013799528_2190601967,4,0,21
10661.0,cluster_12013799529_12013799530_473195061,4,2,21
10662.0,2496228891,8,0,24
10662.0,cluster_12013799525_12013799526_2496228894,3,0,15
10662.0,cluster_12013799527_12013799528_2190601967,4,0,21
10662.0,cluster_12013799529_12013799530_473195061,4,2,21
10663.0,2496228891,7,0,21
10663.0,cluster_12013799525_12013799526_2496228894,3,0,15
10663.0,cluster_12013799527_12013799528_2190601967,4,0,21
10663.0,cluster_12013799529_12013799530_473195061,4,2,21
10664.0,2496228891,8,0,24
10664.0,cluster_12013799525_12013799526_2496228894,2,0,15
10664.0,cluster_12013799527_12013799528_2190601967,5,0,23
10664.0,cluster_12013799529_12013799530_473195061,5,2,21
10665.0,2496228891,6,0,23
10665.0,cluster_12013799525_12013799526_2496228894,2,0,15
10665.0,cluster_12013799527_12013799528_2190601967,4,0,21
10665.0,cluster_12013799529_12013799530_473195061,4,2,21
10666.0,2496228891,7,0,23
10666.0,cluster_12013799525_12013799526_2496228894,2,0,15
10666.0,cluster_12013799527_12013799528_2190601967,4,0,21
10666.0,cluster_12013799529_12013799530_473195061,4,2,21
10667.0,2496228891,8,0,24
10667.0,cluster_12013799525_12013799526_2496228894,1,0,15
10667.0,cluster_12013799527_12013799528_2190601967,4,0,21
10668.0,2496228891,7,0,23
10668.0,cluster_12013799525_12013799526_2496228894,1,0,15
10668.0,cluster_12013799527_12013799528_2190601967,5,0,23
10669.0,2496228891,7,0,21
10669.0,cluster_12013799525_12013799526_2496228894,1,0,15
10669.0,cluster_12013799527_12013799528_2190601967,4,0,21
10670.0,2496228891,7,0,21
10670.0,cluster_12013799525_12013799526_2496228894,0,0,15
10670.0,cluster_12013799529_12013799530_473195061,5,0,21
10671.0,2496228891,6,0,23
10671.0,cluster_12013799525_12013799526_2496228894,0,0,15
10671.0,cluster_12013799529_12013799530_473195061,4,0,21
10672.0,2496228891,5,0,21
10672.0,cluster_12013799525_12013799526_2496228894,0,0,15
10672.0,cluster_12013799529_12013799530_473195061,4,0,21
10673.0,2496228891,5,0,23
10673.0,cluster_12013799525_12013799526_2496228894,0,0,15
10673.0,cluster_12013799527_12013799528_2190601967,3,2,15
10673.0,cluster_12013799529_12013799530_473195061,4,0,21
10674.0,2496228891,3,0,15
10674.0,cluster_12013799525_12013799526_2496228894,0,0,15
10674.0,cluster_12013799527_12013799528_2190601967,4,2,23
10674.0,cluster_12013799529_12013799530_473195061,3,0,15
10675.0,2496228891,5,0,23
10675.0,cluster_12013799525_12013799526_2496228894,0,0,15
10675.0,cluster_12013799527_12013799528_2190601967,3,2,15
10675.0,cluster_12013799529_12013799530_473195061,3,0,15
10676.0,2496228891,5,0,21
10676.0,cluster_12013799527_12013799528_2190601967,4,2,23
10676.0,cluster_12013799529_12013799530_473195061,3,0,15
10677.0,2496228891,6,0,23
10677.0,cluster_12013799527_12013799528_2190601967,3,2,15
10677.0,cluster_12013799529_12013799530_473195061,2,0,15
10678.0,2496228891,6,0,21
10678.0,cluster_12013799527_12013799528_2190601967,2,2,15
10678.0,cluster_12013799529_12013799530_473195061,2,0,15
10679.0,cluster_12013799525_12013799526_2496228894,7,2,21
10679.0,cluster_12013799527_12013799528_2190601967,2,2,15
10679.0,cluster_12013799529_12013799530_473195061,1,0,15
10680.0,cluster_12013799525_12013799526_2496228894,6,2,21
10680.0,cluster_12013799527_12013799528_2190601967,2,2,15
10680.0,cluster_12013799529_12013799530_473195061,1,0,15
10681.0,cluster_12013799525_12013799526_2496228894,6,2,21
10681.0,cluster_12013799527_12013799528_2190601967,1,2,15
10681.0,cluster_12013799529_12013799530_473195061,1,0,15
10682.0,2496228891,3,2,15
10682.0,cluster_12013799525_12013799526_2496228894,6,2,21
10682.0,cluster_12013799527_12013799528_2190601967,1,2,15
10682.0,cluster_12013799529_12013799530_473195061,0,0,15
10683.0,2496228891,2,2,15
10683.0,cluster_12013799525_12013799526_2496228894,4,2,21
10683.0,cluster_12013799527_12013799528_2190601967,0,2,15
10683.0,cluster_12013799529_12013799530_473195061,0,0,15
10684.0,2496228891,2,2,15
10684.0,cluster_12013799525_12013799526_2496228894,4,2,23
10684.0,cluster_12013799527_12013799528_2190601967,1,2,15
10684.0,cluster_12013799529_12013799530_473195061,0,0,15
10685.0,2496228891,2,2,15
10685.0,cluster_12013799525_12013799526_2496228894,4,2,21
10685.0,cluster_12013799527_12013799528_2190601967,1,2,15
10685.0,cluster_12013799529_12013799530_473195061,0,0,15
10686.0,2496228891,1,2,15
10686.0,cluster_12013799525_12013799526_2496228894,3,2,15
10686.0,cluster_12013799527_12013799528_2190601967,1,2,15
10686.0,cluster_12013799529_12013799530_473195061,0,0,15
10687.0,2496228891,1,2,15
10687.0,cluster_12013799525_12013799526_2496228894,2,2,15
10687.0,cluster_12013799527_12013799528_2190601967,1,2,15
10687.0,cluster_12013799529_12013799530_473195061,0,0,15
10688.0,2496228891,1,2,15
10688.0,cluster_12013799525_12013799526_2496228894,2,2,15
10688.0,cluster_12013799527_12013799528_2190601967,1,2,15
10688.0,cluster_12013799529_12013799530_473195061,0,0,15
10689.0,2496228891,0,2,15
10689.0,cluster_12013799525_12013799526_2496228894,2,2,15
10689.0,cluster_12013799529_12013799530_473195061,0,0,15
10690.0,2496228891,0,2,15
10690.0,cluster_12013799525_12013799526_2496228894,2,2,15
10690.0,cluster_12013799529_12013799530_473195061,0,0,15
10691.0,2496228891,0,2,15
10691.0,cluster_12013799525_12013799526_2496228894,3,2,15
10691.0,cluster_12013799529_12013799530_473195061,0,0,15
10692.0,2496228891,0,2,15
10692.0,cluster_12013799525_12013799526_2496228894,3,2,15
10692.0,cluster_12013799527_12013799528_2190601967,5,0,21
10693.0,2496228891,0,2,15
10693.0,cluster_12013799525_12013799526_2496228894,3,2,15
10693.0,cluster_12013799527_12013799528_2190601967,4,0,21
10694.0,2496228891,0,2,15
10694.0,cluster_12013799525_12013799526_2496228894,3,2,15
10694.0,cluster_12013799527_12013799528_2190601967,4,0,21
10695.0,2496228891,0,2,15
10695.0,cluster_12013799525_12013799526_2496228894,3,2,15
10695.0,cluster_12013799527_12013799528_2190601967,4,0,21
10695.0,cluster_12013799529_12013799530_473195061,8,2,21
10696.0,2496228891,0,2,15
10696.0,cluster_12013799525_12013799526_2496228894,3,2,15
10696.0,cluster_12013799527_12013799528_2190601967,4,0,21
10696.0,cluster_12013799529_12013799530_473195061,6,2,21
10697.0,2496228891,0,2,15
10697.0,cluster_12013799525_12013799526_2496228894,2,2,15
10697.0,cluster_12013799527_12013799528_2190601967,3,0,15
10697.0,cluster_12013799529_12013799530_473195061,5,2,21
10698.0,cluster_12013799525_12013799526_2496228894,2,2,15
10698.0,cluster_12013799527_12013799528_2190601967,3,0,15
10698.0,cluster_12013799529_12013799530_473195061,6,2,23
10699.0,cluster_12013799525_12013799526_2496228894,1,2,15
10699.0,cluster_12013799527_12013799528_2190601967,2,0,15
10699.0,cluster_12013799529_12013799530_473195061,4,2,21
10700.0,cluster_12013799525_12013799526_2496228894,1,2,15
10700.0,cluster_12013799527_12013799528_2190601967,2,0,15
10700.0,cluster_12013799529_12013799530_473195061,5,2,23
10701.0,2496228891,4,0,21
10701.0,cluster_12013799527_12013799528_2190601967,2,0,15
10701.0,cluster_12013799529_12013799530_473195061,5,2,21
10702.0,2496228891,4,0,23
10702.0,cluster_12013799527_12013799528_2190601967,1,0,15
10702.0,cluster_12013799529_12013799530_473195061,4,2,21
10703.0,2496228891,4,0,23
10703.0,cluster_12013799527_12013799528_2190601967,1,0,15
10703.0,cluster_12013799529_12013799530_473195061,4,2,21
10704.0,2496228891,4,0,21
10704.0,cluster_12013799525_12013799526_2496228894,0,0,15
10704.0,cluster_12013799527_12013799528_2190601967,0,0,15
10704.0,cluster_12013799529_12013799530_473195061,4,2,23
10705.0,2496228891,4,0,21
10705.0,cluster_12013799525_12013799526_2496228894,0,0,15
10705.0,cluster_12013799527_12013799528_2190601967,0,0,15
10705.0,cluster_12013799529_12013799530_473195061,4,2,21
10706.0,2496228891,1,0,15
10706.0,cluster_12013799525_12013799526_2496228894,0,0,15
10706.0,cluster_12013799527_12013799528_2190601967,0,0,15
10706.0,cluster_12013799529_12013799530_473195061,5,2,23
10707.0,2496228891,1,0,15
10707.0,cluster_12013799525_12013799526_2496228894,0,0,15
10707.0,cluster_12013799527_12013799528_2190601967,0,0,15
10707.0,cluster_12013799529_12013799530_473195061,5,2,21
10708.0,2496228891,2,0,15
10708.0,cluster_12013799525_12013799526_2496228894,0,0,15
10708.0,cluster_12013799527_12013799528_2190601967,0,0,15
10708.0,cluster_12013799529_12013799530_473195061,4,2,21
10709.0,2496228891,3,0,15
10709.0,cluster_12013799525_12013799526_2496228894,0,0,15
10709.0,cluster_12013799527_12013799528_2190601967,0,0,15
10709.0,cluster_12013799529_12013799530_473195061,4,2,21
10710.0,2496228891,4,0,23
10710.0,cluster_12013799525_12013799526_2496228894,0,0,15
10710.0,cluster_12013799527_12013799528_2190601967,0,0,15
10710.0,cluster_12013799529_12013799530_473195061,4,2,21
10711.0,2496228891,4,0,21
10711.0,cluster_12013799525_12013799526_2496228894,0,0,15
10711.0,cluster_12013799527_12013799528_2190601967,0,0,15
10711.0,cluster_12013799529_12013799530_473195061,4,2,21
10712.0,2496228891,4,0,23
10712.0,cluster_12013799525_12013799526_2496228894,0,0,15
10712.0,cluster_12013799527_12013799528_2190601967,0,0,15
10712.0,cluster_12013799529_12013799530_473195061,3,2,15
10713.0,2496228891,3,0,15
10713.0,cluster_12013799525_12013799526_2496228894,0,0,15
10713.0,cluster_12013799527_12013799528_2190601967,0,0,15
10713.0,cluster_12013799529_12013799530_473195061,2,2,15
10714.0,2496228891,1,0,15
10714.0,cluster_12013799525_12013799526_2496228894,0,0,15
10714.0,cluster_12013799529_12013799530_473195061,1,2,15
10715.0,2496228891,2,0,15
10715.0,cluster_12013799525_12013799526_2496228894,0,0,15
10715.0,cluster_12013799529_12013799530_473195061,1,2,15
10716.0,2496228891,1,0,15
10716.0,cluster_12013799525_12013799526_2496228894,0,0,15
10716.0,cluster_12013799529_12013799530_473195061,0,2,15
10717.0,2496228891,1,0,15
10717.0,cluster_12013799525_12013799526_2496228894,0,0,15
10717.0,cluster_12013799527_12013799528_2190601967,1,2,15
10718.0,2496228891,1,0,15
10718.0,cluster_12013799525_12013799526_2496228894,0,0,15
10718.0,cluster_12013799527_12013799528_2190601967,1,2,15
10719.0,2496228891,1,0,15
10719.0,cluster_12013799525_12013799526_2496228894,0,0,15
10719.0,cluster_12013799527_12013799528_2190601967,1,2,15
10720.0,2496228891,1,0,15
10720.0,cluster_12013799527_12013799528_2190601967,1,2,15
10720.0,cluster_12013799529_12013799530_473195061,0,0,15
10721.0,2496228891,1,0,15
10721.0,cluster_12013799527_12013799528_2190601967,0,2,15
10721.0,cluster_12013799529_12013799530_473195061,0,0,15
10722.0,2496228891,2,0,15
10722.0,cluster_12013799527_12013799528_2190601967,0,2,15
10722.0,cluster_12013799529_12013799530_473195061,0,0,15
10723.0,cluster_12013799525_12013799526_2496228894,3,2,15
10723.0,cluster_12013799527_12013799528_2190601967,0,2,15
10723.0,cluster_12013799529_12013799530_473195061,0,0,15
10724.0,cluster_12013799525_12013799526_2496228894,2,2,15
10724.0,cluster_12013799527_12013799528_2190601967,0,2,15
10724.0,cluster_12013799529_12013799530_473195061,0,0,15
10725.0,cluster_12013799525_12013799526_2496228894,3,2,15
10725.0,cluster_12013799527_12013799528_2190601967,1,2,15
10725.0,cluster_12013799529_12013799530_473195061,1,0,15
10726.0,2496228891,1,2,15
10726.0,cluster_12013799525_12013799526_2496228894,3,2,15
10726.0,cluster_12013799527_12013799528_2190601967,1,2,15
10726.0,cluster_12013799529_12013799530_473195061,1,0,15
10727.0,2496228891,1,2,15
10727.0,cluster_12013799525_12013799526_2496228894,2,2,15
10727.0,cluster_12013799527_12013799528_2190601967,1,2,15
10727.0,cluster_12013799529_12013799530_473195061,1,0,15
10728.0,2496228891,1,2,15
10728.0,cluster_12013799525_12013799526_2496228894,2,2,15
10728.0,cluster_12013799527_12013799528_2190601967,2,2,15
10728.0,cluster_12013799529_12013799530_473195061,1,0,15
10729.0,2496228891,2,2,15
10729.0,cluster_12013799525_12013799526_2496228894,3,2,15
10729.0,cluster_12013799527_12013799528_2190601967,3,2,15
10729.0,cluster_12013799529_12013799530_473195061,2,0,15
10730.0,2496228891,2,2,15
10730.0,cluster_12013799525_12013799526_2496228894,2,2,15
10730.0,cluster_12013799527_12013799528_2190601967,4,2,23
10730.0,cluster_12013799529_12013799530_473195061,2,0,15
10731.0,2496228891,2,2,15
10731.0,cluster_12013799525_12013799526_2496228894,2,2,15
10731.0,cluster_12013799527_12013799528_2190601967,4,2,21
10731.0,cluster_12013799529_12013799530_473195061,2,0,15
10732.0,2496228891,2,2,15
10732.0,cluster_12013799525_12013799526_2496228894,2,2,15
10732.0,cluster_12013799527_12013799528_2190601967,4,2,21
10732.0,cluster_12013799529_12013799530_473195061,2,0,15
10733.0,2496228891,2,2,15
10733.0,cluster_12013799525_12013799526_2496228894,2,2,15
10733.0,cluster_12013799529_12013799530_473195061,3,0,15
10734.0,2496228891,3,2,15
10734.0,cluster_12013799525_12013799526_2496228894,3,2,15
10734.0,cluster_12013799529_12013799530_473195061,3,0,15
10735.0,2496228891,3,2,15
10735.0,cluster_12013799525_12013799526_2496228894,3,2,15
10735.0,cluster_12013799529_12013799530_473195061,3,0,15
10736.0,2496228891,3,2,15
10736.0,cluster_12013799525_12013799526_2496228894,3,2,15
10736.0,cluster_12013799527_12013799528_2190601967,3,0,15
10737.0,2496228891,2,2,15
10737.0,cluster_12013799525_12013799526_2496228894,2,2,15
10737.0,cluster_12013799527_12013799528_2190601967,4,0,23
10738.0,2496228891,3,2,15
10738.0,cluster_12013799525_12013799526_2496228894,3,2,15
10738.0,cluster_12013799527_12013799528_2190601967,4,0,21
10739.0,2496228891,3,2,15
10739.0,cluster_12013799527_12013799528_2190601967,4,0,21
10739.0,cluster_12013799529_12013799530_473195061,4,2,21
10740.0,2496228891,3,2,15
10740.0,cluster_12013799527_12013799528_2190601967,4,0,21
10740.0,cluster_12013799529_12013799530_473195061,4,2,21
10741.0,2496228891,2,2,15
10741.0,cluster_12013799527_12013799528_2190601967,5,0,23
10741.0,cluster_12013799529_12013799530_473195061,5,2,21
10742.0,cluster_12013799525_12013799526_2496228894,4,0,21
10742.0,cluster_12013799527_12013799528_2190601967,4,0,21
10742.0,cluster_12013799529_12013799530_473195061,4,2,21
10743.0,cluster_12013799525_12013799526_2496228894,3,0,15
10743.0,cluster_12013799527_12013799528_2190601967,4,0,21
10743.0,cluster_12013799529_12013799530_473195061,4,2,21
10744.0,cluster_12013799525_12013799526_2496228894,3,0,15
10744.0,cluster_12013799527_12013799528_2190601967,4,0,21
10744.0,cluster_12013799529_12013799530_473195061,4,2,21
10745.0,2496228891,7,0,21
10745.0,cluster_12013799525_12013799526_2496228894,3,0,15
10745.0,cluster_12013799527_12013799528_2190601967,5,0,23
10745.0,cluster_12013799529_12013799530_473195061,5,2,21
10746.0,2496228891,6,0,21
10746.0,cluster_12013799525_12013799526_2496228894,3,0,15
10746.0,cluster_12013799527_12013799528_2190601967,4,0,21
10746.0,cluster_12013799529_12013799530_473195061,4,2,21
10747.0,2496228891,5,0,21
10747.0,cluster_12013799525_12013799526_2496228894,2,0,15
10747.0,cluster_12013799527_12013799528_2190601967,4,0,21
10747.0,cluster_12013799529_12013799530_473195061,4,2,21
10748.0,2496228891,6,0,23
10748.0,cluster_12013799525_12013799526_2496228894,2,0,15
10748.0,cluster_12013799527_12013799528_2190601967,4,0,21
10748.0,cluster_12013799529_12013799530_473195061,5,2,23
10749.0,2496228891,6,0,21
10749.0,cluster_12013799525_12013799526_2496228894,1,0,15
10749.0,cluster_12013799527_12013799528_2190601967,4,0,21
10749.0,cluster_12013799529_12013799530_473195061,5,2,21
10750.0,2496228891,5,0,21
10750.0,cluster_12013799525_12013799526_2496228894,1,0,15
10750.0,cluster_12013799527_12013799528_2190601967,4,0,21
10750.0,cluster_12013799529_12013799530_473195061,5,2,21
10751.0,2496228891,5,0,21
10751.0,cluster_12013799525_12013799526_2496228894,1,0,15
10751.0,cluster_12013799527_12013799528_2190601967,4,0,21
10751.0,cluster_12013799529_12013799530_473195061,6,2,23
10752.0,2496228891,5,0,21
10752.0,cluster_12013799525_12013799526_2496228894,0,0,15
10752.0,cluster_12013799529_12013799530_473195061,6,2,21
10753.0,2496228891,5,0,21
10753.0,cluster_12013799525_12013799526_2496228894,0,0,15
10753.0,cluster_12013799529_12013799530_473195061,6,2,21
10754.0,2496228891,5,0,21
10754.0,cluster_12013799525_12013799526_2496228894,0,0,15
10754.0,cluster_12013799529_12013799530_473195061,6,2,21
10755.0,2496228891,5,0,21
10755.0,cluster_12013799525_12013799526_2496228894,0,0,15
10755.0,cluster_12013799527_12013799528_2190601967,6,2,21
10755.0,cluster_12013799529_12013799530_473195061,6,2,21
10756.0,2496228891,5,0,21
10756.0,cluster_12013799525_12013799526_2496228894,0,0,15
10756.0,cluster_12013799527_12013799528_2190601967,4,2,21
10756.0,cluster_12013799529_12013799530_473195061,6,2,21
10757.0,2496228891,5,0,21
10757.0,cluster_12013799525_12013799526_2496228894,0,0,15
10757.0,cluster_12013799527_12013799528_2190601967,4,2,23
10757.0,cluster_12013799529_12013799530_473195061,5,2,21
10758.0,2496228891,5,0,21
10758.0,cluster_12013799525_12013799526_2496228894,0,0,15
10758.0,cluster_12013799527_12013799528_2190601967,3,2,15
10758.0,cluster_12013799529_12013799530_473195061,5,2,21
10759.0,2496228891,5,0,21
10759.0,cluster_12013799525_12013799526_2496228894,0,0,15
10759.0,cluster_12013799527_12013799528_2190601967,4,2,23
10759.0,cluster_12013799529_12013799530_473195061,4,2,21
10760.0,2496228891,7,0,23
10760.0,cluster_12013799525_12013799526_2496228894,0,0,15
10760.0,cluster_12013799527_12013799528_2190601967,3,2,15
10760.0,cluster_12013799529_12013799530_473195061,5,2,23
10761.0,2496228891,7,0,21
10761.0,cluster_12013799525_12013799526_2496228894,0,0,15
10761.0,cluster_12013799527_12013799528_2190601967,2,2,15
10762.0,2496228891,7,0,21
10762.0,cluster_12013799525_12013799526_2496228894,0,0,15
10762.0,cluster_12013799527_12013799528_2190601967,3,2,15
10763.0,2496228891,7,0,21
10763.0,cluster_12013799525_12013799526_2496228894,0,0,15
10763.0,cluster_12013799527_12013799528_2190601967,2,2,15
10764.0,2496228891,5,0,21
10764.0,cluster_12013799527_12013799528_2190601967,1,2,15
10764.0,cluster_12013799529_12013799530_473195061,5,0,21
10765.0,2496228891,5,0,23
10765.0,cluster_12013799527_12013799528_2190601967,1,2,15
10765.0,cluster_12013799529_12013799530_473195061,4,0,21
10766.0,2496228891,5,0,21
10766.0,cluster_12013799527_12013799528_2190601967,1,2,15
10766.0,cluster_12013799529_12013799530_473195061,4,0,21
10767.0,cluster_12013799525_12013799526_2496228894,4,2,21
10767.0,cluster_12013799527_12013799528_2190601967,0,2,15
10767.0,cluster_12013799529_12013799530_473195061,4,0,21
10768.0,cluster_12013799525_12013799526_2496228894,2,2,15
10768.0,cluster_12013799527_12013799528_2190601967,0,2,15
10768.0,cluster_12013799529_12013799530_473195061,4,0,21
10769.0,cluster_12013799525_12013799526_2496228894,2,2,15
10769.0,cluster_12013799527_12013799528_2190601967,0,2,15
10769.0,cluster_12013799529_12013799530_473195061,3,0,15
10770.0,2496228891,2,2,15
10770.0,cluster_12013799525_12013799526_2496228894,2,2,15
10770.0,cluster_12013799527_12013799528_2190601967,0,2,15
10770.0,cluster_12013799529_12013799530_473195061,3,0,15
10771.0,2496228891,1,2,15
10771.0,cluster_12013799525_12013799526_2496228894,1,2,15
10771.0,cluster_12013799527_12013799528_2190601967,0,2,15
10771.0,cluster_12013799529_12013799530_473195061,3,0,15
10772.0,2496228891,1,2,15
10772.0,cluster_12013799525_12013799526_2496228894,1,2,15
10772.0,cluster_12013799527_12013799528_2190601967,0,2,15
10772.0,cluster_12013799529_12013799530_473195061,2,0,15
10773.0,2496228891,1,2,15
10773.0,cluster_12013799525_12013799526_2496228894,1,2,15
10773.0,cluster_12013799527_12013799528_2190601967,0,2,15
10773.0,cluster_12013799529_12013799530_473195061,2,0,15
10774.0,2496228891,0,2,15
10774.0,cluster_12013799525_12013799526_2496228894,0,2,15
10774.0,cluster_12013799527_12013799528_2190601967,0,2,15
10774.0,cluster_12013799529_12013799530_473195061,1,0,15
10775.0,2496228891,0,2,15
10775.0,cluster_12013799525_12013799526_2496228894,1,2,15
10775.0,cluster_12013799527_12013799528_2190601967,0,2,15
10775.0,cluster_12013799529_12013799530_473195061,1,0,15
10776.0,2496228891,0,2,15
10776.0,cluster_12013799525_12013799526_2496228894,1,2,15
10776.0,cluster_12013799527_12013799528_2190601967,0,2,15
10776.0,cluster_12013799529_12013799530_473195061,0,0,15
10777.0,2496228891,0,2,15
10777.0,cluster_12013799525_12013799526_2496228894,2,2,15
10777.0,cluster_12013799529_12013799530_473195061,0,0,15
10778.0,2496228891,0,2,15
10778.0,cluster_12013799525_12013799526_2496228894,2,2,15
10778.0,cluster_12013799529_12013799530_473195061,0,0,15
10779.0,2496228891,0,2,15
10779.0,cluster_12013799525_12013799526_2496228894,2,2,15
10779.0,cluster_12013799529_12013799530_473195061,0,0,15
10780.0,2496228891,0,2,15
10780.0,cluster_12013799525_12013799526_2496228894,2,2,15
10780.0,cluster_12013799527_12013799528_2190601967,4,0,21
10780.0,cluster_12013799529_12013799530_473195061,0,0,15
10781.0,2496228891,0,2,15
10781.0,cluster_12013799525_12013799526_2496228894,2,2,15
10781.0,cluster_12013799527_12013799528_2190601967,3,0,15
10781.0,cluster_12013799529_12013799530_473195061,0,0,15
10782.0,2496228891,0,2,15
10782.0,cluster_12013799525_12013799526_2496228894,2,2,15
10782.0,cluster_12013799527_12013799528_2190601967,3,0,15
10782.0,cluster_12013799529_12013799530_473195061,0,0,15
10783.0,2496228891,0,2,15
10783.0,cluster_12013799525_12013799526_2496228894,2,2,15
10783.0,cluster_12013799527_12013799528_2190601967,3,0,15
10783.0,cluster_12013799529_12013799530_473195061,0,0,15
10784.0,2496228891,0,2,15
10784.0,cluster_12013799525_12013799526_2496228894,2,2,15
10784.0,cluster_12013799527_12013799528_2190601967,2,0,15
10784.0,cluster_12013799529_12013799530_473195061,0,0,15
10785.0,2496228891,0,2,15
10785.0,cluster_12013799525_12013799526_2496228894,2,2,15
10785.0,cluster_12013799527_12013799528_2190601967,2,0,15
10785.0,cluster_12013799529_12013799530_473195061,0,0,15
10786.0,cluster_12013799525_12013799526_2496228894,2,2,15
10786.0,cluster_12013799527_12013799528_2190601967,2,0,15
10787.0,cluster_12013799525_12013799526_2496228894,1,2,15
10787.0,cluster_12013799527_12013799528_2190601967,1,0,15
10788.0,cluster_12013799525_12013799526_2496228894,1,2,15
10788.0,cluster_12013799527_12013799528_2190601967,1,0,15
10789.0,2496228891,4,0,21
10789.0,cluster_12013799527_12013799528_2190601967,1,0,15
10789.0,cluster_12013799529_12013799530_473195061,6,2,21
10790.0,2496228891,3,0,15
10790.0,cluster_12013799527_12013799528_2190601967,0,0,15
10790.0,cluster_12013799529_12013799530_473195061,5,2,23
10791.0,2496228891,3,0,15
10791.0,cluster_12013799527_12013799528_2190601967,0,0,15
10791.0,cluster_12013799529_12013799530_473195061,5,2,21
10792.0,2496228891,2,0,15
10792.0,cluster_12013799525_12013799526_2496228894,0,0,15
10792.0,cluster_12013799527_12013799528_2190601967,0,0,15
10792.0,cluster_12013799529_12013799530_473195061,5,2,21
10793.0,2496228891,0,0,15
10793.0,cluster_12013799525_12013799526_2496228894,0,0,15
10793.0,cluster_12013799527_12013799528_2190601967,0,0,15
10793.0,cluster_12013799529_12013799530_473195061,6,2,23
10794.0,2496228891,1,0,15
10794.0,cluster_12013799525_12013799526_2496228894,0,0,15
10794.0,cluster_12013799527_12013799528_2190601967,0,0,15
10794.0,cluster_12013799529_12013799530_473195061,5,2,21
10795.0,2496228891,0,0,15
10795.0,cluster_12013799525_12013799526_2496228894,0,0,15
10795.0,cluster_12013799527_12013799528_2190601967,0,0,15
10795.0,cluster_12013799529_12013799530_473195061,5,2,21
10796.0,2496228891,0,0,15
10796.0,cluster_12013799525_12013799526_2496228894,0,0,15
10796.0,cluster_12013799527_12013799528_2190601967,0,0,15
10796.0,cluster_12013799529_12013799530_473195061,5,2,21
10797.0,2496228891,2,0,15
10797.0,cluster_12013799525_12013799526_2496228894,0,0,15
10797.0,cluster_12013799527_12013799528_2190601967,0,0,15
10797.0,cluster_12013799529_12013799530_473195061,4,2,21
10798.0,2496228891,2,0,15
10798.0,cluster_12013799525_12013799526_2496228894,0,0,15
10798.0,cluster_12013799527_12013799528_2190601967,0,0,15
10798.0,cluster_12013799529_12013799530_473195061,4,2,21
10799.0,2496228891,2,0,15
10799.0,cluster_12013799525_12013799526_2496228894,0,0,15
10799.0,cluster_12013799527_12013799528_2190601967,0,0,15
10799.0,cluster_12013799529_12013799530_473195061,3,2,15
10800.0,2496228891,2,0,15
10800.0,cluster_12013799525_12013799526_2496228894,0,0,15
10800.0,cluster_12013799527_12013799528_2190601967,0,0,15
10800.0,cluster_12013799529_12013799530_473195061,3,2,15
10801.0,2496228891,1,0,15
10801.0,cluster_12013799525_12013799526_2496228894,1,0,15
10801.0,cluster_12013799527_12013799528_2190601967,1,0,15
10801.0,cluster_12013799529_12013799530_473195061,2,2,15
10802.0,2496228891,1,0,15
10802.0,cluster_12013799525_12013799526_2496228894,1,0,15
10802.0,cluster_12013799529_12013799530_473195061,2,2,15
10803.0,2496228891,2,0,15
10803.0,cluster_12013799525_12013799526_2496228894,1,0,15
10803.0,cluster_12013799529_12013799530_473195061,2,2,15
10804.0,2496228891,2,0,15
10804.0,cluster_12013799525_12013799526_2496228894,1,0,15
10804.0,cluster_12013799529_12013799530_473195061,1,2,15
10805.0,2496228891,4,0,23
10805.0,cluster_12013799525_12013799526_2496228894,2,0,15
10805.0,cluster_12013799527_12013799528_2190601967,2,2,15
10805.0,cluster_12013799529_12013799530_473195061,2,2,15
10806.0,2496228891,4,0,21
10806.0,cluster_12013799525_12013799526_2496228894,2,0,15
10806.0,cluster_12013799527_12013799528_2190601967,2,2,15
10806.0,cluster_12013799529_12013799530_473195061,2,2,15
10807.0,2496228891,4,0,23
10807.0,cluster_12013799525_12013799526_2496228894,2,0,15
10807.0,cluster_12013799527_12013799528_2190601967,2,2,15
10807.0,cluster_12013799529_12013799530_473195061,2,2,15
10808.0,2496228891,4,0,21
10808.0,cluster_12013799527_12013799528_2190601967,2,2,15
10808.0,cluster_12013799529_12013799530_473195061,2,2,15
10809.0,2496228891,6,0,23
10809.0,cluster_12013799527_12013799528_2190601967,3,2,15
10809.0,cluster_12013799529_12013799530_473195061,3,2,15
10810.0,2496228891,6,0,21
10810.0,cluster_12013799527_12013799528_2190601967,3,2,15
10810.0,cluster_12013799529_12013799530_473195061,4,2,23
10811.0,cluster_12013799525_12013799526_2496228894,3,2,15
10811.0,cluster_12013799527_12013799528_2190601967,3,2,15
10812.0,cluster_12013799525_12013799526_2496228894,3,2,15
10812.0,cluster_12013799527_12013799528_2190601967,3,2,15
10813.0,cluster_12013799525_12013799526_2496228894,2,2,15
10813.0,cluster_12013799527_12013799528_2190601967,4,2,23
10814.0,2496228891,3,2,15
10814.0,cluster_12013799525_12013799526_2496228894,3,2,15
10814.0,cluster_12013799527_12013799528_2190601967,4,2,21
10814.0,cluster_12013799529_12013799530_473195061,4,0,21
10815.0,2496228891,3,2,15
10815.0,cluster_12013799525_12013799526_2496228894,3,2,15
10815.0,cluster_12013799527_12013799528_2190601967,4,2,21
10815.0,cluster_12013799529_12013799530_473195061,4,0,21
10816.0,2496228891,3,2,15
10816.0,cluster_12013799525_12013799526_2496228894,3,2,15
10816.0,cluster_12013799527_12013799528_2190601967,5,2,23
10816.0,cluster_12013799529_12013799530_473195061,4,0,21
10817.0,2496228891,2,2,15
10817.0,cluster_12013799525_12013799526_2496228894,2,2,15
10817.0,cluster_12013799527_12013799528_2190601967,5,2,23
10817.0,cluster_12013799529_12013799530_473195061,5,0,23
10818.0,2496228891,2,2,15
10818.0,cluster_12013799525_12013799526_2496228894,2,2,15
10818.0,cluster_12013799527_12013799528_2190601967,5,2,21
10818.0,cluster_12013799529_12013799530_473195061,5,0,21
10819.0,2496228891,2,2,15
10819.0,cluster_12013799525_12013799526_2496228894,3,2,15
10819.0,cluster_12013799527_12013799528_2190601967,5,2,21
10819.0,cluster_12013799529_12013799530_473195061,5,0,21
10820.0,2496228891,2,2,15
10820.0,cluster_12013799525_12013799526_2496228894,3,2,15
10820.0,cluster_12013799527_12013799528_2190601967,5,2,21
10820.0,cluster_12013799529_12013799530_473195061,4,0,21
10821.0,2496228891,2,2,15
10821.0,cluster_12013799525_12013799526_2496228894,3,2,15
10821.0,cluster_12013799529_12013799530_473195061,4,0,21
10822.0,2496228891,1,2,15
10822.0,cluster_12013799525_12013799526_2496228894,2,2,15
10822.0,cluster_12013799529_12013799530_473195061,3,0,15
10823.0,2496228891,1,2,15
10823.0,cluster_12013799525_12013799526_2496228894,2,2,15
10823.0,cluster_12013799529_12013799530_473195061,3,0,15
10824.0,2496228891,1,2,15
10824.0,cluster_12013799525_12013799526_2496228894,3,2,15
10824.0,cluster_12013799527_12013799528_2190601967,6,0,21
10824.0,cluster_12013799529_12013799530_473195061,3,0,15
10825.0,2496228891,1,2,15
10825.0,cluster_12013799525_12013799526_2496228894,3,2,15
10825.0,cluster_12013799527_12013799528_2190601967,6,0,21
10825.0,cluster_12013799529_12013799530_473195061,3,0,15
10826.0,2496228891,0,2,15
10826.0,cluster_12013799525_12013799526_2496228894,2,2,15
10826.0,cluster_12013799527_12013799528_2190601967,6,0,21
10826.0,cluster_12013799529_12013799530_473195061,3,0,15
10827.0,2496228891,0,2,15
10827.0,cluster_12013799527_12013799528_2190601967,6,0,21
10827.0,cluster_12013799529_12013799530_473195061,3,0,15
10828.0,2496228891,0,2,15
10828.0,cluster_12013799527_12013799528_2190601967,6,0,21
10828.0,cluster_12013799529_12013799530_473195061,3,0,15
10829.0,2496228891,0,2,15
10829.0,cluster_12013799527_12013799528_2190601967,5,0,21
10829.0,cluster_12013799529_12013799530_473195061,2,0,15
10830.0,cluster_12013799525_12013799526_2496228894,4,0,21
10830.0,cluster_12013799527_12013799528_2190601967,5,0,21
10830.0,cluster_12013799529_12013799530_473195061,2,0,15
10831.0,cluster_12013799525_12013799526_2496228894,3,0,15
10831.0,cluster_12013799527_12013799528_2190601967,5,0,21
10831.0,cluster_12013799529_12013799530_473195061,2,0,15
10832.0,cluster_12013799525_12013799526_2496228894,3,0,15
10832.0,cluster_12013799527_12013799528_2190601967,4,0,21
10832.0,cluster_12013799529_12013799530_473195061,1,0,15
10833.0,2496228891,6,0,21
10833.0,cluster_12013799525_12013799526_2496228894,3,0,15
10833.0,cluster_12013799527_12013799528_2190601967,4,0,21
10833.0,cluster_12013799529_12013799530_473195061,1,0,15
10834.0,2496228891,4,0,21
10834.0,cluster_12013799525_12013799526_2496228894,3,0,15
10834.0,cluster_12013799527_12013799528_2190601967,3,0,15
10834.0,cluster_12013799529_12013799530_473195061,0,0,15
10835.0,2496228891,4,0,23
10835.0,cluster_12013799525_12013799526_2496228894,2,0,15
10835.0,cluster_12013799527_12013799528_2190601967,3,0,15
10835.0,cluster_12013799529_12013799530_473195061,0,0,15
10836.0,2496228891,3,0,15
10836.0,cluster_12013799525_12013799526_2496228894,2,0,15
10836.0,cluster_12013799527_12013799528_2190601967,2,0,15
10837.0,2496228891,2,0,15
10837.0,cluster_12013799525_12013799526_2496228894,2,0,15
10837.0,cluster_12013799527_12013799528_2190601967,2,0,15
10838.0,2496228891,2,0,15
10838.0,cluster_12013799525_12013799526_2496228894,1,0,15
10838.0,cluster_12013799527_12013799528_2190601967,1,0,15
10839.0,2496228891,1,0,15
10839.0,cluster_12013799525_12013799526_2496228894,1,0,15
10839.0,cluster_12013799527_12013799528_2190601967,1,0,15
10839.0,cluster_12013799529_12013799530_473195061,5,2,21
10840.0,2496228891,2,0,15
10840.0,cluster_12013799525_12013799526_2496228894,0,0,15
10840.0,cluster_12013799527_12013799528_2190601967,1,0,15
10840.0,cluster_12013799529_12013799530_473195061,6,2,23
10841.0,2496228891,2,0,15
10841.0,cluster_12013799525_12013799526_2496228894,0,0,15
10841.0,cluster_12013799527_12013799528_2190601967,1,0,15
10841.0,cluster_12013799529_12013799530_473195061,6,2,21
10842.0,2496228891,2,0,15
10842.0,cluster_12013799525_12013799526_2496228894,0,0,15
10842.0,cluster_12013799527_12013799528_2190601967,0,0,15
10842.0,cluster_12013799529_12013799530_473195061,5,2,21
10843.0,2496228891,2,0,15
10843.0,cluster_12013799525_12013799526_2496228894,0,0,15
10843.0,cluster_12013799527_12013799528_2190601967,0,0,15
10843.0,cluster_12013799529_12013799530_473195061,4,2,21
10844.0,2496228891,2,0,15
10844.0,cluster_12013799525_12013799526_2496228894,0,0,15
10844.0,cluster_12013799527_12013799528_2190601967,0,0,15
10844.0,cluster_12013799529_12013799530_473195061,3,2,15
10845.0,2496228891,3,0,15
10845.0,cluster_12013799525_12013799526_2496228894,0,0,15
10845.0,cluster_12013799527_12013799528_2190601967,0,0,15
10845.0,cluster_12013799529_12013799530_473195061,4,2,23
10846.0,2496228891,5,0,23
10846.0,cluster_12013799525_12013799526_2496228894,0,0,15
10846.0,cluster_12013799529_12013799530_473195061,3,2,15
10847.0,2496228891,5,0,23
10847.0,cluster_12013799525_12013799526_2496228894,0,0,15
10847.0,cluster_12013799529_12013799530_473195061,3,2,15
10848.0,2496228891,4,0,21
10848.0,cluster_12013799525_12013799526_2496228894,0,0,15
10848.0,cluster_12013799529_12013799530_473195061,2,2,15
10849.0,2496228891,4,0,23
10849.0,cluster_12013799525_12013799526_2496228894,0,0,15
10849.0,cluster_12013799527_12013799528_2190601967,4,2,21
10849.0,cluster_12013799529_12013799530_473195061,1,2,15
10850.0,2496228891,1,0,15
10850.0,cluster_12013799525_12013799526_2496228894,0,0,15
10850.0,cluster_12013799527_12013799528_2190601967,3,2,15
10850.0,cluster_12013799529_12013799530_473195061,1,2,15
10851.0,2496228891,0,0,15
10851.0,cluster_12013799525_12013799526_2496228894,0,0,15
10851.0,cluster_12013799527_12013799528_2190601967,3,2,15
10851.0,cluster_12013799529_12013799530_473195061,1,2,15
10852.0,2496228891,2,0,15
10852.0,cluster_12013799527_12013799528_2190601967,3,2,15
10852.0,cluster_12013799529_12013799530_473195061,2,2,15
10853.0,2496228891,2,0,15
10853.0,cluster_12013799527_12013799528_2190601967,1,2,15
10853.0,cluster_12013799529_12013799530_473195061,2,2,15
10854.0,2496228891,2,0,15
10854.0,cluster_12013799527_12013799528_2190601967,1,2,15
10854.0,cluster_12013799529_12013799530_473195061,3,2,15
10855.0,cluster_12013799525_12013799526_2496228894,8,2,21
10855.0,cluster_12013799527_12013799528_2190601967,0,2,15
10855.0,cluster_12013799529_12013799530_473195061,2,2,15
10856.0,cluster_12013799525_12013799526_2496228894,7,2,23
10856.0,cluster_12013799527_12013799528_2190601967,0,2,15
10856.0,cluster_12013799529_12013799530_473195061,3,2,15
10857.0,cluster_12013799525_12013799526_2496228894,7,2,21
10857.0,cluster_12013799527_12013799528_2190601967,0,2,15
10857.0,cluster_12013799529_12013799530_473195061,3,2,15
10858.0,2496228891,0,2,15
10858.0,cluster_12013799525_12013799526_2496228894,7,2,21
10858.0,cluster_12013799527_12013799528_2190601967,0,2,15
10858.0,cluster_12013799529_12013799530_473195061,3,2,15
10859.0,2496228891,0,2,15
10859.0,cluster_12013799525_12013799526_2496228894,6,2,21
10859.0,cluster_12013799527_12013799528_2190601967,0,2,15
10859.0,cluster_12013799529_12013799530_473195061,3,2,15
10860.0,2496228891,0,2,15
10860.0,cluster_12013799525_12013799526_2496228894,5,2,21
10860.0,cluster_12013799527_12013799528_2190601967,1,2,15
10860.0,cluster_12013799529_12013799530_473195061,3,2,15
10861.0,2496228891,0,2,15
10861.0,cluster_12013799525_12013799526_2496228894,5,2,21
10861.0,cluster_12013799527_12013799528_2190601967,1,2,15
10862.0,2496228891,0,2,15
10862.0,cluster_12013799525_12013799526_2496228894,4,2,21
10862.0,cluster_12013799527_12013799528_2190601967,1,2,15
10863.0,2496228891,0,2,15
10863.0,cluster_12013799525_12013799526_2496228894,3,2,15
10863.0,cluster_12013799527_12013799528_2190601967,2,2,15
10864.0,2496228891,0,2,15
10864.0,cluster_12013799525_12013799526_2496228894,3,2,15
10864.0,cluster_12013799527_12013799528_2190601967,2,2,15
10864.0,cluster_12013799529_12013799530_473195061,0,0,15
10865.0,2496228891,0,2,15
10865.0,cluster_12013799525_12013799526_2496228894,2,2,15
10865.0,cluster_12013799527_12013799528_2190601967,2,2,15
10865.0,cluster_12013799529_12013799530_473195061,0,0,15
10866.0,2496228891,0,2,15
10866.0,cluster_12013799525_12013799526_2496228894,2,2,15
10866.0,cluster_12013799527_12013799528_2190601967,1,2,15
10866.0,cluster_12013799529_12013799530_473195061,0,0,15
10867.0,2496228891,0,2,15
10867.0,cluster_12013799525_12013799526_2496228894,1,2,15
10867.0,cluster_12013799527_12013799528_2190601967,2,2,15
10867.0,cluster_12013799529_12013799530_473195061,0,0,15
10868.0,2496228891,0,2,15
10868.0,cluster_12013799525_12013799526_2496228894,1,2,15
10868.0,cluster_12013799527_12013799528_2190601967,2,2,15
10868.0,cluster_12013799529_12013799530_473195061,0,0,15
10869.0,2496228891,0,2,15
10869.0,cluster_12013799525_12013799526_2496228894,0,2,15
10869.0,cluster_12013799527_12013799528_2190601967,2,2,15
10869.0,cluster_12013799529_12013799530_473195061,0,0,15
10870.0,2496228891,0,2,15
10870.0,cluster_12013799525_12013799526_2496228894,0,2,15
10870.0,cluster_12013799527_12013799528_2190601967,2,2,15
10870.0,cluster_12013799529_12013799530_473195061,0,0,15
10871.0,2496228891,0,2,15
10871.0,cluster_12013799525_12013799526_2496228894,0,2,15
10871.0,cluster_12013799529_12013799530_473195061,0,0,15
10872.0,2496228891,0,2,15
10872.0,cluster_12013799525_12013799526_2496228894,0,2,15
10872.0,cluster_12013799529_12013799530_473195061,0,0,15
10873.0,2496228891,0,2,15
10873.0,cluster_12013799525_12013799526_2496228894,0,2,15
10873.0,cluster_12013799529_12013799530_473195061,0,0,15
10874.0,cluster_12013799525_12013799526_2496228894,0,2,15
10874.0,cluster_12013799527_12013799528_2190601967,0,0,15
10874.0,cluster_12013799529_12013799530_473195061,0,0,15
10875.0,cluster_12013799525_12013799526_2496228894,0,2,15
10875.0,cluster_12013799527_12013799528_2190601967,0,0,15
10875.0,cluster_12013799529_12013799530_473195061,0,0,15
10876.0,cluster_12013799525_12013799526_2496228894,0,2,15
10876.0,cluster_12013799527_12013799528_2190601967,0,0,15
10876.0,cluster_12013799529_12013799530_473195061,0,0,15
10877.0,2496228891,2,0,15
10877.0,cluster_12013799527_12013799528_2190601967,0,0,15
10877.0,cluster_12013799529_12013799530_473195061,0,0,15
10878.0,2496228891,1,0,15
10878.0,cluster_12013799527_12013799528_2190601967,0,0,15
10878.0,cluster_12013799529_12013799530_473195061,0,0,15
10879.0,2496228891,1,0,15
10879.0,cluster_12013799527_12013799528_2190601967,0,0,15
10879.0,cluster_12013799529_12013799530_473195061,0,0,15
10880.0,2496228891,1,0,15
10880.0,cluster_12013799525_12013799526_2496228894,0,0,15
10880.0,cluster_12013799527_12013799528_2190601967,0,0,15
10881.0,2496228891,1,0,15
10881.0,cluster_12013799525_12013799526_2496228894,0,0,15
10881.0,cluster_12013799527_12013799528_2190601967,0,0,15
10882.0,2496228891,0,0,15
10882.0,cluster_12013799525_12013799526_2496228894,0,0,15
10882.0,cluster_12013799527_12013799528_2190601967,0,0,15
10883.0,2496228891,0,0,15
10883.0,cluster_12013799525_12013799526_2496228894,0,0,15
10883.0,cluster_12013799527_12013799528_2190601967,0,0,15
10883.0,cluster_12013799529_12013799530_473195061,3,2,15
10884.0,2496228891,0,0,15
10884.0,cluster_12013799525_12013799526_2496228894,0,0,15
10884.0,cluster_12013799527_12013799528_2190601967,0,0,15
10884.0,cluster_12013799529_12013799530_473195061,1,2,15
10885.0,2496228891,0,0,15
10885.0,cluster_12013799525_12013799526_2496228894,0,0,15
10885.0,cluster_12013799527_12013799528_2190601967,0,0,15
10885.0,cluster_12013799529_12013799530_473195061,1,2,15
10886.0,2496228891,0,0,15
10886.0,cluster_12013799525_12013799526_2496228894,0,0,15
10886.0,cluster_12013799527_12013799528_2190601967,0,0,15
10886.0,cluster_12013799529_12013799530_473195061,1,2,15
10887.0,2496228891,0,0,15
10887.0,cluster_12013799525_12013799526_2496228894,0,0,15
10887.0,cluster_12013799527_12013799528_2190601967,0,0,15
10887.0,cluster_12013799529_12013799530_473195061,1,2,15
10888.0,2496228891,0,0,15
10888.0,cluster_12013799525_12013799526_2496228894,0,0,15
10888.0,cluster_12013799527_12013799528_2190601967,0,0,15
10888.0,cluster_12013799529_12013799530_473195061,0,2,15
10889.0,2496228891,2,0,15
10889.0,cluster_12013799525_12013799526_2496228894,0,0,15
10889.0,cluster_12013799527_12013799528_2190601967,0,0,15
10889.0,cluster_12013799529_12013799530_473195061,0,2,15
10890.0,2496228891,2,0,15
10890.0,cluster_12013799525_12013799526_2496228894,0,0,15
10890.0,cluster_12013799529_12013799530_473195061,0,2,15
10891.0,2496228891,2,0,15
10891.0,cluster_12013799525_12013799526_2496228894,0,0,15
10891.0,cluster_12013799529_12013799530_473195061,0,2,15
10892.0,2496228891,2,0,15
10892.0,cluster_12013799525_12013799526_2496228894,0,0,15
10892.0,cluster_12013799529_12013799530_473195061,0,2,15
10893.0,cluster_12013799525_12013799526_2496228894,0,0,15
10893.0,cluster_12013799527_12013799528_2190601967,2,2,15
10893.0,cluster_12013799529_12013799530_473195061,0,2,15
10894.0,cluster_12013799525_12013799526_2496228894,0,0,15
10894.0,cluster_12013799527_12013799528_2190601967,0,2,15
10894.0,cluster_12013799529_12013799530_473195061,0,2,15
10895.0,cluster_12013799525_12013799526_2496228894,0,0,15
10895.0,cluster_12013799527_12013799528_2190601967,0,2,15
10895.0,cluster_12013799529_12013799530_473195061,0,2,15
10896.0,2496228891,0,2,15
10896.0,cluster_12013799527_12013799528_2190601967,0,2,15
10896.0,cluster_12013799529_12013799530_473195061,0,2,15
10897.0,2496228891,0,2,15
10897.0,cluster_12013799527_12013799528_2190601967,0,2,15
10897.0,cluster_12013799529_12013799530_473195061,0,2,15
10898.0,2496228891,0,2,15
10898.0,cluster_12013799527_12013799528_2190601967,0,2,15
10898.0,cluster_12013799529_12013799530_473195061,1,2,15
10899.0,2496228891,0,2,15
10899.0,cluster_12013799525_12013799526_2496228894,0,2,15
10899.0,cluster_12013799527_12013799528_2190601967,0,2,15
10900.0,2496228891,0,2,15
10900.0,cluster_12013799525_12013799526_2496228894,0,2,15
10900.0,cluster_12013799527_12013799528_2190601967,0,2,15
10901.0,2496228891,1,2,15
10901.0,cluster_12013799525_12013799526_2496228894,1,2,15
10901.0,cluster_12013799527_12013799528_2190601967,1,2,15
10902.0,2496228891,1,2,15
10902.0,cluster_12013799525_12013799526_2496228894,1,2,15
10902.0,cluster_12013799527_12013799528_2190601967,1,2,15
10902.0,cluster_12013799529_12013799530_473195061,1,0,15
10903.0,2496228891,1,2,15
10903.0,cluster_12013799525_12013799526_2496228894,1,2,15
10903.0,cluster_12013799527_12013799528_2190601967,1,2,15
10903.0,cluster_12013799529_12013799530_473195061,1,0,15
10904.0,2496228891,1,2,15
10904.0,cluster_12013799525_12013799526_2496228894,1,2,15
10904.0,cluster_12013799527_12013799528_2190601967,1,2,15
10904.0,cluster_12013799529_12013799530_473195061,1,0,15
10905.0,2496228891,2,2,15
10905.0,cluster_12013799525_12013799526_2496228894,2,2,15
10905.0,cluster_12013799527_12013799528_2190601967,2,2,15
10905.0,cluster_12013799529_12013799530_473195061,2,0,15
10906.0,2496228891,2,2,15
10906.0,cluster_12013799525_12013799526_2496228894,2,2,15
10906.0,cluster_12013799527_12013799528_2190601967,2,2,15
10906.0,cluster_12013799529_12013799530_473195061,2,0,15
10907.0,2496228891,2,2,15
10907.0,cluster_12013799525_12013799526_2496228894,2,2,15
10907.0,cluster_12013799527_12013799528_2190601967,2,2,15
10907.0,cluster_12013799529_12013799530_473195061,2,0,15
10908.0,2496228891,2,2,15
10908.0,cluster_12013799525_12013799526_2496228894,2,2,15
10908.0,cluster_12013799527_12013799528_2190601967,2,2,15
10908.0,cluster_12013799529_12013799530_473195061,2,0,15
10909.0,2496228891,2,2,15
10909.0,cluster_12013799525_12013799526_2496228894,2,2,15
10909.0,cluster_12013799529_12013799530_473195061,3,0,15
10910.0,2496228891,3,2,15
10910.0,cluster_12013799525_12013799526_2496228894,3,2,15
10910.0,cluster_12013799529_12013799530_473195061,3,0,15
10911.0,2496228891,3,2,15
10911.0,cluster_12013799525_12013799526_2496228894,3,2,15
10911.0,cluster_12013799529_12013799530_473195061,3,0,15
10912.0,cluster_12013799525_12013799526_2496228894,3,2,15
10912.0,cluster_12013799527_12013799528_2190601967,3,0,15
10912.0,cluster_12013799529_12013799530_473195061,3,0,15
10913.0,cluster_12013799525_12013799526_2496228894,2,2,15
10913.0,cluster_12013799527_12013799528_2190601967,4,0,23
10913.0,cluster_12013799529_12013799530_473195061,4,0,23
10914.0,cluster_12013799525_12013799526_2496228894,3,2,15
10914.0,cluster_12013799527_12013799528_2190601967,4,0,21
10914.0,cluster_12013799529_12013799530_473195061,4,0,21
10915.0,2496228891,6,0,21
10915.0,cluster_12013799527_12013799528_2190601967,4,0,21
10915.0,cluster_12013799529_12013799530_473195061,4,0,21
10916.0,2496228891,4,0,21
10916.0,cluster_12013799527_12013799528_2190601967,4,0,21
10916.0,cluster_12013799529_12013799530_473195061,4,0,21
10917.0,2496228891,4,0,21
10917.0,cluster_12013799527_12013799528_2190601967,5,0,23
10917.0,cluster_12013799529_12013799530_473195061,4,0,21
10918.0,2496228891,4,0,21
10918.0,cluster_12013799525_12013799526_2496228894,4,0,21
10918.0,cluster_12013799527_12013799528_2190601967,5,0,21
10919.0,2496228891,6,0,23
10919.0,cluster_12013799525_12013799526_2496228894,3,0,15
10919.0,cluster_12013799527_12013799528_2190601967,4,0,21
10920.0,2496228891,6,0,21
10920.0,cluster_12013799525_12013799526_2496228894,3,0,15
10920.0,cluster_12013799527_12013799528_2190601967,4,0,21
10921.0,2496228891,6,0,21
10921.0,cluster_12013799525_12013799526_2496228894,3,0,15
10921.0,cluster_12013799527_12013799528_2190601967,5,0,23
10921.0,cluster_12013799529_12013799530_473195061,6,2,21
10922.0,2496228891,4,0,21
10922.0,cluster_12013799525_12013799526_2496228894,2,0,15
10922.0,cluster_12013799527_12013799528_2190601967,4,0,21
10922.0,cluster_12013799529_12013799530_473195061,4,2,21
10923.0,2496228891,4,0,21
10923.0,cluster_12013799525_12013799526_2496228894,2,0,15
10923.0,cluster_12013799527_12013799528_2190601967,4,0,21
10923.0,cluster_12013799529_12013799530_473195061,4,2,21
10924.0,2496228891,5,0,23
10924.0,cluster_12013799525_12013799526_2496228894,2,0,15
10924.0,cluster_12013799527_12013799528_2190601967,4,0,21
10924.0,cluster_12013799529_12013799530_473195061,5,2,23
10925.0,2496228891,5,0,21
10925.0,cluster_12013799525_12013799526_2496228894,1,0,15
10925.0,cluster_12013799527_12013799528_2190601967,5,0,23
10925.0,cluster_12013799529_12013799530_473195061,6,2,21
10926.0,2496228891,5,0,21
10926.0,cluster_12013799525_12013799526_2496228894,1,0,15
10926.0,cluster_12013799527_12013799528_2190601967,4,0,21
10926.0,cluster_12013799529_12013799530_473195061,5,2,21
10927.0,2496228891,5,0,21
10927.0,cluster_12013799525_12013799526_2496228894,1,0,15
10927.0,cluster_12013799527_12013799528_2190601967,4,0,21
10927.0,cluster_12013799529_12013799530_473195061,5,2,21
10928.0,2496228891,4,0,21
10928.0,cluster_12013799525_12013799526_2496228894,0,0,15
10928.0,cluster_12013799529_12013799530_473195061,6,2,23
10929.0,2496228891,4,0,21
10929.0,cluster_12013799525_12013799526_2496228894,0,0,15
10929.0,cluster_12013799529_12013799530_473195061,6,2,21
10930.0,2496228891,4,0,21
10930.0,cluster_12013799525_12013799526_2496228894,0,0,15
10930.0,cluster_12013799529_12013799530_473195061,6,2,21
10931.0,2496228891,4,0,21
10931.0,cluster_12013799525_12013799526_2496228894,0,0,15
10931.0,cluster_12013799527_12013799528_2190601967,4,2,21
10931.0,cluster_12013799529_12013799530_473195061,6,2,21
10932.0,2496228891,4,0,21
10932.0,cluster_12013799525_12013799526_2496228894,0,0,15
10932.0,cluster_12013799527_12013799528_2190601967,3,2,15
10932.0,cluster_12013799529_12013799530_473195061,6,2,21
10933.0,2496228891,4,0,21
10933.0,cluster_12013799525_12013799526_2496228894,0,0,15
10933.0,cluster_12013799527_12013799528_2190601967,4,2,23
10933.0,cluster_12013799529_12013799530_473195061,6,2,21
10934.0,2496228891,4,0,21
10934.0,cluster_12013799525_12013799526_2496228894,0,0,15
10934.0,cluster_12013799527_12013799528_2190601967,4,2,23
10934.0,cluster_12013799529_12013799530_473195061,5,2,21
10935.0,2496228891,4,0,21
10935.0,cluster_12013799525_12013799526_2496228894,0,0,15
10935.0,cluster_12013799527_12013799528_2190601967,4,2,21
10935.0,cluster_12013799529_12013799530_473195061,5,2,21
10936.0,2496228891,4,0,21
10936.0,cluster_12013799525_12013799526_2496228894,0,0,15
10936.0,cluster_12013799527_12013799528_2190601967,3,2,15
10936.0,cluster_12013799529_12013799530_473195061,5,2,21
10937.0,cluster_12013799525_12013799526_2496228894,0,0,15
10937.0,cluster_12013799527_12013799528_2190601967,2,2,15
10937.0,cluster_12013799529_12013799530_473195061,5,2,21
10938.0,cluster_12013799525_12013799526_2496228894,0,0,15
10938.0,cluster_12013799527_12013799528_2190601967,2,2,15
10938.0,cluster_12013799529_12013799530_473195061,6,2,23
10939.0,cluster_12013799525_12013799526_2496228894,0,0,15
10939.0,cluster_12013799527_12013799528_2190601967,1,2,15
10939.0,cluster_12013799529_12013799530_473195061,5,2,21
10940.0,2496228891,3,2,15
10940.0,cluster_12013799527_12013799528_2190601967,1,2,15
10940.0,cluster_12013799529_12013799530_473195061,5,2,21
10941.0,2496228891,2,2,15
10941.0,cluster_12013799527_12013799528_2190601967,1,2,15
10941.0,cluster_12013799529_12013799530_473195061,6,2,23
10942.0,2496228891,2,2,15
10942.0,cluster_12013799527_12013799528_2190601967,1,2,15
10942.0,cluster_12013799529_12013799530_473195061,6,2,21
10943.0,2496228891,2,2,15
10943.0,cluster_12013799525_12013799526_2496228894,2,2,15
10943.0,cluster_12013799527_12013799528_2190601967,0,2,15
10944.0,2496228891,2,2,15
10944.0,cluster_12013799525_12013799526_2496228894,2,2,15
10944.0,cluster_12013799527_12013799528_2190601967,0,2,15
10945.0,2496228891,1,2,15
10945.0,cluster_12013799525_12013799526_2496228894,2,2,15
10945.0,cluster_12013799527_12013799528_2190601967,0,2,15
10946.0,2496228891,1,2,15
10946.0,cluster_12013799525_12013799526_2496228894,2,2,15
10946.0,cluster_12013799527_12013799528_2190601967,0,2,15
10946.0,cluster_12013799529_12013799530_473195061,3,0,15
10947.0,2496228891,1,2,15
10947.0,cluster_12013799525_12013799526_2496228894,2,2,15
10947.0,cluster_12013799527_12013799528_2190601967,0,2,15
10947.0,cluster_12013799529_12013799530_473195061,3,0,15
10948.0,2496228891,0,2,15
10948.0,cluster_12013799525_12013799526_2496228894,1,2,15
10948.0,cluster_12013799527_12013799528_2190601967,0,2,15
10948.0,cluster_12013799529_12013799530_473195061,3,0,15
10949.0,2496228891,0,2,15
10949.0,cluster_12013799525_12013799526_2496228894,2,2,15
10949.0,cluster_12013799527_12013799528_2190601967,0,2,15
10949.0,cluster_12013799529_12013799530_473195061,3,0,15
10950.0,2496228891,0,2,15
10950.0,cluster_12013799525_12013799526_2496228894,3,2,15
10950.0,cluster_12013799527_12013799528_2190601967,0,2,15
10950.0,cluster_12013799529_12013799530_473195061,2,0,15
10951.0,2496228891,0,2,15
10951.0,cluster_12013799525_12013799526_2496228894,3,2,15
10951.0,cluster_12013799527_12013799528_2190601967,0,2,15
10951.0,cluster_12013799529_12013799530_473195061,2,0,15
10952.0,2496228891,0,2,15
10952.0,cluster_12013799525_12013799526_2496228894,3,2,15
10952.0,cluster_12013799527_12013799528_2190601967,0,2,15
10952.0,cluster_12013799529_12013799530_473195061,2,0,15
10953.0,2496228891,0,2,15
10953.0,cluster_12013799525_12013799526_2496228894,3,2,15
10953.0,cluster_12013799529_12013799530_473195061,1,0,15
10954.0,2496228891,0,2,15
10954.0,cluster_12013799525_12013799526_2496228894,3,2,15
10954.0,cluster_12013799529_12013799530_473195061,1,0,15
10955.0,2496228891,0,2,15
10955.0,cluster_12013799525_12013799526_2496228894,3,2,15
10955.0,cluster_12013799529_12013799530_473195061,1,0,15
10956.0,cluster_12013799525_12013799526_2496228894,2,2,15
10956.0,cluster_12013799527_12013799528_2190601967,4,0,21
10956.0,cluster_12013799529_12013799530_473195061,0,0,15
10957.0,cluster_12013799525_12013799526_2496228894,2,2,15
10957.0,cluster_12013799527_12013799528_2190601967,3,0,15
10957.0,cluster_12013799529_12013799530_473195061,0,0,15
10958.0,cluster_12013799525_12013799526_2496228894,1,2,15
10958.0,cluster_12013799527_12013799528_2190601967,3,0,15
10958.0,cluster_12013799529_12013799530_473195061,0,0,15
10959.0,2496228891,3,0,15
10959.0,cluster_12013799527_12013799528_2190601967,3,0,15
10959.0,cluster_12013799529_12013799530_473195061,0,0,15
10960.0,2496228891,2,0,15
10960.0,cluster_12013799527_12013799528_2190601967,3,0,15
10960.0,cluster_12013799529_12013799530_473195061,0,0,15
10961.0,2496228891,2,0,15
10961.0,cluster_12013799527_12013799528_2190601967,2,0,15
10961.0,cluster_12013799529_12013799530_473195061,0,0,15
10962.0,2496228891,3,0,15
10962.0,cluster_12013799525_12013799526_2496228894,0,0,15
10962.0,cluster_12013799527_12013799528_2190601967,2,0,15
10963.0,2496228891,3,0,15
10963.0,cluster_12013799525_12013799526_2496228894,0,0,15
10963.0,cluster_12013799527_12013799528_2190601967,1,0,15
10964.0,2496228891,3,0,15
10964.0,cluster_12013799525_12013799526_2496228894,0,0,15
10964.0,cluster_12013799527_12013799528_2190601967,1,0,15
10965.0,2496228891,3,0,15
10965.0,cluster_12013799525_12013799526_2496228894,0,0,15
10965.0,cluster_12013799527_12013799528_2190601967,1,0,15
10965.0,cluster_12013799529_12013799530_473195061,6,2,21
10966.0,2496228891,2,0,15
10966.0,cluster_12013799525_12013799526_2496228894,0,0,15
10966.0,cluster_12013799527_12013799528_2190601967,0,0,15
10966.0,cluster_12013799529_12013799530_473195061,4,2,21
10967.0,2496228891,2,0,15
10967.0,cluster_12013799525_12013799526_2496228894,0,0,15
10967.0,cluster_12013799527_12013799528_2190601967,0,0,15
10967.0,cluster_12013799529_12013799530_473195061,4,2,21
10968.0,2496228891,2,0,15
10968.0,cluster_12013799525_12013799526_2496228894,0,0,15
10968.0,cluster_12013799527_12013799528_2190601967,0,0,15
10968.0,cluster_12013799529_12013799530_473195061,5,2,23
10969.0,2496228891,1,0,15
10969.0,cluster_12013799525_12013799526_2496228894,0,0,15
10969.0,cluster_12013799527_12013799528_2190601967,0,0,15
10969.0,cluster_12013799529_12013799530_473195061,5,2,21
10970.0,2496228891,3,0,15
10970.0,cluster_12013799525_12013799526_2496228894,0,0,15
10970.0,cluster_12013799527_12013799528_2190601967,0,0,15
10970.0,cluster_12013799529_12013799530_473195061,4,2,21
10971.0,2496228891,2,0,15
10971.0,cluster_12013799525_12013799526_2496228894,0,0,15
10971.0,cluster_12013799527_12013799528_2190601967,0,0,15
10971.0,cluster_12013799529_12013799530_473195061,4,2,21
10972.0,2496228891,2,0,15
10972.0,cluster_12013799525_12013799526_2496228894,0,0,15
10972.0,cluster_12013799527_12013799528_2190601967,0,0,15
10972.0,cluster_12013799529_12013799530_473195061,4,2,21
10973.0,2496228891,2,0,15
10973.0,cluster_12013799525_12013799526_2496228894,0,0,15
10973.0,cluster_12013799527_12013799528_2190601967,0,0,15
10973.0,cluster_12013799529_12013799530_473195061,3,2,15
10974.0,2496228891,2,0,15
10974.0,cluster_12013799525_12013799526_2496228894,0,0,15
10974.0,cluster_12013799527_12013799528_2190601967,0,0,15
10974.0,cluster_12013799529_12013799530_473195061,3,2,15
10975.0,cluster_12013799525_12013799526_2496228894,0,0,15
10975.0,cluster_12013799527_12013799528_2190601967,0,0,15
10975.0,cluster_12013799529_12013799530_473195061,3,2,15
10976.0,cluster_12013799525_12013799526_2496228894,0,0,15
10976.0,cluster_12013799527_12013799528_2190601967,0,0,15
10976.0,cluster_12013799529_12013799530_473195061,1,2,15
10977.0,cluster_12013799525_12013799526_2496228894,0,0,15
10977.0,cluster_12013799527_12013799528_2190601967,0,0,15
10977.0,cluster_12013799529_12013799530_473195061,1,2,15
10978.0,2496228891,0,2,15
10978.0,cluster_12013799529_12013799530_473195061,1,2,15
10979.0,2496228891,0,2,15
10979.0,cluster_12013799529_12013799530_473195061,1,2,15
10980.0,2496228891,0,2,15
10980.0,cluster_12013799529_12013799530_473195061,0,2,15
10981.0,2496228891,0,2,15
10981.0,cluster_12013799525_12013799526_2496228894,4,2,21
10981.0,cluster_12013799527_12013799528_2190601967,0,2,15
10981.0,cluster_12013799529_12013799530_473195061,0,2,15
10982.0,2496228891,0,2,15
10982.0,cluster_12013799525_12013799526_2496228894,3,2,15
10982.0,cluster_12013799527_12013799528_2190601967,0,2,15
10982.0,cluster_12013799529_12013799530_473195061,0,2,15
10983.0,2496228891,0,2,15
10983.0,cluster_12013799525_12013799526_2496228894,2,2,15
10983.0,cluster_12013799527_12013799528_2190601967,0,2,15
10983.0,cluster_12013799529_12013799530_473195061,0,2,15
10984.0,2496228891,0,2,15
10984.0,cluster_12013799525_12013799526_2496228894,2,2,15
10984.0,cluster_12013799527_12013799528_2190601967,0,2,15
10984.0,cluster_12013799529_12013799530_473195061,0,2,15
10985.0,2496228891,0,2,15
10985.0,cluster_12013799525_12013799526_2496228894,1,2,15
10985.0,cluster_12013799527_12013799528_2190601967,0,2,15
10985.0,cluster_12013799529_12013799530_473195061,0,2,15
10986.0,2496228891,0,2,15
10986.0,cluster_12013799525_12013799526_2496228894,1,2,15
10986.0,cluster_12013799527_12013799528_2190601967,1,2,15
10986.0,cluster_12013799529_12013799530_473195061,0,2,15
10987.0,2496228891,0,2,15
10987.0,cluster_12013799525_12013799526_2496228894,0,2,15
10987.0,cluster_12013799527_12013799528_2190601967,1,2,15
10988.0,2496228891,0,2,15
10988.0,cluster_12013799525_12013799526_2496228894,0,2,15
10988.0,cluster_12013799527_12013799528_2190601967,1,2,15
10989.0,2496228891,0,2,15
10989.0,cluster_12013799525_12013799526_2496228894,0,2,15
10989.0,cluster_12013799527_12013799528_2190601967,1,2,15
10990.0,2496228891,0,2,15
10990.0,cluster_12013799525_12013799526_2496228894,0,2,15
10990.0,cluster_12013799527_12013799528_2190601967,2,2,15
10990.0,cluster_12013799529_12013799530_473195061,0,0,15
10991.0,2496228891,0,2,15
10991.0,cluster_12013799525_12013799526_2496228894,0,2,15
10991.0,cluster_12013799527_12013799528_2190601967,2,2,15
10991.0,cluster_12013799529_12013799530_473195061,0,0,15
10992.0,2496228891,0,2,15
10992.0,cluster_12013799525_12013799526_2496228894,0,2,15
10992.0,cluster_12013799527_12013799528_2190601967,1,2,15
10992.0,cluster_12013799529_12013799530_473195061,0,0,15
10993.0,2496228891,0,2,15
10993.0,cluster_12013799525_12013799526_2496228894,0,2,15
10993.0,cluster_12013799527_12013799528_2190601967,2,2,15
10993.0,cluster_12013799529_12013799530_473195061,0,0,15
10994.0,cluster_12013799525_12013799526_2496228894,0,2,15
10994.0,cluster_12013799527_12013799528_2190601967,2,2,15
10994.0,cluster_12013799529_12013799530_473195061,0,0,15
10995.0,cluster_12013799525_12013799526_2496228894,0,2,15
10995.0,cluster_12013799527_12013799528_2190601967,2,2,15
10995.0,cluster_12013799529_12013799530_473195061,0,0,15
10996.0,cluster_12013799525_12013799526_2496228894,0,2,15
10996.0,cluster_12013799527_12013799528_2190601967,2,2,15
10996.0,cluster_12013799529_12013799530_473195061,0,0,15
10997.0,2496228891,4,0,21
10997.0,cluster_12013799525_12013799526_2496228894,0,2,15
10997.0,cluster_12013799529_12013799530_473195061,0,0,15
10998.0,2496228891,2,0,15
10998.0,cluster_12013799525_12013799526_2496228894,0,2,15
10998.0,cluster_12013799529_12013799530_473195061,0,0,15
10999.0,2496228891,2,0,15
10999.0,cluster_12013799525_12013799526_2496228894,0,2,15
10999.0,cluster_12013799529_12013799530_473195061,0,0,15
11000.0,2496228891,2,0,15
11000.0,cluster_12013799525_12013799526_2496228894,0,2,15
11000.0,cluster_12013799527_12013799528_2190601967,0,0,15
11000.0,cluster_12013799529_12013799530_473195061,0,0,15
11001.0,2496228891,3,0,15
11001.0,cluster_12013799525_12013799526_2496228894,2,2,15
11001.0,cluster_12013799527_12013799528_2190601967,1,0,15
11001.0,cluster_12013799529_12013799530_473195061,1,0,15
11002.0,2496228891,2,0,15
11002.0,cluster_12013799525_12013799526_2496228894,2,2,15
11002.0,cluster_12013799527_12013799528_2190601967,1,0,15
11002.0,cluster_12013799529_12013799530_473195061,1,0,15
11003.0,2496228891,2,0,15
11003.0,cluster_12013799527_12013799528_2190601967,1,0,15
11003.0,cluster_12013799529_12013799530_473195061,1,0,15
11004.0,2496228891,2,0,15
11004.0,cluster_12013799527_12013799528_2190601967,1,0,15
11004.0,cluster_12013799529_12013799530_473195061,1,0,15
11005.0,2496228891,2,0,15
11005.0,cluster_12013799527_12013799528_2190601967,2,0,15
11005.0,cluster_12013799529_12013799530_473195061,2,0,15
11006.0,2496228891,2,0,15
11006.0,cluster_12013799525_12013799526_2496228894,2,0,15
11006.0,cluster_12013799527_12013799528_2190601967,2,0,15
11007.0,2496228891,2,0,15
11007.0,cluster_12013799525_12013799526_2496228894,2,0,15
11007.0,cluster_12013799527_12013799528_2190601967,2,0,15
11008.0,2496228891,2,0,15
11008.0,cluster_12013799525_12013799526_2496228894,3,0,15
11008.0,cluster_12013799527_12013799528_2190601967,2,0,15
11009.0,2496228891,3,0,15
11009.0,cluster_12013799525_12013799526_2496228894,3,0,15
11009.0,cluster_12013799527_12013799528_2190601967,3,0,15
11009.0,cluster_12013799529_12013799530_473195061,3,2,15
11010.0,2496228891,3,0,15
11010.0,cluster_12013799525_12013799526_2496228894,3,0,15
11010.0,cluster_12013799527_12013799528_2190601967,3,0,15
11010.0,cluster_12013799529_12013799530_473195061,3,2,15
11011.0,2496228891,3,0,15
11011.0,cluster_12013799525_12013799526_2496228894,2,0,15
11011.0,cluster_12013799527_12013799528_2190601967,3,0,15
11011.0,cluster_12013799529_12013799530_473195061,3,2,15
11012.0,2496228891,3,0,15
11012.0,cluster_12013799525_12013799526_2496228894,2,0,15
11012.0,cluster_12013799527_12013799528_2190601967,4,0,23
11012.0,cluster_12013799529_12013799530_473195061,4,2,21
11013.0,2496228891,4,0,23
11013.0,cluster_12013799525_12013799526_2496228894,3,0,15
11013.0,cluster_12013799527_12013799528_2190601967,4,0,21
11013.0,cluster_12013799529_12013799530_473195061,4,2,21
11014.0,2496228891,4,0,21
11014.0,cluster_12013799525_12013799526_2496228894,2,0,15
11014.0,cluster_12013799527_12013799528_2190601967,4,0,21
11014.0,cluster_12013799529_12013799530_473195061,4,2,21
11015.0,2496228891,4,0,21
11015.0,cluster_12013799525_12013799526_2496228894,2,0,15
11015.0,cluster_12013799527_12013799528_2190601967,4,0,21
11015.0,cluster_12013799529_12013799530_473195061,4,2,21
11016.0,2496228891,4,0,21
11016.0,cluster_12013799525_12013799526_2496228894,2,0,15
11016.0,cluster_12013799529_12013799530_473195061,5,2,23
11017.0,2496228891,5,0,23
11017.0,cluster_12013799525_12013799526_2496228894,2,0,15
11017.0,cluster_12013799529_12013799530_473195061,5,2,21
11018.0,2496228891,5,0,21
11018.0,cluster_12013799525_12013799526_2496228894,1,0,15
11018.0,cluster_12013799529_12013799530_473195061,5,2,21
11019.0,cluster_12013799525_12013799526_2496228894,1,0,15
11019.0,cluster_12013799527_12013799528_2190601967,5,2,21
11019.0,cluster_12013799529_12013799530_473195061,5,2,21
11020.0,cluster_12013799525_12013799526_2496228894,1,0,15
11020.0,cluster_12013799527_12013799528_2190601967,3,2,15
11020.0,cluster_12013799529_12013799530_473195061,5,2,21
11021.0,cluster_12013799525_12013799526_2496228894,1,0,15
11021.0,cluster_12013799527_12013799528_2190601967,3,2,15
11021.0,cluster_12013799529_12013799530_473195061,6,2,23
11022.0,2496228891,3,2,15
11022.0,cluster_12013799527_12013799528_2190601967,3,2,15
11022.0,cluster_12013799529_12013799530_473195061,6,2,21
11023.0,2496228891,2,2,15
11023.0,cluster_12013799527_12013799528_2190601967,3,2,15
11023.0,cluster_12013799529_12013799530_473195061,6,2,21
11024.0,2496228891,2,2,15
11024.0,cluster_12013799527_12013799528_2190601967,2,2,15
11024.0,cluster_12013799529_12013799530_473195061,7,2,23
11025.0,2496228891,2,2,15
11025.0,cluster_12013799525_12013799526_2496228894,3,2,15
11025.0,cluster_12013799527_12013799528_2190601967,3,2,15
11026.0,2496228891,2,2,15
11026.0,cluster_12013799525_12013799526_2496228894,2,2,15
11026.0,cluster_12013799527_12013799528_2190601967,2,2,15
11027.0,2496228891,1,2,15
11027.0,cluster_12013799525_12013799526_2496228894,2,2,15
11027.0,cluster_12013799527_12013799528_2190601967,1,2,15
11028.0,2496228891,1,2,15
11028.0,cluster_12013799525_12013799526_2496228894,2,2,15
11028.0,cluster_12013799527_12013799528_2190601967,2,2,15
11028.0,cluster_12013799529_12013799530_473195061,5,0,21
11029.0,2496228891,0,2,15
11029.0,cluster_12013799525_12013799526_2496228894,2,2,15
11029.0,cluster_12013799527_12013799528_2190601967,2,2,15
11029.0,cluster_12013799529_12013799530_473195061,4,0,21
11030.0,2496228891,0,2,15
11030.0,cluster_12013799525_12013799526_2496228894,2,2,15
11030.0,cluster_12013799527_12013799528_2190601967,2,2,15
11030.0,cluster_12013799529_12013799530_473195061,4,0,21
11031.0,2496228891,0,2,15
11031.0,cluster_12013799525_12013799526_2496228894,3,2,15
11031.0,cluster_12013799527_12013799528_2190601967,1,2,15
11031.0,cluster_12013799529_12013799530_473195061,4,0,21
11032.0,2496228891,0,2,15
11032.0,cluster_12013799525_12013799526_2496228894,3,2,15
11032.0,cluster_12013799527_12013799528_2190601967,2,2,15
11032.0,cluster_12013799529_12013799530_473195061,4,0,21
11033.0,2496228891,0,2,15
11033.0,cluster_12013799525_12013799526_2496228894,3,2,15
11033.0,cluster_12013799527_12013799528_2190601967,1,2,15
11033.0,cluster_12013799529_12013799530_473195061,3,0,15
11034.0,2496228891,0,2,15
11034.0,cluster_12013799525_12013799526_2496228894,3,2,15
11034.0,cluster_12013799527_12013799528_2190601967,1,2,15
11034.0,cluster_12013799529_12013799530_473195061,3,0,15
11035.0,2496228891,0,2,15
11035.0,cluster_12013799525_12013799526_2496228894,3,2,15
11035.0,cluster_12013799527_12013799528_2190601967,1,2,15
11035.0,cluster_12013799529_12013799530_473195061,3,0,15
11036.0,2496228891,0,2,15
11036.0,cluster_12013799525_12013799526_2496228894,3,2,15
11036.0,cluster_12013799527_12013799528_2190601967,1,2,15
11036.0,cluster_12013799529_12013799530_473195061,2,0,15
11037.0,2496228891,0,2,15
11037.0,cluster_12013799525_12013799526_2496228894,3,2,15
11037.0,cluster_12013799527_12013799528_2190601967,0,2,15
11037.0,cluster_12013799529_12013799530_473195061,2,0,15
11038.0,cluster_12013799525_12013799526_2496228894,2,2,15
11038.0,cluster_12013799527_12013799528_2190601967,0,2,15
11038.0,cluster_12013799529_12013799530_473195061,2,0,15
11039.0,cluster_12013799525_12013799526_2496228894,2,2,15
11039.0,cluster_12013799527_12013799528_2190601967,0,2,15
11039.0,cluster_12013799529_12013799530_473195061,1,0,15
11040.0,cluster_12013799525_12013799526_2496228894,1,2,15
11040.0,cluster_12013799527_12013799528_2190601967,0,2,15
11040.0,cluster_12013799529_12013799530_473195061,1,0,15
11041.0,2496228891,1,0,15
11041.0,cluster_12013799529_12013799530_473195061,0,0,15
11042.0,2496228891,1,0,15
11042.0,cluster_12013799529_12013799530_473195061,0,0,15
11043.0,2496228891,2,0,15
11043.0,cluster_12013799529_12013799530_473195061,0,0,15
11044.0,2496228891,1,0,15
11044.0,cluster_12013799525_12013799526_2496228894,0,0,15
11044.0,cluster_12013799527_12013799528_2190601967,7,0,21
11044.0,cluster_12013799529_12013799530_473195061,0,0,15
11045.0,2496228891,1,0,15
11045.0,cluster_12013799525_12013799526_2496228894,0,0,15
11045.0,cluster_12013799527_12013799528_2190601967,6,0,21
11045.0,cluster_12013799529_12013799530_473195061,0,0,15
11046.0,2496228891,2,0,15
11046.0,cluster_12013799525_12013799526_2496228894,0,0,15
11046.0,cluster_12013799527_12013799528_2190601967,6,0,21
11046.0,cluster_12013799529_12013799530_473195061,0,0,15
11047.0,2496228891,3,0,15
11047.0,cluster_12013799525_12013799526_2496228894,0,0,15
11047.0,cluster_12013799527_12013799528_2190601967,6,0,21
11047.0,cluster_12013799529_12013799530_473195061,0,0,15
11048.0,2496228891,2,0,15
11048.0,cluster_12013799525_12013799526_2496228894,0,0,15
11048.0,cluster_12013799527_12013799528_2190601967,6,0,21
11048.0,cluster_12013799529_12013799530_473195061,0,0,15
11049.0,2496228891,2,0,15
11049.0,cluster_12013799525_12013799526_2496228894,0,0,15
11049.0,cluster_12013799527_12013799528_2190601967,5,0,21
11049.0,cluster_12013799529_12013799530_473195061,0,0,15
11050.0,2496228891,2,0,15
11050.0,cluster_12013799525_12013799526_2496228894,0,0,15
11050.0,cluster_12013799527_12013799528_2190601967,5,0,21
11051.0,2496228891,3,0,15
11051.0,cluster_12013799525_12013799526_2496228894,0,0,15
11051.0,cluster_12013799527_12013799528_2190601967,4,0,21
11052.0,2496228891,3,0,15
11052.0,cluster_12013799525_12013799526_2496228894,0,0,15
11052.0,cluster_12013799527_12013799528_2190601967,4,0,21
11053.0,2496228891,2,0,15
11053.0,cluster_12013799525_12013799526_2496228894,0,0,15
11053.0,cluster_12013799527_12013799528_2190601967,4,0,21
11053.0,cluster_12013799529_12013799530_473195061,8,2,21
11054.0,2496228891,2,0,15
11054.0,cluster_12013799525_12013799526_2496228894,0,0,15
11054.0,cluster_12013799527_12013799528_2190601967,3,0,15
11054.0,cluster_12013799529_12013799530_473195061,7,2,23
11055.0,2496228891,1,0,15
11055.0,cluster_12013799525_12013799526_2496228894,0,0,15
11055.0,cluster_12013799527_12013799528_2190601967,3,0,15
11055.0,cluster_12013799529_12013799530_473195061,7,2,21
11056.0,2496228891,1,0,15
11056.0,cluster_12013799525_12013799526_2496228894,0,0,15
11056.0,cluster_12013799527_12013799528_2190601967,2,0,15
11056.0,cluster_12013799529_12013799530_473195061,7,2,23
11057.0,cluster_12013799525_12013799526_2496228894,0,0,15
11057.0,cluster_12013799527_12013799528_2190601967,2,0,15
11057.0,cluster_12013799529_12013799530_473195061,6,2,21
11058.0,cluster_12013799525_12013799526_2496228894,0,0,15
11058.0,cluster_12013799527_12013799528_2190601967,2,0,15
11058.0,cluster_12013799529_12013799530_473195061,6,2,21
11059.0,cluster_12013799525_12013799526_2496228894,0,0,15
11059.0,cluster_12013799527_12013799528_2190601967,1,0,15
11059.0,cluster_12013799529_12013799530_473195061,6,2,23
11060.0,2496228891,0,2,15
11060.0,cluster_12013799527_12013799528_2190601967,1,0,15
11060.0,cluster_12013799529_12013799530_473195061,6,2,21
11061.0,2496228891,0,2,15
11061.0,cluster_12013799527_12013799528_2190601967,0,0,15
11061.0,cluster_12013799529_12013799530_473195061,4,2,21
11062.0,2496228891,0,2,15
11062.0,cluster_12013799527_12013799528_2190601967,0,0,15
11062.0,cluster_12013799529_12013799530_473195061,4,2,21
11063.0,2496228891,0,2,15
11063.0,cluster_12013799525_12013799526_2496228894,3,2,15
11063.0,cluster_12013799527_12013799528_2190601967,0,0,15
11063.0,cluster_12013799529_12013799530_473195061,4,2,21
11064.0,2496228891,0,2,15
11064.0,cluster_12013799525_12013799526_2496228894,2,2,15
11064.0,cluster_12013799527_12013799528_2190601967,0,0,15
11064.0,cluster_12013799529_12013799530_473195061,4,2,21
11065.0,2496228891,0,2,15
11065.0,cluster_12013799525_12013799526_2496228894,2,2,15
11065.0,cluster_12013799527_12013799528_2190601967,0,0,15
11065.0,cluster_12013799529_12013799530_473195061,4,2,21
11066.0,2496228891,0,2,15
11066.0,cluster_12013799525_12013799526_2496228894,2,2,15
11066.0,cluster_12013799529_12013799530_473195061,3,2,15
11067.0,2496228891,0,2,15
11067.0,cluster_12013799525_12013799526_2496228894,1,2,15
11067.0,cluster_12013799529_12013799530_473195061,3,2,15
11068.0,2496228891,0,2,15
11068.0,cluster_12013799525_12013799526_2496228894,1,2,15
11068.0,cluster_12013799529_12013799530_473195061,3,2,15
11069.0,2496228891,0,2,15
11069.0,cluster_12013799525_12013799526_2496228894,0,2,15
11069.0,cluster_12013799527_12013799528_2190601967,2,2,15
11069.0,cluster_12013799529_12013799530_473195061,2,2,15
11070.0,2496228891,0,2,15
11070.0,cluster_12013799525_12013799526_2496228894,0,2,15
11070.0,cluster_12013799527_12013799528_2190601967,1,2,15
11070.0,cluster_12013799529_12013799530_473195061,2,2,15
11071.0,2496228891,0,2,15
11071.0,cluster_12013799525_12013799526_2496228894,0,2,15
11071.0,cluster_12013799527_12013799528_2190601967,1,2,15
11071.0,cluster_12013799529_12013799530_473195061,2,2,15
11072.0,2496228891,0,2,15
11072.0,cluster_12013799525_12013799526_2496228894,0,2,15
11072.0,cluster_12013799527_12013799528_2190601967,1,2,15
11072.0,cluster_12013799529_12013799530_473195061,2,2,15
11073.0,2496228891,0,2,15
11073.0,cluster_12013799525_12013799526_2496228894,0,2,15
11073.0,cluster_12013799527_12013799528_2190601967,1,2,15
11073.0,cluster_12013799529_12013799530_473195061,1,2,15
11074.0,2496228891,0,2,15
11074.0,cluster_12013799525_12013799526_2496228894,0,2,15
11074.0,cluster_12013799527_12013799528_2190601967,1,2,15
11074.0,cluster_12013799529_12013799530_473195061,1,2,15
11075.0,2496228891,0,2,15
11075.0,cluster_12013799525_12013799526_2496228894,0,2,15
11075.0,cluster_12013799527_12013799528_2190601967,1,2,15
11076.0,cluster_12013799525_12013799526_2496228894,0,2,15
11076.0,cluster_12013799527_12013799528_2190601967,1,2,15
11077.0,cluster_12013799525_12013799526_2496228894,0,2,15
11077.0,cluster_12013799527_12013799528_2190601967,1,2,15
11078.0,cluster_12013799525_12013799526_2496228894,0,2,15
11078.0,cluster_12013799527_12013799528_2190601967,1,2,15
11078.0,cluster_12013799529_12013799530_473195061,0,0,15
11079.0,2496228891,6,0,21
11079.0,cluster_12013799527_12013799528_2190601967,1,2,15
11079.0,cluster_12013799529_12013799530_473195061,0,0,15
11080.0,2496228891,4,0,21
11080.0,cluster_12013799527_12013799528_2190601967,0,2,15
11080.0,cluster_12013799529_12013799530_473195061,0,0,15
11081.0,2496228891,4,0,23
11081.0,cluster_12013799527_12013799528_2190601967,0,2,15
11081.0,cluster_12013799529_12013799530_473195061,0,0,15
11082.0,2496228891,4,0,21
11082.0,cluster_12013799525_12013799526_2496228894,0,0,15
11082.0,cluster_12013799527_12013799528_2190601967,0,2,15
11082.0,cluster_12013799529_12013799530_473195061,0,0,15
11083.0,2496228891,3,0,15
11083.0,cluster_12013799525_12013799526_2496228894,0,0,15
11083.0,cluster_12013799527_12013799528_2190601967,0,2,15
11083.0,cluster_12013799529_12013799530_473195061,0,0,15
11084.0,2496228891,2,0,15
11084.0,cluster_12013799525_12013799526_2496228894,0,0,15
11084.0,cluster_12013799527_12013799528_2190601967,0,2,15
11084.0,cluster_12013799529_12013799530_473195061,0,0,15
11085.0,2496228891,2,0,15
11085.0,cluster_12013799525_12013799526_2496228894,0,0,15
11085.0,cluster_12013799529_12013799530_473195061,0,0,15
11086.0,2496228891,1,0,15
11086.0,cluster_12013799525_12013799526_2496228894,0,0,15
11086.0,cluster_12013799529_12013799530_473195061,0,0,15
11087.0,2496228891,1,0,15
11087.0,cluster_12013799525_12013799526_2496228894,0,0,15
11087.0,cluster_12013799529_12013799530_473195061,0,0,15
11088.0,2496228891,1,0,15
11088.0,cluster_12013799525_12013799526_2496228894,0,0,15
11088.0,cluster_12013799527_12013799528_2190601967,0,0,15
11088.0,cluster_12013799529_12013799530_473195061,0,0,15
11089.0,2496228891,0,0,15
11089.0,cluster_12013799525_12013799526_2496228894,0,0,15
11089.0,cluster_12013799527_12013799528_2190601967,0,0,15
11089.0,cluster_12013799529_12013799530_473195061,0,0,15
11090.0,2496228891,0,0,15
11090.0,cluster_12013799525_12013799526_2496228894,0,0,15
11090.0,cluster_12013799527_12013799528_2190601967,0,0,15
11090.0,cluster_12013799529_12013799530_473195061,0,0,15
11091.0,2496228891,0,0,15
11091.0,cluster_12013799525_12013799526_2496228894,0,0,15
11091.0,cluster_12013799527_12013799528_2190601967,0,0,15
11091.0,cluster_12013799529_12013799530_473195061,0,0,15
11092.0,2496228891,0,0,15
11092.0,cluster_12013799525_12013799526_2496228894,0,0,15
11092.0,cluster_12013799527_12013799528_2190601967,0,0,15
11092.0,cluster_12013799529_12013799530_473195061,0,0,15
11093.0,2496228891,0,0,15
11093.0,cluster_12013799525_12013799526_2496228894,0,0,15
11093.0,cluster_12013799527_12013799528_2190601967,0,0,15
11093.0,cluster_12013799529_12013799530_473195061,0,0,15
11094.0,2496228891,0,0,15
11094.0,cluster_12013799525_12013799526_2496228894,0,0,15
11094.0,cluster_12013799527_12013799528_2190601967,0,0,15
11095.0,2496228891,0,0,15
11095.0,cluster_12013799525_12013799526_2496228894,0,0,15
11095.0,cluster_12013799527_12013799528_2190601967,0,0,15
11096.0,2496228891,0,0,15
11096.0,cluster_12013799525_12013799526_2496228894,0,0,15
11096.0,cluster_12013799527_12013799528_2190601967,0,0,15
11097.0,2496228891,0,0,15
11097.0,cluster_12013799525_12013799526_2496228894,0,0,15
11097.0,cluster_12013799527_12013799528_2190601967,0,0,15
11097.0,cluster_12013799529_12013799530_473195061,1,2,15
11098.0,2496228891,0,0,15
11098.0,cluster_12013799527_12013799528_2190601967,0,0,15
11098.0,cluster_12013799529_12013799530_473195061,0,2,15
11099.0,2496228891,0,0,15
11099.0,cluster_12013799527_12013799528_2190601967,0,0,15
11099.0,cluster_12013799529_12013799530_473195061,0,2,15
11100.0,2496228891,0,0,15
11100.0,cluster_12013799527_12013799528_2190601967,0,0,15
11100.0,cluster_12013799529_12013799530_473195061,0,2,15
11101.0,cluster_12013799525_12013799526_2496228894,3,2,15
11101.0,cluster_12013799527_12013799528_2190601967,1,0,15
11101.0,cluster_12013799529_12013799530_473195061,1,2,15
11102.0,cluster_12013799525_12013799526_2496228894,3,2,15
11102.0,cluster_12013799527_12013799528_2190601967,1,0,15
11102.0,cluster_12013799529_12013799530_473195061,1,2,15
11103.0,cluster_12013799525_12013799526_2496228894,3,2,15
11103.0,cluster_12013799527_12013799528_2190601967,1,0,15
11103.0,cluster_12013799529_12013799530_473195061,1,2,15
11104.0,2496228891,1,2,15
11104.0,cluster_12013799525_12013799526_2496228894,2,2,15
11104.0,cluster_12013799529_12013799530_473195061,1,2,15
11105.0,2496228891,2,2,15
11105.0,cluster_12013799525_12013799526_2496228894,2,2,15
11105.0,cluster_12013799529_12013799530_473195061,2,2,15
11106.0,2496228891,2,2,15
11106.0,cluster_12013799525_12013799526_2496228894,2,2,15
11106.0,cluster_12013799529_12013799530_473195061,2,2,15
11107.0,2496228891,2,2,15
11107.0,cluster_12013799525_12013799526_2496228894,2,2,15
11107.0,cluster_12013799527_12013799528_2190601967,3,2,15
11107.0,cluster_12013799529_12013799530_473195061,2,2,15
11108.0,2496228891,2,2,15
11108.0,cluster_12013799525_12013799526_2496228894,2,2,15
11108.0,cluster_12013799527_12013799528_2190601967,4,2,23
11108.0,cluster_12013799529_12013799530_473195061,2,2,15
11109.0,2496228891,2,2,15
11109.0,cluster_12013799525_12013799526_2496228894,2,2,15
11109.0,cluster_12013799527_12013799528_2190601967,4,2,21
11109.0,cluster_12013799529_12013799530_473195061,3,2,15
11110.0,2496228891,3,2,15
11110.0,cluster_12013799525_12013799526_2496228894,3,2,15
11110.0,cluster_12013799527_12013799528_2190601967,4,2,21
11110.0,cluster_12013799529_12013799530_473195061,3,2,15
11111.0,2496228891,3,2,15
11111.0,cluster_12013799525_12013799526_2496228894,3,2,15
11111.0,cluster_12013799527_12013799528_2190601967,4,2,21
11111.0,cluster_12013799529_12013799530_473195061,3,2,15
11112.0,2496228891,3,2,15
11112.0,cluster_12013799525_12013799526_2496228894,3,2,15
11112.0,cluster_12013799527_12013799528_2190601967,4,2,23
11112.0,cluster_12013799529_12013799530_473195061,3,2,15
11113.0,2496228891,2,2,15
11113.0,cluster_12013799525_12013799526_2496228894,2,2,15
11113.0,cluster_12013799527_12013799528_2190601967,5,2,23
11114.0,2496228891,3,2,15
11114.0,cluster_12013799525_12013799526_2496228894,3,2,15
11114.0,cluster_12013799527_12013799528_2190601967,5,2,21
11115.0,2496228891,3,2,15
11115.0,cluster_12013799525_12013799526_2496228894,3,2,15
11115.0,cluster_12013799527_12013799528_2190601967,5,2,21
11116.0,2496228891,3,2,15
11116.0,cluster_12013799525_12013799526_2496228894,3,2,15
11116.0,cluster_12013799527_12013799528_2190601967,5,2,21
11116.0,cluster_12013799529_12013799530_473195061,4,0,21
11117.0,2496228891,2,2,15
11117.0,cluster_12013799527_12013799528_2190601967,4,2,21
11117.0,cluster_12013799529_12013799530_473195061,5,0,23
11118.0,2496228891,2,2,15
11118.0,cluster_12013799527_12013799528_2190601967,4,2,21
11118.0,cluster_12013799529_12013799530_473195061,4,0,21
11119.0,2496228891,2,2,15
11119.0,cluster_12013799527_12013799528_2190601967,4,2,21
11119.0,cluster_12013799529_12013799530_473195061,4,0,21
11120.0,cluster_12013799525_12013799526_2496228894,4,0,21
11120.0,cluster_12013799527_12013799528_2190601967,4,2,21
11120.0,cluster_12013799529_12013799530_473195061,4,0,21
11121.0,cluster_12013799525_12013799526_2496228894,3,0,15
11121.0,cluster_12013799527_12013799528_2190601967,3,2,15
11121.0,cluster_12013799529_12013799530_473195061,4,0,21
11122.0,cluster_12013799525_12013799526_2496228894,3,0,15
11122.0,cluster_12013799527_12013799528_2190601967,3,2,15
11122.0,cluster_12013799529_12013799530_473195061,4,0,21
11123.0,2496228891,5,0,21
11123.0,cluster_12013799525_12013799526_2496228894,3,0,15
11123.0,cluster_12013799529_12013799530_473195061,3,0,15
11124.0,2496228891,5,0,21
11124.0,cluster_12013799525_12013799526_2496228894,3,0,15
11124.0,cluster_12013799529_12013799530_473195061,3,0,15
11125.0,2496228891,5,0,21
11125.0,cluster_12013799525_12013799526_2496228894,2,0,15
11125.0,cluster_12013799529_12013799530_473195061,3,0,15
11126.0,2496228891,6,0,23
11126.0,cluster_12013799525_12013799526_2496228894,2,0,15
11126.0,cluster_12013799527_12013799528_2190601967,7,0,22
11126.0,cluster_12013799529_12013799530_473195061,3,0,15
11127.0,2496228891,5,0,21
11127.0,cluster_12013799525_12013799526_2496228894,2,0,15
11127.0,cluster_12013799527_12013799528_2190601967,6,0,21
11127.0,cluster_12013799529_12013799530_473195061,2,0,15
11128.0,2496228891,5,0,21
11128.0,cluster_12013799525_12013799526_2496228894,1,0,15
11128.0,cluster_12013799527_12013799528_2190601967,6,0,21
11128.0,cluster_12013799529_12013799530_473195061,2,0,15
11129.0,2496228891,5,0,21
11129.0,cluster_12013799525_12013799526_2496228894,1,0,15
11129.0,cluster_12013799527_12013799528_2190601967,6,0,21
11129.0,cluster_12013799529_12013799530_473195061,2,0,15
11130.0,2496228891,3,0,15
11130.0,cluster_12013799525_12013799526_2496228894,0,0,15
11130.0,cluster_12013799527_12013799528_2190601967,5,0,21
11130.0,cluster_12013799529_12013799530_473195061,2,0,15
11131.0,2496228891,2,0,15
11131.0,cluster_12013799525_12013799526_2496228894,0,0,15
11131.0,cluster_12013799527_12013799528_2190601967,5,0,21
11131.0,cluster_12013799529_12013799530_473195061,1,0,15
11132.0,2496228891,2,0,15
11132.0,cluster_12013799525_12013799526_2496228894,0,0,15
11132.0,cluster_12013799527_12013799528_2190601967,5,0,21
11132.0,cluster_12013799529_12013799530_473195061,1,0,15
11133.0,2496228891,1,0,15
11133.0,cluster_12013799525_12013799526_2496228894,0,0,15
11133.0,cluster_12013799527_12013799528_2190601967,4,0,21
11133.0,cluster_12013799529_12013799530_473195061,0,0,15
11134.0,2496228891,1,0,15
11134.0,cluster_12013799525_12013799526_2496228894,0,0,15
11134.0,cluster_12013799527_12013799528_2190601967,4,0,21
11134.0,cluster_12013799529_12013799530_473195061,0,0,15
11135.0,2496228891,2,0,15
11135.0,cluster_12013799525_12013799526_2496228894,0,0,15
11135.0,cluster_12013799527_12013799528_2190601967,3,0,15
11135.0,cluster_12013799529_12013799530_473195061,0,0,15
11136.0,2496228891,2,0,15
11136.0,cluster_12013799525_12013799526_2496228894,0,0,15
11136.0,cluster_12013799527_12013799528_2190601967,3,0,15
11136.0,cluster_12013799529_12013799530_473195061,0,0,15
11137.0,2496228891,1,0,15
11137.0,cluster_12013799525_12013799526_2496228894,0,0,15
11137.0,cluster_12013799527_12013799528_2190601967,3,0,15
11137.0,cluster_12013799529_12013799530_473195061,0,0,15
11138.0,2496228891,1,0,15
11138.0,cluster_12013799525_12013799526_2496228894,0,0,15
11138.0,cluster_12013799527_12013799528_2190601967,2,0,15
11139.0,2496228891,1,0,15
11139.0,cluster_12013799525_12013799526_2496228894,0,0,15
11139.0,cluster_12013799527_12013799528_2190601967,2,0,15
11140.0,2496228891,2,0,15
11140.0,cluster_12013799525_12013799526_2496228894,0,0,15
11140.0,cluster_12013799527_12013799528_2190601967,1,0,15
11141.0,2496228891,2,0,15
11141.0,cluster_12013799525_12013799526_2496228894,0,0,15
11141.0,cluster_12013799527_12013799528_2190601967,1,0,15
11141.0,cluster_12013799529_12013799530_473195061,5,2,21
11142.0,2496228891,2,0,15
11142.0,cluster_12013799527_12013799528_2190601967,0,0,15
11142.0,cluster_12013799529_12013799530_473195061,5,2,23
11143.0,2496228891,2,0,15
11143.0,cluster_12013799527_12013799528_2190601967,0,0,15
11143.0,cluster_12013799529_12013799530_473195061,5,2,21
11144.0,2496228891,2,0,15
11144.0,cluster_12013799527_12013799528_2190601967,0,0,15
11144.0,cluster_12013799529_12013799530_473195061,4,2,21
11145.0,cluster_12013799525_12013799526_2496228894,3,2,15
11145.0,cluster_12013799527_12013799528_2190601967,0,0,15
11145.0,cluster_12013799529_12013799530_473195061,5,2,23
11146.0,cluster_12013799525_12013799526_2496228894,3,2,15
11146.0,cluster_12013799527_12013799528_2190601967,0,0,15
11146.0,cluster_12013799529_12013799530_473195061,4,2,21
11147.0,cluster_12013799525_12013799526_2496228894,3,2,15
11147.0,cluster_12013799527_12013799528_2190601967,0,0,15
11147.0,cluster_12013799529_12013799530_473195061,4,2,21
11148.0,2496228891,2,2,15
11148.0,cluster_12013799525_12013799526_2496228894,3,2,15
11148.0,cluster_12013799527_12013799528_2190601967,0,0,15
11148.0,cluster_12013799529_12013799530_473195061,4,2,21
11149.0,2496228891,1,2,15
11149.0,cluster_12013799525_12013799526_2496228894,2,2,15
11149.0,cluster_12013799529_12013799530_473195061,4,2,21
11150.0,2496228891,1,2,15
11150.0,cluster_12013799525_12013799526_2496228894,2,2,15
11150.0,cluster_12013799529_12013799530_473195061,3,2,15
11151.0,2496228891,1,2,15
11151.0,cluster_12013799525_12013799526_2496228894,2,2,15
11151.0,cluster_12013799529_12013799530_473195061,3,2,15
11152.0,2496228891,1,2,15
11152.0,cluster_12013799525_12013799526_2496228894,2,2,15
11152.0,cluster_12013799527_12013799528_2190601967,4,2,21
11152.0,cluster_12013799529_12013799530_473195061,1,2,15
11153.0,2496228891,0,2,15
11153.0,cluster_12013799525_12013799526_2496228894,2,2,15
11153.0,cluster_12013799527_12013799528_2190601967,2,2,15
11153.0,cluster_12013799529_12013799530_473195061,1,2,15
11154.0,2496228891,0,2,15
11154.0,cluster_12013799525_12013799526_2496228894,1,2,15
11154.0,cluster_12013799527_12013799528_2190601967,2,2,15
11154.0,cluster_12013799529_12013799530_473195061,1,2,15
11155.0,2496228891,0,2,15
11155.0,cluster_12013799525_12013799526_2496228894,2,2,15
11155.0,cluster_12013799527_12013799528_2190601967,2,2,15
11155.0,cluster_12013799529_12013799530_473195061,0,2,15
11156.0,2496228891,0,2,15
11156.0,cluster_12013799525_12013799526_2496228894,2,2,15
11156.0,cluster_12013799527_12013799528_2190601967,2,2,15
11156.0,cluster_12013799529_12013799530_473195061,0,2,15
11157.0,2496228891,0,2,15
11157.0,cluster_12013799525_12013799526_2496228894,2,2,15
11157.0,cluster_12013799527_12013799528_2190601967,1,2,15
11157.0,cluster_12013799529_12013799530_473195061,1,2,15
11158.0,2496228891,0,2,15
11158.0,cluster_12013799525_12013799526_2496228894,2,2,15
11158.0,cluster_12013799527_12013799528_2190601967,1,2,15
11158.0,cluster_12013799529_12013799530_473195061,1,2,15
11159.0,2496228891,0,2,15
11159.0,cluster_12013799525_12013799526_2496228894,2,2,15
11159.0,cluster_12013799527_12013799528_2190601967,1,2,15
11159.0,cluster_12013799529_12013799530_473195061,1,2,15
11160.0,2496228891,0,2,15
11160.0,cluster_12013799525_12013799526_2496228894,2,2,15
11160.0,cluster_12013799527_12013799528_2190601967,0,2,15
11160.0,cluster_12013799529_12013799530_473195061,2,2,15
11161.0,2496228891,0,2,15
11161.0,cluster_12013799527_12013799528_2190601967,0,2,15
11161.0,cluster_12013799529_12013799530_473195061,2,2,15
11162.0,2496228891,0,2,15
11162.0,cluster_12013799527_12013799528_2190601967,0,2,15
11162.0,cluster_12013799529_12013799530_473195061,3,2,15
11163.0,2496228891,0,2,15
11163.0,cluster_12013799527_12013799528_2190601967,0,2,15
11164.0,cluster_12013799525_12013799526_2496228894,0,0,15
11164.0,cluster_12013799527_12013799528_2190601967,0,2,15
11165.0,cluster_12013799525_12013799526_2496228894,0,0,15
11165.0,cluster_12013799527_12013799528_2190601967,0,2,15
11166.0,cluster_12013799525_12013799526_2496228894,0,0,15
11166.0,cluster_12013799527_12013799528_2190601967,0,2,15
11166.0,cluster_12013799529_12013799530_473195061,0,0,15
11167.0,2496228891,4,0,21
11167.0,cluster_12013799525_12013799526_2496228894,0,0,15
11167.0,cluster_12013799527_12013799528_2190601967,0,2,15
11167.0,cluster_12013799529_12013799530_473195061,0,0,15
11168.0,2496228891,3,0,15
11168.0,cluster_12013799525_12013799526_2496228894,0,0,15
11168.0,cluster_12013799527_12013799528_2190601967,0,2,15
11168.0,cluster_12013799529_12013799530_473195061,0,0,15
11169.0,2496228891,3,0,15
11169.0,cluster_12013799525_12013799526_2496228894,0,0,15
11169.0,cluster_12013799527_12013799528_2190601967,0,2,15
11169.0,cluster_12013799529_12013799530_473195061,0,0,15
11170.0,2496228891,3,0,15
11170.0,cluster_12013799525_12013799526_2496228894,0,0,15
11170.0,cluster_12013799527_12013799528_2190601967,0,2,15
11170.0,cluster_12013799529_12013799530_473195061,0,0,15
11171.0,2496228891,2,0,15
11171.0,cluster_12013799525_12013799526_2496228894,0,0,15
11171.0,cluster_12013799527_12013799528_2190601967,0,2,15
11171.0,cluster_12013799529_12013799530_473195061,0,0,15
11172.0,2496228891,2,0,15
11172.0,cluster_12013799525_12013799526_2496228894,0,0,15
11172.0,cluster_12013799527_12013799528_2190601967,0,2,15
11172.0,cluster_12013799529_12013799530_473195061,0,0,15
11173.0,2496228891,2,0,15
11173.0,cluster_12013799525_12013799526_2496228894,0,0,15
11173.0,cluster_12013799527_12013799528_2190601967,0,2,15
11173.0,cluster_12013799529_12013799530_473195061,0,0,15
11174.0,2496228891,1,0,15
11174.0,cluster_12013799525_12013799526_2496228894,0,0,15
11174.0,cluster_12013799529_12013799530_473195061,0,0,15
11175.0,2496228891,1,0,15
11175.0,cluster_12013799525_12013799526_2496228894,0,0,15
11175.0,cluster_12013799529_12013799530_473195061,0,0,15
11176.0,2496228891,1,0,15
11176.0,cluster_12013799525_12013799526_2496228894,0,0,15
11176.0,cluster_12013799529_12013799530_473195061,0,0,15
11177.0,2496228891,0,0,15
11177.0,cluster_12013799525_12013799526_2496228894,0,0,15
11177.0,cluster_12013799527_12013799528_2190601967,0,0,15
11177.0,cluster_12013799529_12013799530_473195061,0,0,15
11178.0,2496228891,0,0,15
11178.0,cluster_12013799525_12013799526_2496228894,0,0,15
11178.0,cluster_12013799527_12013799528_2190601967,0,0,15
11178.0,cluster_12013799529_12013799530_473195061,0,0,15
11179.0,2496228891,0,0,15
11179.0,cluster_12013799525_12013799526_2496228894,0,0,15
11179.0,cluster_12013799527_12013799528_2190601967,0,0,15
11179.0,cluster_12013799529_12013799530_473195061,0,0,15
11180.0,2496228891,0,0,15
11180.0,cluster_12013799527_12013799528_2190601967,0,0,15
11180.0,cluster_12013799529_12013799530_473195061,0,0,15
11181.0,2496228891,0,0,15
11181.0,cluster_12013799527_12013799528_2190601967,0,0,15
11181.0,cluster_12013799529_12013799530_473195061,0,0,15
11182.0,2496228891,0,0,15
11182.0,cluster_12013799527_12013799528_2190601967,0,0,15
11183.0,2496228891,0,0,15
11183.0,cluster_12013799525_12013799526_2496228894,4,2,21
11183.0,cluster_12013799527_12013799528_2190601967,0,0,15
11184.0,2496228891,0,0,15
11184.0,cluster_12013799525_12013799526_2496228894,4,2,21
11184.0,cluster_12013799527_12013799528_2190601967,0,0,15
11185.0,2496228891,0,0,15
11185.0,cluster_12013799525_12013799526_2496228894,4,2,21
11185.0,cluster_12013799527_12013799528_2190601967,0,0,15
11185.0,cluster_12013799529_12013799530_473195061,2,2,15
11186.0,2496228891,0,0,15
11186.0,cluster_12013799525_12013799526_2496228894,4,2,21
11186.0,cluster_12013799527_12013799528_2190601967,0,0,15
11186.0,cluster_12013799529_12013799530_473195061,1,2,15
11187.0,2496228891,0,0,15
11187.0,cluster_12013799525_12013799526_2496228894,3,2,15
11187.0,cluster_12013799527_12013799528_2190601967,0,0,15
11187.0,cluster_12013799529_12013799530_473195061,1,2,15
11188.0,2496228891,0,0,15
11188.0,cluster_12013799525_12013799526_2496228894,3,2,15
11188.0,cluster_12013799527_12013799528_2190601967,0,0,15
11188.0,cluster_12013799529_12013799530_473195061,1,2,15
11189.0,cluster_12013799525_12013799526_2496228894,3,2,15
11189.0,cluster_12013799527_12013799528_2190601967,0,0,15
11189.0,cluster_12013799529_12013799530_473195061,0,2,15
11190.0,cluster_12013799525_12013799526_2496228894,2,2,15
11190.0,cluster_12013799527_12013799528_2190601967,0,0,15
11190.0,cluster_12013799529_12013799530_473195061,0,2,15
11191.0,cluster_12013799525_12013799526_2496228894,2,2,15
11191.0,cluster_12013799527_12013799528_2190601967,0,0,15
11191.0,cluster_12013799529_12013799530_473195061,0,2,15
11192.0,2496228891,0,2,15
11192.0,cluster_12013799525_12013799526_2496228894,2,2,15
11192.0,cluster_12013799527_12013799528_2190601967,0,0,15
11192.0,cluster_12013799529_12013799530_473195061,0,2,15
11193.0,2496228891,0,2,15
11193.0,cluster_12013799525_12013799526_2496228894,1,2,15
11193.0,cluster_12013799529_12013799530_473195061,0,2,15
11194.0,2496228891,0,2,15
11194.0,cluster_12013799525_12013799526_2496228894,1,2,15
11194.0,cluster_12013799529_12013799530_473195061,0,2,15
11195.0,2496228891,0,2,15
11195.0,cluster_12013799525_12013799526_2496228894,0,2,15
11195.0,cluster_12013799529_12013799530_473195061,0,2,15
11196.0,2496228891,0,2,15
11196.0,cluster_12013799525_12013799526_2496228894,0,2,15
11196.0,cluster_12013799527_12013799528_2190601967,3,2,15
11196.0,cluster_12013799529_12013799530_473195061,0,2,15
11197.0,2496228891,0,2,15
11197.0,cluster_12013799525_12013799526_2496228894,0,2,15
11197.0,cluster_12013799527_12013799528_2190601967,3,2,15
11197.0,cluster_12013799529_12013799530_473195061,0,2,15
11198.0,2496228891,0,2,15
11198.0,cluster_12013799525_12013799526_2496228894,0,2,15
11198.0,cluster_12013799527_12013799528_2190601967,2,2,15
11198.0,cluster_12013799529_12013799530_473195061,0,2,15
11199.0,2496228891,0,2,15
11199.0,cluster_12013799525_12013799526_2496228894,0,2,15
11199.0,cluster_12013799527_12013799528_2190601967,2,2,15
11199.0,cluster_12013799529_12013799530_473195061,0,2,15
11200.0,2496228891,0,2,15
11200.0,cluster_12013799525_12013799526_2496228894,0,2,15
11200.0,cluster_12013799527_12013799528_2190601967,2,2,15
11200.0,cluster_12013799529_12013799530_473195061,0,2,15
11201.0,2496228891,1,2,15
11201.0,cluster_12013799525_12013799526_2496228894,1,2,15
11201.0,cluster_12013799527_12013799528_2190601967,2,2,15
11202.0,2496228891,1,2,15
11202.0,cluster_12013799525_12013799526_2496228894,1,2,15
11202.0,cluster_12013799527_12013799528_2190601967,2,2,15
11203.0,2496228891,1,2,15
11203.0,cluster_12013799525_12013799526_2496228894,1,2,15
11203.0,cluster_12013799527_12013799528_2190601967,1,2,15
11204.0,2496228891,1,2,15
11204.0,cluster_12013799525_12013799526_2496228894,1,2,15
11204.0,cluster_12013799527_12013799528_2190601967,1,2,15
11204.0,cluster_12013799529_12013799530_473195061,1,0,15
11205.0,2496228891,2,2,15
11205.0,cluster_12013799527_12013799528_2190601967,2,2,15
11205.0,cluster_12013799529_12013799530_473195061,2,0,15
11206.0,2496228891,2,2,15
11206.0,cluster_12013799527_12013799528_2190601967,2,2,15
11206.0,cluster_12013799529_12013799530_473195061,2,0,15
11207.0,2496228891,2,2,15
11207.0,cluster_12013799527_12013799528_2190601967,2,2,15
11207.0,cluster_12013799529_12013799530_473195061,2,0,15
11208.0,cluster_12013799525_12013799526_2496228894,2,0,15
11208.0,cluster_12013799527_12013799528_2190601967,2,2,15
11208.0,cluster_12013799529_12013799530_473195061,2,0,15
11209.0,cluster_12013799525_12013799526_2496228894,3,0,15
11209.0,cluster_12013799527_12013799528_2190601967,3,2,15
11209.0,cluster_12013799529_12013799530_473195061,3,0,15
11210.0,cluster_12013799525_12013799526_2496228894,3,0,15
11210.0,cluster_12013799527_12013799528_2190601967,3,2,15
11210.0,cluster_12013799529_12013799530_473195061,3,0,15
11211.0,2496228891,3,0,15
11211.0,cluster_12013799525_12013799526_2496228894,2,0,15
11211.0,cluster_12013799527_12013799528_2190601967,2,2,15
11211.0,cluster_12013799529_12013799530_473195061,3,0,15
11212.0,2496228891,3,0,15
11212.0,cluster_12013799525_12013799526_2496228894,2,0,15
11212.0,cluster_12013799529_12013799530_473195061,3,0,15
11213.0,2496228891,4,0,23
11213.0,cluster_12013799525_12013799526_2496228894,3,0,15
11213.0,cluster_12013799529_12013799530_473195061,4,0,21
11214.0,2496228891,4,0,21
11214.0,cluster_12013799525_12013799526_2496228894,3,0,15
11214.0,cluster_12013799529_12013799530_473195061,4,0,21
11215.0,2496228891,4,0,21
11215.0,cluster_12013799525_12013799526_2496228894,2,0,15
11215.0,cluster_12013799527_12013799528_2190601967,4,0,21
11215.0,cluster_12013799529_12013799530_473195061,4,0,21
11216.0,2496228891,4,0,21
11216.0,cluster_12013799525_12013799526_2496228894,2,0,15
11216.0,cluster_12013799527_12013799528_2190601967,4,0,21
11216.0,cluster_12013799529_12013799530_473195061,4,0,21
11217.0,2496228891,5,0,23
11217.0,cluster_12013799525_12013799526_2496228894,2,0,15
11217.0,cluster_12013799527_12013799528_2190601967,4,0,21
11217.0,cluster_12013799529_12013799530_473195061,5,0,21
11218.0,2496228891,5,0,21
11218.0,cluster_12013799525_12013799526_2496228894,1,0,15
11218.0,cluster_12013799527_12013799528_2190601967,4,0,21
11218.0,cluster_12013799529_12013799530_473195061,5,0,21
11219.0,2496228891,4,0,21
11219.0,cluster_12013799525_12013799526_2496228894,1,0,15
11219.0,cluster_12013799527_12013799528_2190601967,4,0,21
11219.0,cluster_12013799529_12013799530_473195061,4,0,21
11220.0,2496228891,4,0,21
11220.0,cluster_12013799525_12013799526_2496228894,1,0,15
11220.0,cluster_12013799527_12013799528_2190601967,4,0,21
11221.0,2496228891,6,0,23
11221.0,cluster_12013799525_12013799526_2496228894,1,0,15
11221.0,cluster_12013799527_12013799528_2190601967,5,0,23
11222.0,2496228891,6,0,21
11222.0,cluster_12013799525_12013799526_2496228894,1,0,15
11222.0,cluster_12013799527_12013799528_2190601967,4,0,21
11223.0,2496228891,6,0,21
11223.0,cluster_12013799525_12013799526_2496228894,0,0,15
11223.0,cluster_12013799527_12013799528_2190601967,4,0,21
11223.0,cluster_12013799529_12013799530_473195061,4,2,21
11224.0,2496228891,6,0,21
11224.0,cluster_12013799527_12013799528_2190601967,4,0,21
11224.0,cluster_12013799529_12013799530_473195061,5,2,23
11225.0,2496228891,6,0,21
11225.0,cluster_12013799527_12013799528_2190601967,4,0,21
11225.0,cluster_12013799529_12013799530_473195061,5,2,21
11226.0,2496228891,6,0,21
11226.0,cluster_12013799527_12013799528_2190601967,4,0,21
11226.0,cluster_12013799529_12013799530_473195061,5,2,21
11227.0,cluster_12013799525_12013799526_2496228894,3,2,15
11227.0,cluster_12013799527_12013799528_2190601967,4,0,21
11227.0,cluster_12013799529_12013799530_473195061,6,2,23
11228.0,cluster_12013799525_12013799526_2496228894,3,2,15
11228.0,cluster_12013799527_12013799528_2190601967,4,0,21
11228.0,cluster_12013799529_12013799530_473195061,6,2,21
11229.0,cluster_12013799525_12013799526_2496228894,3,2,15
11229.0,cluster_12013799527_12013799528_2190601967,4,0,21
11229.0,cluster_12013799529_12013799530_473195061,6,2,21
11230.0,2496228891,3,2,15
11230.0,cluster_12013799525_12013799526_2496228894,3,2,15
11230.0,cluster_12013799527_12013799528_2190601967,4,0,21
11230.0,cluster_12013799529_12013799530_473195061,6,2,21
11231.0,2496228891,2,2,15
11231.0,cluster_12013799525_12013799526_2496228894,2,2,15
11231.0,cluster_12013799527_12013799528_2190601967,3,0,15
11231.0,cluster_12013799529_12013799530_473195061,5,2,21
11232.0,2496228891,2,2,15
11232.0,cluster_12013799525_12013799526_2496228894,2,2,15
11232.0,cluster_12013799527_12013799528_2190601967,3,0,15
11232.0,cluster_12013799529_12013799530_473195061,5,2,21
11233.0,2496228891,2,2,15
11233.0,cluster_12013799525_12013799526_2496228894,2,2,15
11233.0,cluster_12013799527_12013799528_2190601967,2,0,15
11233.0,cluster_12013799529_12013799530_473195061,4,2,23
11234.0,2496228891,2,2,15
11234.0,cluster_12013799525_12013799526_2496228894,2,2,15
11234.0,cluster_12013799527_12013799528_2190601967,2,0,15
11234.0,cluster_12013799529_12013799530_473195061,4,2,21
11235.0,2496228891,1,2,15
11235.0,cluster_12013799525_12013799526_2496228894,2,2,15
11235.0,cluster_12013799527_12013799528_2190601967,2,0,15
11235.0,cluster_12013799529_12013799530_473195061,5,2,23
11236.0,2496228891,1,2,15
11236.0,cluster_12013799525_12013799526_2496228894,2,2,15
11236.0,cluster_12013799527_12013799528_2190601967,2,0,15
11236.0,cluster_12013799529_12013799530_473195061,4,2,21
11237.0,2496228891,1,2,15
11237.0,cluster_12013799525_12013799526_2496228894,2,2,15
11237.0,cluster_12013799529_12013799530_473195061,4,2,21
11238.0,2496228891,0,2,15
11238.0,cluster_12013799525_12013799526_2496228894,2,2,15
11238.0,cluster_12013799529_12013799530_473195061,4,2,21
11239.0,2496228891,0,2,15
11239.0,cluster_12013799525_12013799526_2496228894,2,2,15
11239.0,cluster_12013799529_12013799530_473195061,4,2,21
11240.0,2496228891,0,2,15
11240.0,cluster_12013799525_12013799526_2496228894,3,2,15
11240.0,cluster_12013799527_12013799528_2190601967,2,2,15
11240.0,cluster_12013799529_12013799530_473195061,4,2,21
11241.0,2496228891,0,2,15
11241.0,cluster_12013799525_12013799526_2496228894,3,2,15
11241.0,cluster_12013799527_12013799528_2190601967,2,2,15
11241.0,cluster_12013799529_12013799530_473195061,4,2,21
11242.0,2496228891,0,2,15
11242.0,cluster_12013799525_12013799526_2496228894,3,2,15
11242.0,cluster_12013799527_12013799528_2190601967,2,2,15
11242.0,cluster_12013799529_12013799530_473195061,4,2,21
11243.0,2496228891,0,2,15
11243.0,cluster_12013799527_12013799528_2190601967,2,2,15
11243.0,cluster_12013799529_12013799530_473195061,4,2,21
11244.0,2496228891,0,2,15
11244.0,cluster_12013799527_12013799528_2190601967,1,2,15
11244.0,cluster_12013799529_12013799530_473195061,3,2,15
11245.0,2496228891,0,2,15
11245.0,cluster_12013799527_12013799528_2190601967,1,2,15
11246.0,cluster_12013799525_12013799526_2496228894,0,0,15
11246.0,cluster_12013799527_12013799528_2190601967,1,2,15
11247.0,cluster_12013799525_12013799526_2496228894,0,0,15
11247.0,cluster_12013799527_12013799528_2190601967,0,2,15
11248.0,cluster_12013799525_12013799526_2496228894,0,0,15
11248.0,cluster_12013799527_12013799528_2190601967,0,2,15
11248.0,cluster_12013799529_12013799530_473195061,4,0,21
11249.0,2496228891,3,0,15
11249.0,cluster_12013799525_12013799526_2496228894,0,0,15
11249.0,cluster_12013799527_12013799528_2190601967,0,2,15
11249.0,cluster_12013799529_12013799530_473195061,3,0,15
11250.0,2496228891,3,0,15
11250.0,cluster_12013799525_12013799526_2496228894,0,0,15
11250.0,cluster_12013799527_12013799528_2190601967,0,2,15
11250.0,cluster_12013799529_12013799530_473195061,3,0,15
11251.0,2496228891,4,0,23
11251.0,cluster_12013799525_12013799526_2496228894,0,0,15
11251.0,cluster_12013799527_12013799528_2190601967,0,2,15
11251.0,cluster_12013799529_12013799530_473195061,3,0,15
11252.0,2496228891,4,0,23
11252.0,cluster_12013799525_12013799526_2496228894,0,0,15
11252.0,cluster_12013799527_12013799528_2190601967,0,2,15
11252.0,cluster_12013799529_12013799530_473195061,3,0,15
11253.0,2496228891,3,0,15
11253.0,cluster_12013799525_12013799526_2496228894,0,0,15
11253.0,cluster_12013799527_12013799528_2190601967,0,2,15
11253.0,cluster_12013799529_12013799530_473195061,2,0,15
11254.0,2496228891,5,0,23
11254.0,cluster_12013799525_12013799526_2496228894,0,0,15
11254.0,cluster_12013799527_12013799528_2190601967,0,2,15
11254.0,cluster_12013799529_12013799530_473195061,2,0,15
11255.0,2496228891,5,0,21
11255.0,cluster_12013799525_12013799526_2496228894,0,0,15
11255.0,cluster_12013799527_12013799528_2190601967,0,2,15
11255.0,cluster_12013799529_12013799530_473195061,2,0,15
11256.0,2496228891,4,0,21
11256.0,cluster_12013799525_12013799526_2496228894,0,0,15
11256.0,cluster_12013799529_12013799530_473195061,1,0,15
11257.0,2496228891,4,0,21
11257.0,cluster_12013799525_12013799526_2496228894,0,0,15
11257.0,cluster_12013799529_12013799530_473195061,1,0,15
11258.0,2496228891,3,0,15
11258.0,cluster_12013799525_12013799526_2496228894,0,0,15
11258.0,cluster_12013799529_12013799530_473195061,0,0,15
11259.0,2496228891,0,0,15
11259.0,cluster_12013799525_12013799526_2496228894,0,0,15
11259.0,cluster_12013799527_12013799528_2190601967,2,0,15
11259.0,cluster_12013799529_12013799530_473195061,0,0,15
11260.0,2496228891,1,0,15
11260.0,cluster_12013799525_12013799526_2496228894,0,0,15
11260.0,cluster_12013799527_12013799528_2190601967,1,0,15
11260.0,cluster_12013799529_12013799530_473195061,0,0,15
11261.0,2496228891,1,0,15
11261.0,cluster_12013799525_12013799526_2496228894,0,0,15
11261.0,cluster_12013799527_12013799528_2190601967,1,0,15
11261.0,cluster_12013799529_12013799530_473195061,0,0,15
11262.0,2496228891,1,0,15
11262.0,cluster_12013799527_12013799528_2190601967,1,0,15
11262.0,cluster_12013799529_12013799530_473195061,0,0,15
11263.0,2496228891,2,0,15
11263.0,cluster_12013799527_12013799528_2190601967,1,0,15
11263.0,cluster_12013799529_12013799530_473195061,0,0,15
11264.0,2496228891,2,0,15
11264.0,cluster_12013799527_12013799528_2190601967,0,0,15
11264.0,cluster_12013799529_12013799530_473195061,0,0,15
11265.0,cluster_12013799525_12013799526_2496228894,3,2,15
11265.0,cluster_12013799527_12013799528_2190601967,0,0,15
11265.0,cluster_12013799529_12013799530_473195061,0,0,15
11266.0,cluster_12013799525_12013799526_2496228894,2,2,15
11266.0,cluster_12013799527_12013799528_2190601967,0,0,15
11266.0,cluster_12013799529_12013799530_473195061,0,0,15
11267.0,cluster_12013799525_12013799526_2496228894,2,2,15
11267.0,cluster_12013799527_12013799528_2190601967,0,0,15
11267.0,cluster_12013799529_12013799530_473195061,0,0,15
11268.0,2496228891,0,2,15
11268.0,cluster_12013799525_12013799526_2496228894,2,2,15
11268.0,cluster_12013799527_12013799528_2190601967,0,0,15
11268.0,cluster_12013799529_12013799530_473195061,0,0,15
11269.0,2496228891,0,2,15
11269.0,cluster_12013799525_12013799526_2496228894,1,2,15
11269.0,cluster_12013799527_12013799528_2190601967,0,0,15
11269.0,cluster_12013799529_12013799530_473195061,0,0,15
11270.0,2496228891,0,2,15
11270.0,cluster_12013799525_12013799526_2496228894,1,2,15
11270.0,cluster_12013799527_12013799528_2190601967,0,0,15
11271.0,2496228891,0,2,15
11271.0,cluster_12013799525_12013799526_2496228894,1,2,15
11271.0,cluster_12013799527_12013799528_2190601967,0,0,15
11272.0,2496228891,0,2,15
11272.0,cluster_12013799525_12013799526_2496228894,0,2,15
11272.0,cluster_12013799527_12013799528_2190601967,0,0,15
11273.0,2496228891,0,2,15
11273.0,cluster_12013799525_12013799526_2496228894,0,2,15
11273.0,cluster_12013799527_12013799528_2190601967,0,0,15
11273.0,cluster_12013799529_12013799530_473195061,5,2,21
11274.0,2496228891,0,2,15
11274.0,cluster_12013799525_12013799526_2496228894,0,2,15
11274.0,cluster_12013799527_12013799528_2190601967,0,0,15
11274.0,cluster_12013799529_12013799530_473195061,4,2,21
11275.0,2496228891,0,2,15
11275.0,cluster_12013799525_12013799526_2496228894,0,2,15
11275.0,cluster_12013799529_12013799530_473195061,4,2,21
11276.0,2496228891,0,2,15
11276.0,cluster_12013799525_12013799526_2496228894,0,2,15
11276.0,cluster_12013799529_12013799530_473195061,4,2,21
11277.0,2496228891,0,2,15
11277.0,cluster_12013799525_12013799526_2496228894,0,2,15
11277.0,cluster_12013799529_12013799530_473195061,3,2,15
11278.0,2496228891,0,2,15
11278.0,cluster_12013799525_12013799526_2496228894,0,2,15
11278.0,cluster_12013799527_12013799528_2190601967,2,2,15
11278.0,cluster_12013799529_12013799530_473195061,2,2,15
11279.0,2496228891,0,2,15
11279.0,cluster_12013799525_12013799526_2496228894,0,2,15
11279.0,cluster_12013799527_12013799528_2190601967,2,2,15
11279.0,cluster_12013799529_12013799530_473195061,2,2,15
11280.0,2496228891,0,2,15
11280.0,cluster_12013799525_12013799526_2496228894,0,2,15
11280.0,cluster_12013799527_12013799528_2190601967,1,2,15
11280.0,cluster_12013799529_12013799530_473195061,1,2,15
11281.0,2496228891,0,2,15
11281.0,cluster_12013799527_12013799528_2190601967,1,2,15
11281.0,cluster_12013799529_12013799530_473195061,1,2,15
11282.0,2496228891,0,2,15
11282.0,cluster_12013799527_12013799528_2190601967,1,2,15
11282.0,cluster_12013799529_12013799530_473195061,1,2,15
11283.0,2496228891,0,2,15
11283.0,cluster_12013799527_12013799528_2190601967,0,2,15
11283.0,cluster_12013799529_12013799530_473195061,0,2,15
11284.0,cluster_12013799525_12013799526_2496228894,0,0,15
11284.0,cluster_12013799527_12013799528_2190601967,0,2,15
11284.0,cluster_12013799529_12013799530_473195061,0,2,15
11285.0,cluster_12013799525_12013799526_2496228894,0,0,15
11285.0,cluster_12013799527_12013799528_2190601967,0,2,15
11285.0,cluster_12013799529_12013799530_473195061,1,2,15
11286.0,cluster_12013799525_12013799526_2496228894,0,0,15
11286.0,cluster_12013799527_12013799528_2190601967,0,2,15
11286.0,cluster_12013799529_12013799530_473195061,1,2,15
11287.0,2496228891,5,0,21
11287.0,cluster_12013799525_12013799526_2496228894,0,0,15
11287.0,cluster_12013799527_12013799528_2190601967,0,2,15
11287.0,cluster_12013799529_12013799530_473195061,1,2,15
11288.0,2496228891,4,0,21
11288.0,cluster_12013799525_12013799526_2496228894,0,0,15
11288.0,cluster_12013799527_12013799528_2190601967,0,2,15
11288.0,cluster_12013799529_12013799530_473195061,1,2,15
11289.0,2496228891,5,0,23
11289.0,cluster_12013799525_12013799526_2496228894,0,0,15
11289.0,cluster_12013799527_12013799528_2190601967,0,2,15
11289.0,cluster_12013799529_12013799530_473195061,1,2,15
11290.0,2496228891,5,0,21
11290.0,cluster_12013799525_12013799526_2496228894,0,0,15
11290.0,cluster_12013799527_12013799528_2190601967,0,2,15
11290.0,cluster_12013799529_12013799530_473195061,1,2,15
11291.0,2496228891,5,0,23
11291.0,cluster_12013799525_12013799526_2496228894,0,0,15
11291.0,cluster_12013799527_12013799528_2190601967,0,2,15
11291.0,cluster_12013799529_12013799530_473195061,1,2,15
11292.0,2496228891,3,0,15
11292.0,cluster_12013799525_12013799526_2496228894,0,0,15
11292.0,cluster_12013799527_12013799528_2190601967,0,2,15
11292.0,cluster_12013799529_12013799530_473195061,1,2,15
11293.0,2496228891,3,0,15
11293.0,cluster_12013799525_12013799526_2496228894,0,0,15
11293.0,cluster_12013799527_12013799528_2190601967,0,2,15
11293.0,cluster_12013799529_12013799530_473195061,1,2,15
11294.0,2496228891,3,0,15
11294.0,cluster_12013799525_12013799526_2496228894,0,0,15
11294.0,cluster_12013799529_12013799530_473195061,0,2,15
11295.0,2496228891,2,0,15
11295.0,cluster_12013799525_12013799526_2496228894,0,0,15
11296.0,2496228891,2,0,15
11296.0,cluster_12013799525_12013799526_2496228894,0,0,15
11297.0,2496228891,1,0,15
11297.0,cluster_12013799525_12013799526_2496228894,0,0,15
11297.0,cluster_12013799527_12013799528_2190601967,0,0,15
11298.0,2496228891,1,0,15
11298.0,cluster_12013799525_12013799526_2496228894,0,0,15
11298.0,cluster_12013799527_12013799528_2190601967,0,0,15
11298.0,cluster_12013799529_12013799530_473195061,0,0,15
11299.0,2496228891,1,0,15
11299.0,cluster_12013799525_12013799526_2496228894,0,0,15
11299.0,cluster_12013799527_12013799528_2190601967,0,0,15
11299.0,cluster_12013799529_12013799530_473195061,0,0,15
11300.0,2496228891,0,0,15
11300.0,cluster_12013799527_12013799528_2190601967,0,0,15
11300.0,cluster_12013799529_12013799530_473195061,0,0,15
11301.0,2496228891,1,0,15
11301.0,cluster_12013799527_12013799528_2190601967,1,0,15
11301.0,cluster_12013799529_12013799530_473195061,1,0,15
11302.0,2496228891,1,0,15
11302.0,cluster_12013799527_12013799528_2190601967,1,0,15
11302.0,cluster_12013799529_12013799530_473195061,1,0,15
11303.0,2496228891,1,0,15
11303.0,cluster_12013799525_12013799526_2496228894,5,2,21
11303.0,cluster_12013799527_12013799528_2190601967,1,0,15
11303.0,cluster_12013799529_12013799530_473195061,1,0,15
11304.0,2496228891,1,0,15
11304.0,cluster_12013799525_12013799526_2496228894,5,2,21
11304.0,cluster_12013799527_12013799528_2190601967,1,0,15
11304.0,cluster_12013799529_12013799530_473195061,1,0,15
11305.0,2496228891,2,0,15
11305.0,cluster_12013799525_12013799526_2496228894,5,2,23
11305.0,cluster_12013799527_12013799528_2190601967,2,0,15
11305.0,cluster_12013799529_12013799530_473195061,2,0,15
11306.0,2496228891,2,0,15
11306.0,cluster_12013799525_12013799526_2496228894,4,2,21
11306.0,cluster_12013799527_12013799528_2190601967,2,0,15
11306.0,cluster_12013799529_12013799530_473195061,2,0,15
11307.0,2496228891,2,0,15
11307.0,cluster_12013799525_12013799526_2496228894,4,2,21
11307.0,cluster_12013799527_12013799528_2190601967,2,0,15
11307.0,cluster_12013799529_12013799530_473195061,2,0,15
11308.0,2496228891,2,0,15
11308.0,cluster_12013799525_12013799526_2496228894,3,2,15
11308.0,cluster_12013799527_12013799528_2190601967,2,0,15
11308.0,cluster_12013799529_12013799530_473195061,2,0,15
11309.0,cluster_12013799525_12013799526_2496228894,3,2,15
11309.0,cluster_12013799527_12013799528_2190601967,3,0,15
11309.0,cluster_12013799529_12013799530_473195061,3,0,15
11310.0,cluster_12013799525_12013799526_2496228894,4,2,23
11310.0,cluster_12013799527_12013799528_2190601967,3,0,15
11310.0,cluster_12013799529_12013799530_473195061,3,0,15
11311.0,cluster_12013799525_12013799526_2496228894,4,2,21
11311.0,cluster_12013799527_12013799528_2190601967,3,0,15
11311.0,cluster_12013799529_12013799530_473195061,3,0,15
11312.0,2496228891,3,2,15
11312.0,cluster_12013799525_12013799526_2496228894,4,2,21
11312.0,cluster_12013799527_12013799528_2190601967,3,0,15
11312.0,cluster_12013799529_12013799530_473195061,3,0,15
11313.0,2496228891,2,2,15
11313.0,cluster_12013799525_12013799526_2496228894,2,2,15
11313.0,cluster_12013799529_12013799530_473195061,4,0,23
11314.0,2496228891,3,2,15
11314.0,cluster_12013799525_12013799526_2496228894,3,2,15
11315.0,2496228891,3,2,15
11315.0,cluster_12013799525_12013799526_2496228894,3,2,15
11316.0,2496228891,3,2,15
11316.0,cluster_12013799525_12013799526_2496228894,3,2,15
11316.0,cluster_12013799527_12013799528_2190601967,5,2,21
11317.0,2496228891,3,2,15
11317.0,cluster_12013799525_12013799526_2496228894,3,2,15
11317.0,cluster_12013799527_12013799528_2190601967,5,2,21
11317.0,cluster_12013799529_12013799530_473195061,5,2,22
11318.0,2496228891,3,2,15
11318.0,cluster_12013799525_12013799526_2496228894,3,2,15
11318.0,cluster_12013799527_12013799528_2190601967,4,2,21
11318.0,cluster_12013799529_12013799530_473195061,5,2,21
11319.0,2496228891,2,2,15
11319.0,cluster_12013799525_12013799526_2496228894,2,2,15
11319.0,cluster_12013799527_12013799528_2190601967,4,2,21
11319.0,cluster_12013799529_12013799530_473195061,5,2,21
11320.0,2496228891,2,2,15
11320.0,cluster_12013799525_12013799526_2496228894,2,2,15
11320.0,cluster_12013799527_12013799528_2190601967,4,2,21
11320.0,cluster_12013799529_12013799530_473195061,5,2,21
11321.0,2496228891,2,2,15
11321.0,cluster_12013799525_12013799526_2496228894,3,2,15
11321.0,cluster_12013799527_12013799528_2190601967,4,2,21
11321.0,cluster_12013799529_12013799530_473195061,6,2,23
11322.0,2496228891,1,2,15
11322.0,cluster_12013799525_12013799526_2496228894,2,2,15
11322.0,cluster_12013799527_12013799528_2190601967,4,2,21
11322.0,cluster_12013799529_12013799530_473195061,6,2,21
11323.0,2496228891,1,2,15
11323.0,cluster_12013799525_12013799526_2496228894,2,2,15
11323.0,cluster_12013799527_12013799528_2190601967,4,2,21
11323.0,cluster_12013799529_12013799530_473195061,6,2,21
11324.0,2496228891,1,2,15
11324.0,cluster_12013799525_12013799526_2496228894,3,2,15
11324.0,cluster_12013799527_12013799528_2190601967,4,2,21
11324.0,cluster_12013799529_12013799530_473195061,6,2,21
11325.0,2496228891,1,2,15
11325.0,cluster_12013799527_12013799528_2190601967,4,2,21
11325.0,cluster_12013799529_12013799530_473195061,7,2,23
11326.0,2496228891,0,2,15
11326.0,cluster_12013799527_12013799528_2190601967,4,2,21
11326.0,cluster_12013799529_12013799530_473195061,7,2,21
11327.0,2496228891,0,2,15
11327.0,cluster_12013799527_12013799528_2190601967,4,2,21
11327.0,cluster_12013799529_12013799530_473195061,7,2,21
11328.0,cluster_12013799525_12013799526_2496228894,3,0,15
11328.0,cluster_12013799527_12013799528_2190601967,3,2,15
11328.0,cluster_12013799529_12013799530_473195061,7,2,21
11329.0,cluster_12013799525_12013799526_2496228894,3,0,15
11329.0,cluster_12013799527_12013799528_2190601967,3,2,15
11329.0,cluster_12013799529_12013799530_473195061,7,2,21
11330.0,cluster_12013799525_12013799526_2496228894,3,0,15
11330.0,cluster_12013799527_12013799528_2190601967,3,2,15
11330.0,cluster_12013799529_12013799530_473195061,7,2,21
11331.0,2496228891,5,0,21
11331.0,cluster_12013799525_12013799526_2496228894,3,0,15
11331.0,cluster_12013799527_12013799528_2190601967,3,2,15
11331.0,cluster_12013799529_12013799530_473195061,7,2,21
11332.0,2496228891,5,0,21
11332.0,cluster_12013799525_12013799526_2496228894,2,0,15
11332.0,cluster_12013799527_12013799528_2190601967,2,2,15
11332.0,cluster_12013799529_12013799530_473195061,7,2,21
11333.0,2496228891,5,0,21
11333.0,cluster_12013799525_12013799526_2496228894,2,0,15
11333.0,cluster_12013799527_12013799528_2190601967,2,2,15
11333.0,cluster_12013799529_12013799530_473195061,7,2,21
11334.0,2496228891,5,0,21
11334.0,cluster_12013799525_12013799526_2496228894,2,0,15
11334.0,cluster_12013799527_12013799528_2190601967,3,2,15
11334.0,cluster_12013799529_12013799530_473195061,7,2,21
11335.0,2496228891,5,0,21
11335.0,cluster_12013799525_12013799526_2496228894,1,0,15
11335.0,cluster_12013799527_12013799528_2190601967,2,2,15
11335.0,cluster_12013799529_12013799530_473195061,7,2,21
11336.0,2496228891,5,0,21
11336.0,cluster_12013799525_12013799526_2496228894,1,0,15
11336.0,cluster_12013799527_12013799528_2190601967,3,2,15
11336.0,cluster_12013799529_12013799530_473195061,7,2,21
11337.0,2496228891,5,0,21
11337.0,cluster_12013799525_12013799526_2496228894,1,0,15
11337.0,cluster_12013799527_12013799528_2190601967,3,2,15
11337.0,cluster_12013799529_12013799530_473195061,7,2,21
11338.0,2496228891,5,0,21
11338.0,cluster_12013799525_12013799526_2496228894,0,0,15
11338.0,cluster_12013799529_12013799530_473195061,7,2,21
11339.0,2496228891,5,0,21
11339.0,cluster_12013799525_12013799526_2496228894,0,0,15
11339.0,cluster_12013799529_12013799530_473195061,7,2,21
11340.0,2496228891,5,0,21
11340.0,cluster_12013799525_12013799526_2496228894,0,0,15
11341.0,2496228891,5,0,21
11341.0,cluster_12013799525_12013799526_2496228894,0,0,15
11341.0,cluster_12013799527_12013799528_2190601967,6,0,21
11342.0,2496228891,5,0,21
11342.0,cluster_12013799525_12013799526_2496228894,0,0,15
11342.0,cluster_12013799527_12013799528_2190601967,6,0,21
11343.0,2496228891,5,0,21
11343.0,cluster_12013799525_12013799526_2496228894,0,0,15
11343.0,cluster_12013799527_12013799528_2190601967,6,0,21
11343.0,cluster_12013799529_12013799530_473195061,5,0,21
11344.0,2496228891,4,0,21
11344.0,cluster_12013799527_12013799528_2190601967,6,0,21
11344.0,cluster_12013799529_12013799530_473195061,4,0,21
11345.0,2496228891,4,0,21
11345.0,cluster_12013799527_12013799528_2190601967,6,0,21
11345.0,cluster_12013799529_12013799530_473195061,4,0,21
11346.0,2496228891,4,0,21
11346.0,cluster_12013799527_12013799528_2190601967,5,0,21
11346.0,cluster_12013799529_12013799530_473195061,4,0,21
11347.0,2496228891,4,0,21
11347.0,cluster_12013799525_12013799526_2496228894,3,2,15
11347.0,cluster_12013799527_12013799528_2190601967,5,0,21
11347.0,cluster_12013799529_12013799530_473195061,4,0,21
11348.0,2496228891,3,0,15
11348.0,cluster_12013799525_12013799526_2496228894,1,2,15
11348.0,cluster_12013799527_12013799528_2190601967,4,0,21
11348.0,cluster_12013799529_12013799530_473195061,3,0,15
11349.0,2496228891,5,0,23
11349.0,cluster_12013799525_12013799526_2496228894,1,2,15
11349.0,cluster_12013799527_12013799528_2190601967,4,0,21
11349.0,cluster_12013799529_12013799530_473195061,3,0,15
11350.0,2496228891,5,0,21
11350.0,cluster_12013799525_12013799526_2496228894,1,2,15
11350.0,cluster_12013799527_12013799528_2190601967,3,0,15
11350.0,cluster_12013799529_12013799530_473195061,3,0,15
11351.0,2496228891,6,0,23
11351.0,cluster_12013799525_12013799526_2496228894,1,2,15
11351.0,cluster_12013799527_12013799528_2190601967,3,0,15
11351.0,cluster_12013799529_12013799530_473195061,2,0,15
11352.0,2496228891,6,0,21
11352.0,cluster_12013799525_12013799526_2496228894,0,2,15
11352.0,cluster_12013799527_12013799528_2190601967,3,0,15
11352.0,cluster_12013799529_12013799530_473195061,2,0,15
11353.0,cluster_12013799525_12013799526_2496228894,0,2,15
11353.0,cluster_12013799527_12013799528_2190601967,2,0,15
11353.0,cluster_12013799529_12013799530_473195061,2,0,15
11354.0,cluster_12013799525_12013799526_2496228894,0,2,15
11354.0,cluster_12013799527_12013799528_2190601967,2,0,15
11354.0,cluster_12013799529_12013799530_473195061,1,0,15
11355.0,cluster_12013799525_12013799526_2496228894,0,2,15
11355.0,cluster_12013799527_12013799528_2190601967,1,0,15
11355.0,cluster_12013799529_12013799530_473195061,1,0,15
11356.0,2496228891,0,2,15
11356.0,cluster_12013799525_12013799526_2496228894,0,2,15
11356.0,cluster_12013799527_12013799528_2190601967,1,0,15
11356.0,cluster_12013799529_12013799530_473195061,0,0,15
11357.0,2496228891,0,2,15
11357.0,cluster_12013799525_12013799526_2496228894,0,2,15
11357.0,cluster_12013799527_12013799528_2190601967,0,0,15
11357.0,cluster_12013799529_12013799530_473195061,0,0,15
11358.0,2496228891,0,2,15
11358.0,cluster_12013799525_12013799526_2496228894,0,2,15
11358.0,cluster_12013799527_12013799528_2190601967,0,0,15
11358.0,cluster_12013799529_12013799530_473195061,0,0,15
11359.0,2496228891,0,2,15
11359.0,cluster_12013799525_12013799526_2496228894,0,2,15
11359.0,cluster_12013799527_12013799528_2190601967,0,0,15
11359.0,cluster_12013799529_12013799530_473195061,0,0,15
11360.0,2496228891,0,2,15
11360.0,cluster_12013799525_12013799526_2496228894,0,2,15
11360.0,cluster_12013799527_12013799528_2190601967,0,0,15
11360.0,cluster_12013799529_12013799530_473195061,0,0,15
11361.0,2496228891,0,2,15
11361.0,cluster_12013799525_12013799526_2496228894,0,2,15
11361.0,cluster_12013799527_12013799528_2190601967,0,0,15
11361.0,cluster_12013799529_12013799530_473195061,0,0,15
11362.0,2496228891,0,2,15
11362.0,cluster_12013799525_12013799526_2496228894,0,2,15
11362.0,cluster_12013799527_12013799528_2190601967,0,0,15
11362.0,cluster_12013799529_12013799530_473195061,0,0,15
11363.0,2496228891,0,2,15
11363.0,cluster_12013799529_12013799530_473195061,0,0,15
11364.0,2496228891,0,2,15
11364.0,cluster_12013799529_12013799530_473195061,0,0,15
11365.0,2496228891,0,2,15
11366.0,2496228891,0,2,15
11366.0,cluster_12013799525_12013799526_2496228894,0,0,15
11366.0,cluster_12013799527_12013799528_2190601967,5,2,21
11367.0,2496228891,0,2,15
11367.0,cluster_12013799525_12013799526_2496228894,0,0,15
11367.0,cluster_12013799527_12013799528_2190601967,4,2,21
11368.0,2496228891,0,2,15
11368.0,cluster_12013799525_12013799526_2496228894,0,0,15
11368.0,cluster_12013799527_12013799528_2190601967,4,2,21
11368.0,cluster_12013799529_12013799530_473195061,6,2,21
11369.0,2496228891,0,2,15
11369.0,cluster_12013799525_12013799526_2496228894,0,0,15
11369.0,cluster_12013799527_12013799528_2190601967,4,2,21
11369.0,cluster_12013799529_12013799530_473195061,4,2,21
11370.0,2496228891,0,2,15
11370.0,cluster_12013799525_12013799526_2496228894,0,0,15
11370.0,cluster_12013799527_12013799528_2190601967,3,2,15
11370.0,cluster_12013799529_12013799530_473195061,4,2,21
11371.0,2496228891,0,2,15
11371.0,cluster_12013799525_12013799526_2496228894,0,0,15
11371.0,cluster_12013799527_12013799528_2190601967,2,2,15
11371.0,cluster_12013799529_12013799530_473195061,5,2,23
11372.0,cluster_12013799525_12013799526_2496228894,0,0,15
11372.0,cluster_12013799527_12013799528_2190601967,2,2,15
11372.0,cluster_12013799529_12013799530_473195061,4,2,21
11373.0,cluster_12013799525_12013799526_2496228894,0,0,15
11373.0,cluster_12013799527_12013799528_2190601967,2,2,15
11373.0,cluster_12013799529_12013799530_473195061,4,2,21
11374.0,cluster_12013799525_12013799526_2496228894,0,0,15
11374.0,cluster_12013799527_12013799528_2190601967,1,2,15
11374.0,cluster_12013799529_12013799530_473195061,4,2,21
11375.0,2496228891,6,0,21
11375.0,cluster_12013799525_12013799526_2496228894,0,0,15
11375.0,cluster_12013799527_12013799528_2190601967,1,2,15
11375.0,cluster_12013799529_12013799530_473195061,4,2,21
11376.0,2496228891,4,0,21
11376.0,cluster_12013799525_12013799526_2496228894,0,0,15
11376.0,cluster_12013799527_12013799528_2190601967,0,2,15
11376.0,cluster_12013799529_12013799530_473195061,4,2,21
11377.0,2496228891,4,0,23
11377.0,cluster_12013799525_12013799526_2496228894,0,0,15
11377.0,cluster_12013799527_12013799528_2190601967,0,2,15
11377.0,cluster_12013799529_12013799530_473195061,4,2,21
11378.0,2496228891,2,0,15
11378.0,cluster_12013799525_12013799526_2496228894,0,0,15
11378.0,cluster_12013799527_12013799528_2190601967,0,2,15
11378.0,cluster_12013799529_12013799530_473195061,4,2,21
11379.0,2496228891,2,0,15
11379.0,cluster_12013799525_12013799526_2496228894,0,0,15
11379.0,cluster_12013799527_12013799528_2190601967,0,2,15
11379.0,cluster_12013799529_12013799530_473195061,4,2,21
11380.0,2496228891,2,0,15
11380.0,cluster_12013799525_12013799526_2496228894,0,0,15
11380.0,cluster_12013799527_12013799528_2190601967,0,2,15
11380.0,cluster_12013799529_12013799530_473195061,4,2,21
11381.0,2496228891,2,0,15
11381.0,cluster_12013799525_12013799526_2496228894,0,0,15
11381.0,cluster_12013799527_12013799528_2190601967,0,2,15
11381.0,cluster_12013799529_12013799530_473195061,3,2,15
11382.0,2496228891,2,0,15
11382.0,cluster_12013799527_12013799528_2190601967,0,2,15
11382.0,cluster_12013799529_12013799530_473195061,3,2,15
11383.0,2496228891,3,0,15
11383.0,cluster_12013799527_12013799528_2190601967,0,2,15
11383.0,cluster_12013799529_12013799530_473195061,3,2,15
11384.0,2496228891,3,0,15
11384.0,cluster_12013799527_12013799528_2190601967,0,2,15
11384.0,cluster_12013799529_12013799530_473195061,2,2,15
11385.0,2496228891,5,0,23
11385.0,cluster_12013799525_12013799526_2496228894,3,2,15
11385.0,cluster_12013799527_12013799528_2190601967,0,2,15
11385.0,cluster_12013799529_12013799530_473195061,2,2,15
11386.0,2496228891,4,0,21
11386.0,cluster_12013799525_12013799526_2496228894,3,2,15
11386.0,cluster_12013799527_12013799528_2190601967,0,2,15
11386.0,cluster_12013799529_12013799530_473195061,1,2,15
11387.0,2496228891,4,0,23
11387.0,cluster_12013799525_12013799526_2496228894,3,2,15
11387.0,cluster_12013799527_12013799528_2190601967,0,2,15
11387.0,cluster_12013799529_12013799530_473195061,1,2,15
11388.0,2496228891,3,0,15
11388.0,cluster_12013799525_12013799526_2496228894,3,2,15
11388.0,cluster_12013799529_12013799530_473195061,0,2,15
11389.0,2496228891,3,0,15
11389.0,cluster_12013799525_12013799526_2496228894,3,2,15
11389.0,cluster_12013799529_12013799530_473195061,0,2,15
11390.0,2496228891,1,0,15
11390.0,cluster_12013799525_12013799526_2496228894,3,2,15
11391.0,2496228891,1,0,15
11391.0,cluster_12013799525_12013799526_2496228894,3,2,15
11391.0,cluster_12013799527_12013799528_2190601967,0,0,15
11392.0,2496228891,1,0,15
11392.0,cluster_12013799525_12013799526_2496228894,3,2,15
11392.0,cluster_12013799527_12013799528_2190601967,0,0,15
11393.0,2496228891,2,0,15
11393.0,cluster_12013799525_12013799526_2496228894,3,2,15
11393.0,cluster_12013799527_12013799528_2190601967,0,0,15
11393.0,cluster_12013799529_12013799530_473195061,0,0,15
11394.0,2496228891,2,0,15
11394.0,cluster_12013799525_12013799526_2496228894,3,2,15
11394.0,cluster_12013799527_12013799528_2190601967,0,0,15
11394.0,cluster_12013799529_12013799530_473195061,0,0,15
11395.0,2496228891,2,0,15
11395.0,cluster_12013799525_12013799526_2496228894,3,2,15
11395.0,cluster_12013799527_12013799528_2190601967,0,0,15
11395.0,cluster_12013799529_12013799530_473195061,0,0,15
11396.0,2496228891,1,0,15
11396.0,cluster_12013799525_12013799526_2496228894,2,2,15
11396.0,cluster_12013799527_12013799528_2190601967,0,0,15
11396.0,cluster_12013799529_12013799530_473195061,0,0,15
11397.0,cluster_12013799525_12013799526_2496228894,2,2,15
11397.0,cluster_12013799527_12013799528_2190601967,0,0,15
11397.0,cluster_12013799529_12013799530_473195061,0,0,15
11398.0,cluster_12013799525_12013799526_2496228894,2,2,15
11398.0,cluster_12013799527_12013799528_2190601967,0,0,15
11398.0,cluster_12013799529_12013799530_473195061,0,0,15
11399.0,cluster_12013799525_12013799526_2496228894,2,2,15
11399.0,cluster_12013799527_12013799528_2190601967,0,0,15
11399.0,cluster_12013799529_12013799530_473195061,0,0,15
11400.0,2496228891,0,2,15
11400.0,cluster_12013799525_12013799526_2496228894,2,2,15
11400.0,cluster_12013799527_12013799528_2190601967,0,0,15
11400.0,cluster_12013799529_12013799530_473195061,0,0,15
11401.0,2496228891,1,2,15
11401.0,cluster_12013799527_12013799528_2190601967,1,0,15
11401.0,cluster_12013799529_12013799530_473195061,1,0,15
11402.0,2496228891,1,2,15
11402.0,cluster_12013799527_12013799528_2190601967,1,0,15
11402.0,cluster_12013799529_12013799530_473195061,1,0,15
11403.0,2496228891,1,2,15
11403.0,cluster_12013799527_12013799528_2190601967,1,0,15
11403.0,cluster_12013799529_12013799530_473195061,1,0,15
11404.0,2496228891,1,2,15
11404.0,cluster_12013799525_12013799526_2496228894,1,0,15
11404.0,cluster_12013799527_12013799528_2190601967,1,0,15
11404.0,cluster_12013799529_12013799530_473195061,1,0,15
11405.0,2496228891,2,2,15
11405.0,cluster_12013799525_12013799526_2496228894,2,0,15
11405.0,cluster_12013799527_12013799528_2190601967,2,0,15
11405.0,cluster_12013799529_12013799530_473195061,2,0,15
11406.0,2496228891,2,2,15
11406.0,cluster_12013799525_12013799526_2496228894,2,0,15
11406.0,cluster_12013799527_12013799528_2190601967,2,0,15
11406.0,cluster_12013799529_12013799530_473195061,2,0,15
11407.0,2496228891,2,2,15
11407.0,cluster_12013799525_12013799526_2496228894,2,0,15
11407.0,cluster_12013799529_12013799530_473195061,2,0,15
11408.0,2496228891,2,2,15
11408.0,cluster_12013799525_12013799526_2496228894,2,0,15
11408.0,cluster_12013799529_12013799530_473195061,2,0,15
11409.0,2496228891,3,2,15
11409.0,cluster_12013799525_12013799526_2496228894,3,0,15
11410.0,2496228891,2,2,15
11410.0,cluster_12013799525_12013799526_2496228894,2,0,15
11410.0,cluster_12013799527_12013799528_2190601967,3,2,15
11411.0,2496228891,3,2,15
11411.0,cluster_12013799525_12013799526_2496228894,2,0,15
11411.0,cluster_12013799527_12013799528_2190601967,2,2,15
11412.0,2496228891,3,2,15
11412.0,cluster_12013799525_12013799526_2496228894,2,0,15
11412.0,cluster_12013799527_12013799528_2190601967,2,2,15
11412.0,cluster_12013799529_12013799530_473195061,3,2,15
11413.0,2496228891,3,2,15
11413.0,cluster_12013799525_12013799526_2496228894,3,0,15
11413.0,cluster_12013799527_12013799528_2190601967,4,2,23
11413.0,cluster_12013799529_12013799530_473195061,4,2,23
11414.0,2496228891,2,2,15
11414.0,cluster_12013799525_12013799526_2496228894,3,0,15
11414.0,cluster_12013799527_12013799528_2190601967,4,2,21
11414.0,cluster_12013799529_12013799530_473195061,4,2,21
11415.0,2496228891,3,2,15
11415.0,cluster_12013799525_12013799526_2496228894,2,0,15
11415.0,cluster_12013799527_12013799528_2190601967,3,2,15
11415.0,cluster_12013799529_12013799530_473195061,4,2,21
11416.0,cluster_12013799525_12013799526_2496228894,2,0,15
11416.0,cluster_12013799527_12013799528_2190601967,3,2,15
11416.0,cluster_12013799529_12013799530_473195061,4,2,21
11417.0,cluster_12013799525_12013799526_2496228894,2,0,15
11417.0,cluster_12013799527_12013799528_2190601967,4,2,23
11417.0,cluster_12013799529_12013799530_473195061,5,2,23
11418.0,cluster_12013799525_12013799526_2496228894,1,0,15
11418.0,cluster_12013799527_12013799528_2190601967,3,2,15
11418.0,cluster_12013799529_12013799530_473195061,5,2,21
11419.0,2496228891,5,0,21
11419.0,cluster_12013799525_12013799526_2496228894,1,0,15
11419.0,cluster_12013799527_12013799528_2190601967,3,2,15
11419.0,cluster_12013799529_12013799530_473195061,5,2,21
11420.0,2496228891,5,0,21
11420.0,cluster_12013799527_12013799528_2190601967,3,2,15
11420.0,cluster_12013799529_12013799530_473195061,5,2,21
11421.0,2496228891,5,0,21
11421.0,cluster_12013799527_12013799528_2190601967,4,2,23
11421.0,cluster_12013799529_12013799530_473195061,6,2,23
11422.0,2496228891,5,0,21
11422.0,cluster_12013799527_12013799528_2190601967,3,2,15
11422.0,cluster_12013799529_12013799530_473195061,6,2,21
11423.0,2496228891,5,0,21
11423.0,cluster_12013799525_12013799526_2496228894,5,2,21
11423.0,cluster_12013799527_12013799528_2190601967,4,2,23
11423.0,cluster_12013799529_12013799530_473195061,6,2,21
11424.0,2496228891,5,0,21
11424.0,cluster_12013799525_12013799526_2496228894,4,2,21
11424.0,cluster_12013799527_12013799528_2190601967,3,2,15
11424.0,cluster_12013799529_12013799530_473195061,6,2,21
11425.0,2496228891,5,0,21
11425.0,cluster_12013799525_12013799526_2496228894,4,2,21
11425.0,cluster_12013799527_12013799528_2190601967,3,2,15
11425.0,cluster_12013799529_12013799530_473195061,7,2,23
11426.0,2496228891,5,0,21
11426.0,cluster_12013799525_12013799526_2496228894,4,2,21
11426.0,cluster_12013799529_12013799530_473195061,8,2,24
11427.0,2496228891,5,0,21
11427.0,cluster_12013799525_12013799526_2496228894,4,2,21
11427.0,cluster_12013799529_12013799530_473195061,8,2,21
11428.0,2496228891,5,0,21
11428.0,cluster_12013799525_12013799526_2496228894,4,2,21
11429.0,2496228891,5,0,21
11429.0,cluster_12013799525_12013799526_2496228894,4,2,21
11429.0,cluster_12013799527_12013799528_2190601967,6,0,21
11430.0,2496228891,5,0,21
11430.0,cluster_12013799525_12013799526_2496228894,4,2,21
11430.0,cluster_12013799527_12013799528_2190601967,6,0,21
11431.0,2496228891,5,0,21
11431.0,cluster_12013799525_12013799526_2496228894,4,2,21
11431.0,cluster_12013799527_12013799528_2190601967,6,0,21
11431.0,cluster_12013799529_12013799530_473195061,5,0,21
11432.0,2496228891,4,0,21
11432.0,cluster_12013799525_12013799526_2496228894,4,2,21
11432.0,cluster_12013799527_12013799528_2190601967,6,0,21
11432.0,cluster_12013799529_12013799530_473195061,4,0,21
11433.0,2496228891,4,0,21
11433.0,cluster_12013799525_12013799526_2496228894,3,2,15
11433.0,cluster_12013799527_12013799528_2190601967,5,0,21
11433.0,cluster_12013799529_12013799530_473195061,4,0,21
11434.0,2496228891,4,0,21
11434.0,cluster_12013799525_12013799526_2496228894,3,2,15
11434.0,cluster_12013799527_12013799528_2190601967,5,0,21
11434.0,cluster_12013799529_12013799530_473195061,4,0,21
11435.0,2496228891,3,0,15
11435.0,cluster_12013799525_12013799526_2496228894,3,2,15
11435.0,cluster_12013799527_12013799528_2190601967,5,0,21
11435.0,cluster_12013799529_12013799530_473195061,3,0,15
11436.0,2496228891,5,0,23
11436.0,cluster_12013799525_12013799526_2496228894,3,2,15
11436.0,cluster_12013799527_12013799528_2190601967,4,0,21
11436.0,cluster_12013799529_12013799530_473195061,3,0,15
11437.0,2496228891,5,0,21
11437.0,cluster_12013799525_12013799526_2496228894,3,2,15
11437.0,cluster_12013799527_12013799528_2190601967,4,0,21
11437.0,cluster_12013799529_12013799530_473195061,3,0,15
11438.0,2496228891,4,0,21
11438.0,cluster_12013799525_12013799526_2496228894,3,2,15
11438.0,cluster_12013799527_12013799528_2190601967,4,0,21
11438.0,cluster_12013799529_12013799530_473195061,2,0,15
11439.0,2496228891,6,0,23
11439.0,cluster_12013799525_12013799526_2496228894,3,2,15
11439.0,cluster_12013799527_12013799528_2190601967,3,0,15
11439.0,cluster_12013799529_12013799530_473195061,2,0,15
11440.0,2496228891,5,0,21
11440.0,cluster_12013799525_12013799526_2496228894,3,2,15
11440.0,cluster_12013799527_12013799528_2190601967,3,0,15
11440.0,cluster_12013799529_12013799530_473195061,1,0,15
11441.0,cluster_12013799525_12013799526_2496228894,3,2,15
11441.0,cluster_12013799527_12013799528_2190601967,2,0,15
11441.0,cluster_12013799529_12013799530_473195061,1,0,15
11442.0,cluster_12013799525_12013799526_2496228894,3,2,15
11442.0,cluster_12013799527_12013799528_2190601967,2,0,15
11442.0,cluster_12013799529_12013799530_473195061,1,0,15
11443.0,cluster_12013799525_12013799526_2496228894,3,2,15
11443.0,cluster_12013799527_12013799528_2190601967,1,0,15
11443.0,cluster_12013799529_12013799530_473195061,0,0,15
11444.0,2496228891,2,2,15
11444.0,cluster_12013799525_12013799526_2496228894,2,2,15
11444.0,cluster_12013799527_12013799528_2190601967,1,0,15
11444.0,cluster_12013799529_12013799530_473195061,0,0,15
11445.0,2496228891,2,2,15
11445.0,cluster_12013799527_12013799528_2190601967,0,0,15
11445.0,cluster_12013799529_12013799530_473195061,0,0,15
11446.0,2496228891,2,2,15
11446.0,cluster_12013799527_12013799528_2190601967,0,0,15
11446.0,cluster_12013799529_12013799530_473195061,0,0,15
11447.0,2496228891,2,2,15
11447.0,cluster_12013799527_12013799528_2190601967,0,0,15
11447.0,cluster_12013799529_12013799530_473195061,0,0,15
11448.0,2496228891,1,2,15
11448.0,cluster_12013799525_12013799526_2496228894,0,0,15
11448.0,cluster_12013799527_12013799528_2190601967,0,0,15
11448.0,cluster_12013799529_12013799530_473195061,0,0,15
11449.0,2496228891,1,2,15
11449.0,cluster_12013799525_12013799526_2496228894,0,0,15
11449.0,cluster_12013799527_12013799528_2190601967,0,0,15
11449.0,cluster_12013799529_12013799530_473195061,0,0,15
11450.0,2496228891,1,2,15
11450.0,cluster_12013799525_12013799526_2496228894,0,0,15
11450.0,cluster_12013799527_12013799528_2190601967,0,0,15
11450.0,cluster_12013799529_12013799530_473195061,0,0,15
11451.0,2496228891,0,2,15
11451.0,cluster_12013799525_12013799526_2496228894,0,0,15
11451.0,cluster_12013799529_12013799530_473195061,0,0,15
11452.0,2496228891,0,2,15
11452.0,cluster_12013799525_12013799526_2496228894,0,0,15
11452.0,cluster_12013799529_12013799530_473195061,0,0,15
11453.0,2496228891,0,2,15
11453.0,cluster_12013799525_12013799526_2496228894,0,0,15
11454.0,2496228891,0,2,15
11454.0,cluster_12013799525_12013799526_2496228894,0,0,15
11454.0,cluster_12013799527_12013799528_2190601967,3,2,15
11455.0,2496228891,0,2,15
11455.0,cluster_12013799525_12013799526_2496228894,0,0,15
11455.0,cluster_12013799527_12013799528_2190601967,1,2,15
11456.0,2496228891,0,2,15
11456.0,cluster_12013799525_12013799526_2496228894,0,0,15
11456.0,cluster_12013799527_12013799528_2190601967,1,2,15
11456.0,cluster_12013799529_12013799530_473195061,6,2,21
11457.0,2496228891,0,2,15
11457.0,cluster_12013799525_12013799526_2496228894,0,0,15
11457.0,cluster_12013799527_12013799528_2190601967,1,2,15
11457.0,cluster_12013799529_12013799530_473195061,5,2,21
11458.0,2496228891,0,2,15
11458.0,cluster_12013799525_12013799526_2496228894,0,0,15
11458.0,cluster_12013799527_12013799528_2190601967,1,2,15
11458.0,cluster_12013799529_12013799530_473195061,5,2,21
11459.0,2496228891,0,2,15
11459.0,cluster_12013799525_12013799526_2496228894,0,0,15
11459.0,cluster_12013799527_12013799528_2190601967,0,2,15
11459.0,cluster_12013799529_12013799530_473195061,6,2,23
11460.0,cluster_12013799525_12013799526_2496228894,0,0,15
11460.0,cluster_12013799527_12013799528_2190601967,1,2,15
11460.0,cluster_12013799529_12013799530_473195061,4,2,21
11461.0,cluster_12013799525_12013799526_2496228894,0,0,15
11461.0,cluster_12013799527_12013799528_2190601967,1,2,15
11461.0,cluster_12013799529_12013799530_473195061,4,2,21
11462.0,cluster_12013799525_12013799526_2496228894,0,0,15
11462.0,cluster_12013799527_12013799528_2190601967,1,2,15
11462.0,cluster_12013799529_12013799530_473195061,4,2,21
11463.0,2496228891,6,0,21
11463.0,cluster_12013799525_12013799526_2496228894,0,0,15
11463.0,cluster_12013799527_12013799528_2190601967,1,2,15
11463.0,cluster_12013799529_12013799530_473195061,3,2,15
11464.0,2496228891,4,0,21
11464.0,cluster_12013799527_12013799528_2190601967,1,2,15
11464.0,cluster_12013799529_12013799530_473195061,3,2,15
11465.0,2496228891,4,0,23
11465.0,cluster_12013799527_12013799528_2190601967,0,2,15
11465.0,cluster_12013799529_12013799530_473195061,3,2,15
11466.0,2496228891,4,0,21
11466.0,cluster_12013799527_12013799528_2190601967,0,2,15
11466.0,cluster_12013799529_12013799530_473195061,3,2,15
11467.0,2496228891,4,0,21
11467.0,cluster_12013799525_12013799526_2496228894,3,2,15
11467.0,cluster_12013799527_12013799528_2190601967,0,2,15
11467.0,cluster_12013799529_12013799530_473195061,3,2,15
11468.0,2496228891,1,0,15
11468.0,cluster_12013799525_12013799526_2496228894,2,2,15
11468.0,cluster_12013799527_12013799528_2190601967,0,2,15
11468.0,cluster_12013799529_12013799530_473195061,3,2,15
11469.0,2496228891,2,0,15
11469.0,cluster_12013799525_12013799526_2496228894,3,2,15
11469.0,cluster_12013799527_12013799528_2190601967,0,2,15
11469.0,cluster_12013799529_12013799530_473195061,2,2,15
11470.0,2496228891,2,0,15
11470.0,cluster_12013799525_12013799526_2496228894,3,2,15
11470.0,cluster_12013799529_12013799530_473195061,2,2,15
11471.0,2496228891,1,0,15
11471.0,cluster_12013799525_12013799526_2496228894,2,2,15
11471.0,cluster_12013799529_12013799530_473195061,1,2,15
11472.0,2496228891,1,0,15
11472.0,cluster_12013799525_12013799526_2496228894,3,2,15
11472.0,cluster_12013799529_12013799530_473195061,1,2,15
11473.0,2496228891,4,0,23
11473.0,cluster_12013799525_12013799526_2496228894,3,2,15
11473.0,cluster_12013799527_12013799528_2190601967,0,0,15
11473.0,cluster_12013799529_12013799530_473195061,1,2,15
11474.0,2496228891,4,0,23
11474.0,cluster_12013799525_12013799526_2496228894,3,2,15
11474.0,cluster_12013799527_12013799528_2190601967,0,0,15
11474.0,cluster_12013799529_12013799530_473195061,1,2,15
11475.0,2496228891,4,0,23
11475.0,cluster_12013799525_12013799526_2496228894,3,2,15
11475.0,cluster_12013799527_12013799528_2190601967,0,0,15
11475.0,cluster_12013799529_12013799530_473195061,1,2,15
11476.0,2496228891,4,0,21
11476.0,cluster_12013799525_12013799526_2496228894,3,2,15
11476.0,cluster_12013799527_12013799528_2190601967,0,0,15
11476.0,cluster_12013799529_12013799530_473195061,0,2,15
11477.0,2496228891,2,0,15
11477.0,cluster_12013799525_12013799526_2496228894,3,2,15
11477.0,cluster_12013799527_12013799528_2190601967,0,0,15
11477.0,cluster_12013799529_12013799530_473195061,0,2,15
11478.0,2496228891,2,0,15
11478.0,cluster_12013799525_12013799526_2496228894,3,2,15
11478.0,cluster_12013799527_12013799528_2190601967,0,0,15
11479.0,2496228891,3,0,15
11479.0,cluster_12013799525_12013799526_2496228894,2,2,15
11479.0,cluster_12013799527_12013799528_2190601967,0,0,15
11480.0,2496228891,2,0,15
11480.0,cluster_12013799525_12013799526_2496228894,2,2,15
11480.0,cluster_12013799527_12013799528_2190601967,0,0,15
11481.0,2496228891,2,0,15
11481.0,cluster_12013799525_12013799526_2496228894,1,2,15
11481.0,cluster_12013799527_12013799528_2190601967,0,0,15
11481.0,cluster_12013799529_12013799530_473195061,0,0,15
11482.0,2496228891,2,0,15
11482.0,cluster_12013799525_12013799526_2496228894,1,2,15
11482.0,cluster_12013799527_12013799528_2190601967,0,0,15
11482.0,cluster_12013799529_12013799530_473195061,0,0,15
11483.0,2496228891,1,0,15
11483.0,cluster_12013799527_12013799528_2190601967,0,0,15
11483.0,cluster_12013799529_12013799530_473195061,0,0,15
11484.0,2496228891,2,0,15
11484.0,cluster_12013799527_12013799528_2190601967,0,0,15
11484.0,cluster_12013799529_12013799530_473195061,0,0,15
11485.0,cluster_12013799527_12013799528_2190601967,0,0,15
11485.0,cluster_12013799529_12013799530_473195061,0,0,15
11486.0,cluster_12013799525_12013799526_2496228894,0,0,15
11486.0,cluster_12013799527_12013799528_2190601967,0,0,15
11486.0,cluster_12013799529_12013799530_473195061,0,0,15
11487.0,cluster_12013799525_12013799526_2496228894,0,0,15
11487.0,cluster_12013799527_12013799528_2190601967,0,0,15
11487.0,cluster_12013799529_12013799530_473195061,0,0,15
11488.0,2496228891,0,2,15
11488.0,cluster_12013799525_12013799526_2496228894,0,0,15
11488.0,cluster_12013799527_12013799528_2190601967,0,0,15
11488.0,cluster_12013799529_12013799530_473195061,0,0,15
11489.0,2496228891,0,2,15
11489.0,cluster_12013799525_12013799526_2496228894,0,0,15
11489.0,cluster_12013799529_12013799530_473195061,0,0,15
11490.0,2496228891,0,2,15
11490.0,cluster_12013799525_12013799526_2496228894,0,0,15
11490.0,cluster_12013799529_12013799530_473195061,0,0,15
11491.0,2496228891,0,2,15
11491.0,cluster_12013799525_12013799526_2496228894,0,0,15
11491.0,cluster_12013799529_12013799530_473195061,0,0,15
11492.0,2496228891,0,2,15
11492.0,cluster_12013799525_12013799526_2496228894,0,0,15
11492.0,cluster_12013799527_12013799528_2190601967,1,2,15
11492.0,cluster_12013799529_12013799530_473195061,0,0,15
11493.0,2496228891,0,2,15
11493.0,cluster_12013799525_12013799526_2496228894,0,0,15
11493.0,cluster_12013799527_12013799528_2190601967,1,2,15
11493.0,cluster_12013799529_12013799530_473195061,0,0,15
11494.0,2496228891,0,2,15
11494.0,cluster_12013799525_12013799526_2496228894,0,0,15
11494.0,cluster_12013799527_12013799528_2190601967,1,2,15
11494.0,cluster_12013799529_12013799530_473195061,0,0,15
11495.0,2496228891,0,2,15
11495.0,cluster_12013799525_12013799526_2496228894,0,0,15
11495.0,cluster_12013799527_12013799528_2190601967,1,2,15
11495.0,cluster_12013799529_12013799530_473195061,0,0,15
11496.0,2496228891,0,2,15
11496.0,cluster_12013799525_12013799526_2496228894,0,0,15
11496.0,cluster_12013799527_12013799528_2190601967,0,2,15
11496.0,cluster_12013799529_12013799530_473195061,0,0,15
11497.0,2496228891,0,2,15
11497.0,cluster_12013799525_12013799526_2496228894,0,0,15
11497.0,cluster_12013799527_12013799528_2190601967,0,2,15
11498.0,2496228891,0,2,15
11498.0,cluster_12013799525_12013799526_2496228894,0,0,15
11498.0,cluster_12013799527_12013799528_2190601967,0,2,15
11499.0,2496228891,0,2,15
11499.0,cluster_12013799525_12013799526_2496228894,0,0,15
11499.0,cluster_12013799527_12013799528_2190601967,0,2,15
11500.0,2496228891,0,2,15
11500.0,cluster_12013799525_12013799526_2496228894,0,0,15
11500.0,cluster_12013799527_12013799528_2190601967,0,2,15
11500.0,cluster_12013799529_12013799530_473195061,1,2,15
11501.0,2496228891,1,2,15
11501.0,cluster_12013799525_12013799526_2496228894,1,0,15
11501.0,cluster_12013799527_12013799528_2190601967,1,2,15
11501.0,cluster_12013799529_12013799530_473195061,2,2,15
11502.0,2496228891,1,2,15
11502.0,cluster_12013799527_12013799528_2190601967,1,2,15
11502.0,cluster_12013799529_12013799530_473195061,2,2,15
11503.0,2496228891,1,2,15
11503.0,cluster_12013799527_12013799528_2190601967,1,2,15
11503.0,cluster_12013799529_12013799530_473195061,2,2,15
11504.0,cluster_12013799527_12013799528_2190601967,1,2,15
11504.0,cluster_12013799529_12013799530_473195061,2,2,15
11505.0,cluster_12013799525_12013799526_2496228894,3,2,15
11505.0,cluster_12013799527_12013799528_2190601967,2,2,15
11505.0,cluster_12013799529_12013799530_473195061,3,2,15
11506.0,cluster_12013799525_12013799526_2496228894,2,2,15
11506.0,cluster_12013799527_12013799528_2190601967,2,2,15
11506.0,cluster_12013799529_12013799530_473195061,3,2,15
11507.0,2496228891,3,0,15
11507.0,cluster_12013799525_12013799526_2496228894,2,2,15
11507.0,cluster_12013799527_12013799528_2190601967,2,2,15
11507.0,cluster_12013799529_12013799530_473195061,2,2,15
11508.0,2496228891,2,0,15
11508.0,cluster_12013799525_12013799526_2496228894,2,2,15
11508.0,cluster_12013799529_12013799530_473195061,2,2,15
11509.0,2496228891,3,0,15
11509.0,cluster_12013799525_12013799526_2496228894,3,2,15
11509.0,cluster_12013799529_12013799530_473195061,3,2,15
11510.0,2496228891,3,0,15
11510.0,cluster_12013799525_12013799526_2496228894,3,2,15
11510.0,cluster_12013799529_12013799530_473195061,3,2,15
11511.0,2496228891,3,0,15
11511.0,cluster_12013799525_12013799526_2496228894,4,2,23
11511.0,cluster_12013799527_12013799528_2190601967,3,0,15
11511.0,cluster_12013799529_12013799530_473195061,3,2,15
11512.0,2496228891,4,0,23
11512.0,cluster_12013799525_12013799526_2496228894,4,2,21
11512.0,cluster_12013799527_12013799528_2190601967,3,0,15
11512.0,cluster_12013799529_12013799530_473195061,3,2,15
11513.0,2496228891,4,0,21
11513.0,cluster_12013799525_12013799526_2496228894,3,2,15
11513.0,cluster_12013799527_12013799528_2190601967,4,0,23
11513.0,cluster_12013799529_12013799530_473195061,4,2,21
11514.0,2496228891,4,0,21
11514.0,cluster_12013799525_12013799526_2496228894,4,2,23
11514.0,cluster_12013799527_12013799528_2190601967,4,0,21
11514.0,cluster_12013799529_12013799530_473195061,4,2,21
11515.0,2496228891,4,0,21
11515.0,cluster_12013799525_12013799526_2496228894,4,2,21
11515.0,cluster_12013799527_12013799528_2190601967,4,0,21
11515.0,cluster_12013799529_12013799530_473195061,4,2,21
11516.0,2496228891,5,0,23
11516.0,cluster_12013799525_12013799526_2496228894,4,2,21
11516.0,cluster_12013799527_12013799528_2190601967,4,0,21
11517.0,2496228891,5,0,21
11517.0,cluster_12013799525_12013799526_2496228894,3,2,15
11517.0,cluster_12013799527_12013799528_2190601967,4,0,21
11518.0,2496228891,5,0,21
11518.0,cluster_12013799525_12013799526_2496228894,4,2,23
11518.0,cluster_12013799527_12013799528_2190601967,4,0,21
11519.0,2496228891,4,0,21
11519.0,cluster_12013799525_12013799526_2496228894,4,2,21
11519.0,cluster_12013799527_12013799528_2190601967,4,0,21
11519.0,cluster_12013799529_12013799530_473195061,4,0,21
11520.0,2496228891,4,0,21
11520.0,cluster_12013799525_12013799526_2496228894,4,2,21
11520.0,cluster_12013799527_12013799528_2190601967,4,0,21
11520.0,cluster_12013799529_12013799530_473195061,4,0,21
11521.0,2496228891,4,0,21
11521.0,cluster_12013799527_12013799528_2190601967,5,0,23
11521.0,cluster_12013799529_12013799530_473195061,4,0,21
11522.0,2496228891,6,0,23
11522.0,cluster_12013799527_12013799528_2190601967,4,0,21
11522.0,cluster_12013799529_12013799530_473195061,4,0,21
11523.0,cluster_12013799527_12013799528_2190601967,4,0,21
11523.0,cluster_12013799529_12013799530_473195061,3,0,15
11524.0,cluster_12013799525_12013799526_2496228894,4,0,21
11524.0,cluster_12013799527_12013799528_2190601967,4,0,21
11524.0,cluster_12013799529_12013799530_473195061,3,0,15
11525.0,cluster_12013799525_12013799526_2496228894,3,0,15
11525.0,cluster_12013799527_12013799528_2190601967,5,0,23
11525.0,cluster_12013799529_12013799530_473195061,2,0,15
11526.0,2496228891,3,2,15
11526.0,cluster_12013799525_12013799526_2496228894,3,0,15
11526.0,cluster_12013799527_12013799528_2190601967,4,0,21
11526.0,cluster_12013799529_12013799530_473195061,2,0,15
11527.0,2496228891,2,2,15
11527.0,cluster_12013799525_12013799526_2496228894,3,0,15
11527.0,cluster_12013799529_12013799530_473195061,2,0,15
11528.0,2496228891,2,2,15
11528.0,cluster_12013799525_12013799526_2496228894,3,0,15
11528.0,cluster_12013799529_12013799530_473195061,2,0,15
11529.0,2496228891,2,2,15
11529.0,cluster_12013799525_12013799526_2496228894,2,0,15
11529.0,cluster_12013799529_12013799530_473195061,2,0,15
11530.0,2496228891,2,2,15
11530.0,cluster_12013799525_12013799526_2496228894,2,0,15
11530.0,cluster_12013799527_12013799528_2190601967,3,2,15
11530.0,cluster_12013799529_12013799530_473195061,1,0,15
11531.0,2496228891,1,2,15
11531.0,cluster_12013799525_12013799526_2496228894,1,0,15
11531.0,cluster_12013799527_12013799528_2190601967,2,2,15
11531.0,cluster_12013799529_12013799530_473195061,1,0,15
11532.0,2496228891,1,2,15
11532.0,cluster_12013799525_12013799526_2496228894,1,0,15
11532.0,cluster_12013799527_12013799528_2190601967,3,2,15
11532.0,cluster_12013799529_12013799530_473195061,1,0,15
11533.0,2496228891,0,2,15
11533.0,cluster_12013799525_12013799526_2496228894,1,0,15
11533.0,cluster_12013799527_12013799528_2190601967,3,2,15
11533.0,cluster_12013799529_12013799530_473195061,1,0,15
11534.0,2496228891,0,2,15
11534.0,cluster_12013799525_12013799526_2496228894,0,0,15
11534.0,cluster_12013799527_12013799528_2190601967,2,2,15
11534.0,cluster_12013799529_12013799530_473195061,1,0,15
11535.0,2496228891,0,2,15
11535.0,cluster_12013799525_12013799526_2496228894,0,0,15
11535.0,cluster_12013799527_12013799528_2190601967,3,2,15
11535.0,cluster_12013799529_12013799530_473195061,0,0,15
11536.0,2496228891,0,2,15
11536.0,cluster_12013799525_12013799526_2496228894,0,0,15
11536.0,cluster_12013799527_12013799528_2190601967,3,2,15
11536.0,cluster_12013799529_12013799530_473195061,0,0,15
11537.0,2496228891,0,2,15
11537.0,cluster_12013799525_12013799526_2496228894,0,0,15
11537.0,cluster_12013799527_12013799528_2190601967,4,2,23
11537.0,cluster_12013799529_12013799530_473195061,0,0,15
11538.0,2496228891,0,2,15
11538.0,cluster_12013799525_12013799526_2496228894,0,0,15
11538.0,cluster_12013799527_12013799528_2190601967,3,2,15
11538.0,cluster_12013799529_12013799530_473195061,0,0,15
11539.0,2496228891,0,2,15
11539.0,cluster_12013799525_12013799526_2496228894,0,0,15
11539.0,cluster_12013799527_12013799528_2190601967,4,2,23
11539.0,cluster_12013799529_12013799530_473195061,0,0,15
11540.0,2496228891,0,2,15
11540.0,cluster_12013799525_12013799526_2496228894,0,0,15
11540.0,cluster_12013799527_12013799528_2190601967,4,2,21
11540.0,cluster_12013799529_12013799530_473195061,0,0,15
11541.0,2496228891,0,2,15
11541.0,cluster_12013799525_12013799526_2496228894,0,0,15
11541.0,cluster_12013799527_12013799528_2190601967,3,2,15
11542.0,cluster_12013799525_12013799526_2496228894,0,0,15
11542.0,cluster_12013799527_12013799528_2190601967,4,2,23
11543.0,cluster_12013799525_12013799526_2496228894,0,0,15
11543.0,cluster_12013799527_12013799528_2190601967,3,2,15
11544.0,cluster_12013799525_12013799526_2496228894,0,0,15
11544.0,cluster_12013799527_12013799528_2190601967,2,2,15
11544.0,cluster_12013799529_12013799530_473195061,6,2,21
11545.0,2496228891,4,0,21
11545.0,cluster_12013799525_12013799526_2496228894,0,0,15
11545.0,cluster_12013799527_12013799528_2190601967,2,2,15
11545.0,cluster_12013799529_12013799530_473195061,5,2,21
11546.0,2496228891,2,0,15
11546.0,cluster_12013799529_12013799530_473195061,5,2,21
11547.0,2496228891,2,0,15
11547.0,cluster_12013799529_12013799530_473195061,5,2,21
11548.0,2496228891,2,0,15
11548.0,cluster_12013799529_12013799530_473195061,5,2,21
11549.0,2496228891,1,0,15
11549.0,cluster_12013799525_12013799526_2496228894,3,2,15
11549.0,cluster_12013799527_12013799528_2190601967,4,0,21
11549.0,cluster_12013799529_12013799530_473195061,5,2,21
11550.0,2496228891,3,0,15
11550.0,cluster_12013799525_12013799526_2496228894,2,2,15
11550.0,cluster_12013799527_12013799528_2190601967,3,0,15
11550.0,cluster_12013799529_12013799530_473195061,4,2,21
11551.0,2496228891,3,0,15
11551.0,cluster_12013799525_12013799526_2496228894,3,2,15
11551.0,cluster_12013799527_12013799528_2190601967,3,0,15
11551.0,cluster_12013799529_12013799530_473195061,4,2,21
11552.0,2496228891,2,0,15
11552.0,cluster_12013799525_12013799526_2496228894,3,2,15
11552.0,cluster_12013799527_12013799528_2190601967,3,0,15
11552.0,cluster_12013799529_12013799530_473195061,4,2,21
11553.0,2496228891,2,0,15
11553.0,cluster_12013799525_12013799526_2496228894,3,2,15
11553.0,cluster_12013799527_12013799528_2190601967,3,0,15
11553.0,cluster_12013799529_12013799530_473195061,4,2,21
11554.0,2496228891,0,0,15
11554.0,cluster_12013799525_12013799526_2496228894,3,2,15
11554.0,cluster_12013799527_12013799528_2190601967,2,0,15
11554.0,cluster_12013799529_12013799530_473195061,3,2,15
11555.0,2496228891,1,0,15
11555.0,cluster_12013799525_12013799526_2496228894,3,2,15
11555.0,cluster_12013799527_12013799528_2190601967,2,0,15
11555.0,cluster_12013799529_12013799530_473195061,4,2,23
11556.0,2496228891,1,0,15
11556.0,cluster_12013799525_12013799526_2496228894,3,2,15
11556.0,cluster_12013799527_12013799528_2190601967,1,0,15
11556.0,cluster_12013799529_12013799530_473195061,2,2,15
11557.0,2496228891,1,0,15
11557.0,cluster_12013799525_12013799526_2496228894,3,2,15
11557.0,cluster_12013799527_12013799528_2190601967,1,0,15
11557.0,cluster_12013799529_12013799530_473195061,3,2,15
11558.0,2496228891,1,0,15
11558.0,cluster_12013799525_12013799526_2496228894,3,2,15
11558.0,cluster_12013799527_12013799528_2190601967,1,0,15
11558.0,cluster_12013799529_12013799530_473195061,3,2,15
11559.0,2496228891,1,0,15
11559.0,cluster_12013799525_12013799526_2496228894,2,2,15
11559.0,cluster_12013799527_12013799528_2190601967,0,0,15
11559.0,cluster_12013799529_12013799530_473195061,3,2,15
11560.0,2496228891,1,0,15
11560.0,cluster_12013799525_12013799526_2496228894,2,2,15
11560.0,cluster_12013799527_12013799528_2190601967,0,0,15
11560.0,cluster_12013799529_12013799530_473195061,3,2,15
11561.0,2496228891,0,0,15
11561.0,cluster_12013799525_12013799526_2496228894,2,2,15
11561.0,cluster_12013799527_12013799528_2190601967,0,0,15
11561.0,cluster_12013799529_12013799530_473195061,4,2,23
11562.0,2496228891,0,0,15
11562.0,cluster_12013799525_12013799526_2496228894,1,2,15
11562.0,cluster_12013799527_12013799528_2190601967,0,0,15
11562.0,cluster_12013799529_12013799530_473195061,4,2,21
11563.0,2496228891,0,0,15
11563.0,cluster_12013799525_12013799526_2496228894,1,2,15
11563.0,cluster_12013799527_12013799528_2190601967,0,0,15
11563.0,cluster_12013799529_12013799530_473195061,4,2,21
11564.0,2496228891,0,0,15
11564.0,cluster_12013799525_12013799526_2496228894,1,2,15
11564.0,cluster_12013799527_12013799528_2190601967,0,0,15
11564.0,cluster_12013799529_12013799530_473195061,4,2,21
11565.0,2496228891,0,0,15
11565.0,cluster_12013799527_12013799528_2190601967,0,0,15
11565.0,cluster_12013799529_12013799530_473195061,4,2,21
11566.0,2496228891,0,0,15
11566.0,cluster_12013799527_12013799528_2190601967,0,0,15
11567.0,cluster_12013799527_12013799528_2190601967,0,0,15
11568.0,cluster_12013799525_12013799526_2496228894,0,0,15
11568.0,cluster_12013799527_12013799528_2190601967,0,0,15
11569.0,cluster_12013799525_12013799526_2496228894,0,0,15
11569.0,cluster_12013799527_12013799528_2190601967,0,0,15
11569.0,cluster_12013799529_12013799530_473195061,0,0,15
11570.0,2496228891,0,2,15
11570.0,cluster_12013799525_12013799526_2496228894,0,0,15
11570.0,cluster_12013799527_12013799528_2190601967,0,0,15
11570.0,cluster_12013799529_12013799530_473195061,0,0,15
11571.0,2496228891,0,2,15
11571.0,cluster_12013799525_12013799526_2496228894,0,0,15
11571.0,cluster_12013799529_12013799530_473195061,0,0,15
11572.0,2496228891,0,2,15
11572.0,cluster_12013799525_12013799526_2496228894,0,0,15
11572.0,cluster_12013799529_12013799530_473195061,0,0,15
11573.0,2496228891,0,2,15
11573.0,cluster_12013799525_12013799526_2496228894,0,0,15
11573.0,cluster_12013799529_12013799530_473195061,0,0,15
11574.0,2496228891,0,2,15
11574.0,cluster_12013799525_12013799526_2496228894,0,0,15
11574.0,cluster_12013799527_12013799528_2190601967,4,2,21
11574.0,cluster_12013799529_12013799530_473195061,0,0,15
11575.0,2496228891,0,2,15
11575.0,cluster_12013799525_12013799526_2496228894,0,0,15
11575.0,cluster_12013799527_12013799528_2190601967,2,2,15
11575.0,cluster_12013799529_12013799530_473195061,0,0,15
11576.0,2496228891,0,2,15
11576.0,cluster_12013799525_12013799526_2496228894,0,0,15
11576.0,cluster_12013799527_12013799528_2190601967,2,2,15
11576.0,cluster_12013799529_12013799530_473195061,0,0,15
11577.0,2496228891,0,2,15
11577.0,cluster_12013799525_12013799526_2496228894,0,0,15
11577.0,cluster_12013799527_12013799528_2190601967,2,2,15
11577.0,cluster_12013799529_12013799530_473195061,0,0,15
11578.0,2496228891,0,2,15
11578.0,cluster_12013799525_12013799526_2496228894,0,0,15
11578.0,cluster_12013799527_12013799528_2190601967,2,2,15
11578.0,cluster_12013799529_12013799530_473195061,0,0,15
11579.0,2496228891,0,2,15
11579.0,cluster_12013799525_12013799526_2496228894,0,0,15
11579.0,cluster_12013799527_12013799528_2190601967,1,2,15
11579.0,cluster_12013799529_12013799530_473195061,0,0,15
11580.0,2496228891,0,2,15
11580.0,cluster_12013799525_12013799526_2496228894,0,0,15
11580.0,cluster_12013799527_12013799528_2190601967,1,2,15
11580.0,cluster_12013799529_12013799530_473195061,0,0,15
11581.0,2496228891,0,2,15
11581.0,cluster_12013799525_12013799526_2496228894,0,0,15
11581.0,cluster_12013799527_12013799528_2190601967,0,2,15
11581.0,cluster_12013799529_12013799530_473195061,0,0,15
11582.0,2496228891,0,2,15
11582.0,cluster_12013799525_12013799526_2496228894,0,0,15
11582.0,cluster_12013799527_12013799528_2190601967,0,2,15
11582.0,cluster_12013799529_12013799530_473195061,0,0,15
11583.0,2496228891,0,2,15
11583.0,cluster_12013799525_12013799526_2496228894,0,0,15
11583.0,cluster_12013799527_12013799528_2190601967,0,2,15
11583.0,cluster_12013799529_12013799530_473195061,0,0,15
11584.0,2496228891,0,2,15
11584.0,cluster_12013799527_12013799528_2190601967,0,2,15
11584.0,cluster_12013799529_12013799530_473195061,0,0,15
11585.0,2496228891,0,2,15
11585.0,cluster_12013799527_12013799528_2190601967,0,2,15
11586.0,cluster_12013799527_12013799528_2190601967,0,2,15
11587.0,cluster_12013799525_12013799526_2496228894,1,2,15
11587.0,cluster_12013799527_12013799528_2190601967,0,2,15
11588.0,cluster_12013799525_12013799526_2496228894,0,2,15
11588.0,cluster_12013799527_12013799528_2190601967,0,2,15
11588.0,cluster_12013799529_12013799530_473195061,5,2,21
11589.0,2496228891,0,0,15
11589.0,cluster_12013799525_12013799526_2496228894,0,2,15
11589.0,cluster_12013799527_12013799528_2190601967,0,2,15
11589.0,cluster_12013799529_12013799530_473195061,5,2,21
11590.0,2496228891,0,0,15
11590.0,cluster_12013799525_12013799526_2496228894,0,2,15
11590.0,cluster_12013799527_12013799528_2190601967,0,2,15
11590.0,cluster_12013799529_12013799530_473195061,5,2,23
11591.0,2496228891,0,0,15
11591.0,cluster_12013799525_12013799526_2496228894,0,2,15
11591.0,cluster_12013799527_12013799528_2190601967,0,2,15
11591.0,cluster_12013799529_12013799530_473195061,5,2,21
11592.0,2496228891,0,0,15
11592.0,cluster_12013799525_12013799526_2496228894,0,2,15
11592.0,cluster_12013799527_12013799528_2190601967,1,2,15
11592.0,cluster_12013799529_12013799530_473195061,4,2,21
11593.0,2496228891,0,0,15
11593.0,cluster_12013799525_12013799526_2496228894,0,2,15
11593.0,cluster_12013799527_12013799528_2190601967,1,2,15
11593.0,cluster_12013799529_12013799530_473195061,4,2,21
11594.0,2496228891,0,0,15
11594.0,cluster_12013799525_12013799526_2496228894,0,2,15
11594.0,cluster_12013799527_12013799528_2190601967,1,2,15
11594.0,cluster_12013799529_12013799530_473195061,4,2,21
11595.0,2496228891,0,0,15
11595.0,cluster_12013799525_12013799526_2496228894,0,2,15
11595.0,cluster_12013799527_12013799528_2190601967,1,2,15
11595.0,cluster_12013799529_12013799530_473195061,3,2,15
11596.0,2496228891,0,0,15
11596.0,cluster_12013799525_12013799526_2496228894,0,2,15
11596.0,cluster_12013799529_12013799530_473195061,2,2,15
11597.0,2496228891,0,0,15
11597.0,cluster_12013799525_12013799526_2496228894,0,2,15
11597.0,cluster_12013799529_12013799530_473195061,2,2,15
11598.0,2496228891,0,0,15
11598.0,cluster_12013799525_12013799526_2496228894,0,2,15
11598.0,cluster_12013799529_12013799530_473195061,1,2,15
11599.0,2496228891,1,0,15
11599.0,cluster_12013799525_12013799526_2496228894,0,2,15
11599.0,cluster_12013799527_12013799528_2190601967,0,0,15
11599.0,cluster_12013799529_12013799530_473195061,1,2,15
11600.0,2496228891,1,0,15
11600.0,cluster_12013799525_12013799526_2496228894,0,2,15
11600.0,cluster_12013799527_12013799528_2190601967,0,0,15
11600.0,cluster_12013799529_12013799530_473195061,0,2,15
11601.0,2496228891,4,0,23
11601.0,cluster_12013799525_12013799526_2496228894,1,2,15
11601.0,cluster_12013799527_12013799528_2190601967,1,0,15
11601.0,cluster_12013799529_12013799530_473195061,1,2,15
11602.0,2496228891,5,0,23
11602.0,cluster_12013799525_12013799526_2496228894,1,2,15
11602.0,cluster_12013799527_12013799528_2190601967,1,0,15
11602.0,cluster_12013799529_12013799530_473195061,1,2,15
11603.0,2496228891,5,0,21
11603.0,cluster_12013799527_12013799528_2190601967,1,0,15
11603.0,cluster_12013799529_12013799530_473195061,1,2,15
11604.0,2496228891,5,0,21
11604.0,cluster_12013799527_12013799528_2190601967,1,0,15
11604.0,cluster_12013799529_12013799530_473195061,1,2,15
11605.0,cluster_12013799527_12013799528_2190601967,2,0,15
11605.0,cluster_12013799529_12013799530_473195061,2,2,15
11606.0,cluster_12013799525_12013799526_2496228894,2,0,15
11606.0,cluster_12013799527_12013799528_2190601967,2,0,15
11606.0,cluster_12013799529_12013799530_473195061,2,2,15
11607.0,cluster_12013799525_12013799526_2496228894,2,0,15
11607.0,cluster_12013799527_12013799528_2190601967,2,0,15
11607.0,cluster_12013799529_12013799530_473195061,2,2,15
11608.0,2496228891,2,2,15
11608.0,cluster_12013799525_12013799526_2496228894,2,0,15
11608.0,cluster_12013799527_12013799528_2190601967,2,0,15
11608.0,cluster_12013799529_12013799530_473195061,2,2,15
11609.0,2496228891,2,2,15
11609.0,cluster_12013799525_12013799526_2496228894,3,0,15
11609.0,cluster_12013799527_12013799528_2190601967,3,0,15
11609.0,cluster_12013799529_12013799530_473195061,3,2,15
11610.0,2496228891,3,2,15
11610.0,cluster_12013799525_12013799526_2496228894,3,0,15
11610.0,cluster_12013799527_12013799528_2190601967,3,0,15
11611.0,2496228891,3,2,15
11611.0,cluster_12013799525_12013799526_2496228894,2,0,15
11611.0,cluster_12013799527_12013799528_2190601967,3,0,15
11612.0,2496228891,3,2,15
11612.0,cluster_12013799525_12013799526_2496228894,2,0,15
11612.0,cluster_12013799527_12013799528_2190601967,3,0,15
11613.0,2496228891,3,2,15
11613.0,cluster_12013799525_12013799526_2496228894,3,0,15
11613.0,cluster_12013799527_12013799528_2190601967,4,0,23
11613.0,cluster_12013799529_12013799530_473195061,4,0,22
11614.0,2496228891,3,2,15
11614.0,cluster_12013799525_12013799526_2496228894,2,0,15
11614.0,cluster_12013799527_12013799528_2190601967,4,0,21
11614.0,cluster_12013799529_12013799530_473195061,4,0,21
11615.0,2496228891,3,2,15
11615.0,cluster_12013799525_12013799526_2496228894,2,0,15
11615.0,cluster_12013799529_12013799530_473195061,4,0,21
11616.0,2496228891,3,2,15
11616.0,cluster_12013799525_12013799526_2496228894,2,0,15
11616.0,cluster_12013799529_12013799530_473195061,4,0,21
11617.0,2496228891,2,2,15
11617.0,cluster_12013799525_12013799526_2496228894,2,0,15
11617.0,cluster_12013799529_12013799530_473195061,5,0,23
11618.0,2496228891,1,2,15
11618.0,cluster_12013799525_12013799526_2496228894,2,0,15
11618.0,cluster_12013799527_12013799528_2190601967,5,2,21
11618.0,cluster_12013799529_12013799530_473195061,5,0,21
11619.0,2496228891,2,2,15
11619.0,cluster_12013799525_12013799526_2496228894,1,0,15
11619.0,cluster_12013799527_12013799528_2190601967,2,2,15
11619.0,cluster_12013799529_12013799530_473195061,5,0,21
11620.0,2496228891,2,2,15
11620.0,cluster_12013799525_12013799526_2496228894,1,0,15
11620.0,cluster_12013799527_12013799528_2190601967,3,2,15
11620.0,cluster_12013799529_12013799530_473195061,4,0,21
11621.0,2496228891,2,2,15
11621.0,cluster_12013799525_12013799526_2496228894,1,0,15
11621.0,cluster_12013799527_12013799528_2190601967,3,2,15
11621.0,cluster_12013799529_12013799530_473195061,4,0,21
11622.0,2496228891,1,2,15
11622.0,cluster_12013799527_12013799528_2190601967,4,2,23
11622.0,cluster_12013799529_12013799530_473195061,4,0,21
11623.0,2496228891,1,2,15
11623.0,cluster_12013799527_12013799528_2190601967,4,2,21
11623.0,cluster_12013799529_12013799530_473195061,3,0,15
11624.0,cluster_12013799527_12013799528_2190601967,4,2,21
11624.0,cluster_12013799529_12013799530_473195061,3,0,15
11625.0,cluster_12013799525_12013799526_2496228894,3,2,15
11625.0,cluster_12013799527_12013799528_2190601967,3,2,15
11625.0,cluster_12013799529_12013799530_473195061,3,0,15
11626.0,cluster_12013799525_12013799526_2496228894,3,2,15
11626.0,cluster_12013799527_12013799528_2190601967,3,2,15
11626.0,cluster_12013799529_12013799530_473195061,2,0,15
11627.0,2496228891,10,0,22
11627.0,cluster_12013799525_12013799526_2496228894,2,2,15
11627.0,cluster_12013799527_12013799528_2190601967,2,2,15
11627.0,cluster_12013799529_12013799530_473195061,2,0,15
11628.0,2496228891,8,0,21
11628.0,cluster_12013799525_12013799526_2496228894,2,2,15
11628.0,cluster_12013799527_12013799528_2190601967,1,2,15
11628.0,cluster_12013799529_12013799530_473195061,2,0,15
11629.0,2496228891,6,0,23
11629.0,cluster_12013799525_12013799526_2496228894,2,2,15
11629.0,cluster_12013799527_12013799528_2190601967,2,2,15
11629.0,cluster_12013799529_12013799530_473195061,2,0,15
11630.0,2496228891,6,0,21
11630.0,cluster_12013799525_12013799526_2496228894,2,2,15
11630.0,cluster_12013799527_12013799528_2190601967,2,2,15
11630.0,cluster_12013799529_12013799530_473195061,2,0,15
11631.0,2496228891,4,0,23
11631.0,cluster_12013799525_12013799526_2496228894,3,2,15
11631.0,cluster_12013799527_12013799528_2190601967,2,2,15
11631.0,cluster_12013799529_12013799530_473195061,1,0,15
11632.0,2496228891,3,0,15
11632.0,cluster_12013799525_12013799526_2496228894,3,2,15
11632.0,cluster_12013799527_12013799528_2190601967,2,2,15
11632.0,cluster_12013799529_12013799530_473195061,1,0,15
11633.0,2496228891,5,0,23
11633.0,cluster_12013799525_12013799526_2496228894,3,2,15
11633.0,cluster_12013799527_12013799528_2190601967,2,2,15
11633.0,cluster_12013799529_12013799530_473195061,1,0,15
11634.0,2496228891,4,0,21
11634.0,cluster_12013799525_12013799526_2496228894,3,2,15
11634.0,cluster_12013799527_12013799528_2190601967,2,2,15
11634.0,cluster_12013799529_12013799530_473195061,0,0,15
11635.0,2496228891,3,0,15
11635.0,cluster_12013799525_12013799526_2496228894,3,2,15
11635.0,cluster_12013799527_12013799528_2190601967,2,2,15
11635.0,cluster_12013799529_12013799530_473195061,0,0,15
11636.0,2496228891,3,0,15
11636.0,cluster_12013799525_12013799526_2496228894,4,2,23
11636.0,cluster_12013799527_12013799528_2190601967,2,2,15
11637.0,2496228891,2,0,15
11637.0,cluster_12013799525_12013799526_2496228894,4,2,23
11637.0,cluster_12013799527_12013799528_2190601967,2,2,15
11638.0,2496228891,2,0,15
11638.0,cluster_12013799525_12013799526_2496228894,4,2,21
11638.0,cluster_12013799527_12013799528_2190601967,2,2,15
11639.0,2496228891,2,0,15
11639.0,cluster_12013799525_12013799526_2496228894,4,2,21
11639.0,cluster_12013799527_12013799528_2190601967,2,2,15
11639.0,cluster_12013799529_12013799530_473195061,8,2,21
11640.0,2496228891,1,0,15
11640.0,cluster_12013799525_12013799526_2496228894,4,2,21
11640.0,cluster_12013799529_12013799530_473195061,8,2,21
11641.0,2496228891,1,0,15
11641.0,cluster_12013799529_12013799530_473195061,8,2,21
11642.0,2496228891,2,0,15
11642.0,cluster_12013799529_12013799530_473195061,8,2,21
11643.0,2496228891,2,0,15
11643.0,cluster_12013799527_12013799528_2190601967,6,0,21
11643.0,cluster_12013799529_12013799530_473195061,7,2,21
11644.0,2496228891,2,0,15
11644.0,cluster_12013799525_12013799526_2496228894,1,0,15
11644.0,cluster_12013799527_12013799528_2190601967,6,0,21
11644.0,cluster_12013799529_12013799530_473195061,7,2,21
11645.0,2496228891,1,0,15
11645.0,cluster_12013799525_12013799526_2496228894,0,0,15
11645.0,cluster_12013799527_12013799528_2190601967,6,0,21
11645.0,cluster_12013799529_12013799530_473195061,7,2,21
11646.0,2496228891,1,0,15
11646.0,cluster_12013799525_12013799526_2496228894,0,0,15
11646.0,cluster_12013799527_12013799528_2190601967,6,0,21
11646.0,cluster_12013799529_12013799530_473195061,7,2,21
11647.0,2496228891,1,0,15
11647.0,cluster_12013799525_12013799526_2496228894,0,0,15
11647.0,cluster_12013799527_12013799528_2190601967,5,0,21
11647.0,cluster_12013799529_12013799530_473195061,6,2,21
11648.0,2496228891,0,0,15
11648.0,cluster_12013799525_12013799526_2496228894,0,0,15
11648.0,cluster_12013799527_12013799528_2190601967,5,0,21
11648.0,cluster_12013799529_12013799530_473195061,6,2,21
11649.0,2496228891,0,0,15
11649.0,cluster_12013799525_12013799526_2496228894,0,0,15
11649.0,cluster_12013799527_12013799528_2190601967,5,0,21
11649.0,cluster_12013799529_12013799530_473195061,5,2,21
11650.0,cluster_12013799525_12013799526_2496228894,0,0,15
11650.0,cluster_12013799527_12013799528_2190601967,5,0,21
11650.0,cluster_12013799529_12013799530_473195061,5,2,21
11651.0,cluster_12013799525_12013799526_2496228894,0,0,15
11651.0,cluster_12013799527_12013799528_2190601967,4,0,21
11651.0,cluster_12013799529_12013799530_473195061,5,2,23
11652.0,cluster_12013799525_12013799526_2496228894,0,0,15
11652.0,cluster_12013799527_12013799528_2190601967,4,0,21
11652.0,cluster_12013799529_12013799530_473195061,5,2,21
11653.0,2496228891,1,2,15
11653.0,cluster_12013799525_12013799526_2496228894,0,0,15
11653.0,cluster_12013799527_12013799528_2190601967,3,0,15
11653.0,cluster_12013799529_12013799530_473195061,5,2,23
11654.0,2496228891,0,2,15
11654.0,cluster_12013799525_12013799526_2496228894,0,0,15
11654.0,cluster_12013799527_12013799528_2190601967,3,0,15
11654.0,cluster_12013799529_12013799530_473195061,5,2,21
11655.0,2496228891,0,2,15
11655.0,cluster_12013799525_12013799526_2496228894,0,0,15
11655.0,cluster_12013799527_12013799528_2190601967,2,0,15
11655.0,cluster_12013799529_12013799530_473195061,5,2,23
11656.0,2496228891,0,2,15
11656.0,cluster_12013799525_12013799526_2496228894,0,0,15
11656.0,cluster_12013799527_12013799528_2190601967,2,0,15
11656.0,cluster_12013799529_12013799530_473195061,5,2,21
11657.0,2496228891,0,2,15
11657.0,cluster_12013799525_12013799526_2496228894,0,0,15
11657.0,cluster_12013799527_12013799528_2190601967,1,0,15
11657.0,cluster_12013799529_12013799530_473195061,4,2,21
11658.0,2496228891,0,2,15
11658.0,cluster_12013799525_12013799526_2496228894,0,0,15
11658.0,cluster_12013799527_12013799528_2190601967,1,0,15
11658.0,cluster_12013799529_12013799530_473195061,5,2,23
11659.0,2496228891,0,2,15
11659.0,cluster_12013799525_12013799526_2496228894,0,0,15
11659.0,cluster_12013799527_12013799528_2190601967,1,0,15
11659.0,cluster_12013799529_12013799530_473195061,5,2,21
11660.0,2496228891,0,2,15
11660.0,cluster_12013799527_12013799528_2190601967,0,0,15
11660.0,cluster_12013799529_12013799530_473195061,5,2,23
11661.0,2496228891,0,2,15
11661.0,cluster_12013799527_12013799528_2190601967,0,0,15
11662.0,2496228891,0,2,15
11662.0,cluster_12013799527_12013799528_2190601967,0,0,15
11663.0,2496228891,0,2,15
11663.0,cluster_12013799525_12013799526_2496228894,3,2,15
11663.0,cluster_12013799527_12013799528_2190601967,0,0,15
11664.0,2496228891,0,2,15
11664.0,cluster_12013799525_12013799526_2496228894,2,2,15
11664.0,cluster_12013799527_12013799528_2190601967,0,0,15
11664.0,cluster_12013799529_12013799530_473195061,0,0,15
11665.0,2496228891,0,2,15
11665.0,cluster_12013799525_12013799526_2496228894,2,2,15
11665.0,cluster_12013799529_12013799530_473195061,0,0,15
11666.0,2496228891,0,2,15
11666.0,cluster_12013799525_12013799526_2496228894,2,2,15
11666.0,cluster_12013799529_12013799530_473195061,0,0,15
11667.0,2496228891,0,2,15
11667.0,cluster_12013799525_12013799526_2496228894,1,2,15
11667.0,cluster_12013799529_12013799530_473195061,0,0,15
11668.0,2496228891,0,2,15
11668.0,cluster_12013799525_12013799526_2496228894,1,2,15
11668.0,cluster_12013799527_12013799528_2190601967,1,2,15
11668.0,cluster_12013799529_12013799530_473195061,0,0,15
11669.0,cluster_12013799525_12013799526_2496228894,1,2,15
11669.0,cluster_12013799527_12013799528_2190601967,0,2,15
11669.0,cluster_12013799529_12013799530_473195061,0,0,15
11670.0,cluster_12013799525_12013799526_2496228894,0,2,15
11670.0,cluster_12013799527_12013799528_2190601967,1,2,15
11670.0,cluster_12013799529_12013799530_473195061,0,0,15
11671.0,cluster_12013799525_12013799526_2496228894,0,2,15
11671.0,cluster_12013799527_12013799528_2190601967,1,2,15
11671.0,cluster_12013799529_12013799530_473195061,0,0,15
11672.0,2496228891,1,0,15
11672.0,cluster_12013799525_12013799526_2496228894,0,2,15
11672.0,cluster_12013799527_12013799528_2190601967,1,2,15
11672.0,cluster_12013799529_12013799530_473195061,0,0,15
11673.0,2496228891,0,0,15
11673.0,cluster_12013799525_12013799526_2496228894,0,2,15
11673.0,cluster_12013799527_12013799528_2190601967,2,2,15
11673.0,cluster_12013799529_12013799530_473195061,0,0,15
11674.0,2496228891,0,0,15
11674.0,cluster_12013799525_12013799526_2496228894,0,2,15
11674.0,cluster_12013799527_12013799528_2190601967,2,2,15
11674.0,cluster_12013799529_12013799530_473195061,0,0,15
11675.0,2496228891,0,0,15
11675.0,cluster_12013799525_12013799526_2496228894,0,2,15
11675.0,cluster_12013799527_12013799528_2190601967,2,2,15
11675.0,cluster_12013799529_12013799530_473195061,0,0,15
11676.0,2496228891,0,0,15
11676.0,cluster_12013799525_12013799526_2496228894,0,2,15
11676.0,cluster_12013799527_12013799528_2190601967,1,2,15
11676.0,cluster_12013799529_12013799530_473195061,0,0,15
11677.0,2496228891,0,0,15
11677.0,cluster_12013799525_12013799526_2496228894,0,2,15
11677.0,cluster_12013799527_12013799528_2190601967,2,2,15
11677.0,cluster_12013799529_12013799530_473195061,0,0,15
11678.0,2496228891,0,0,15
11678.0,cluster_12013799525_12013799526_2496228894,0,2,15
11678.0,cluster_12013799527_12013799528_2190601967,2,2,15
11678.0,cluster_12013799529_12013799530_473195061,0,0,15
11679.0,2496228891,0,0,15
11679.0,cluster_12013799527_12013799528_2190601967,2,2,15
11679.0,cluster_12013799529_12013799530_473195061,0,0,15
11680.0,2496228891,0,0,15
11680.0,cluster_12013799527_12013799528_2190601967,2,2,15
11681.0,2496228891,0,0,15
11681.0,cluster_12013799527_12013799528_2190601967,1,2,15
11682.0,2496228891,0,0,15
11682.0,cluster_12013799525_12013799526_2496228894,0,0,15
11682.0,cluster_12013799527_12013799528_2190601967,1,2,15
11683.0,2496228891,0,0,15
11683.0,cluster_12013799525_12013799526_2496228894,0,0,15
11683.0,cluster_12013799527_12013799528_2190601967,0,2,15
11683.0,cluster_12013799529_12013799530_473195061,5,2,21
11684.0,2496228891,0,0,15
11684.0,cluster_12013799525_12013799526_2496228894,0,0,15
11684.0,cluster_12013799529_12013799530_473195061,5,2,21
11685.0,2496228891,0,0,15
11685.0,cluster_12013799525_12013799526_2496228894,0,0,15
11685.0,cluster_12013799529_12013799530_473195061,5,2,21
11686.0,2496228891,0,0,15
11686.0,cluster_12013799525_12013799526_2496228894,0,0,15
11686.0,cluster_12013799529_12013799530_473195061,5,2,21
11687.0,2496228891,0,0,15
11687.0,cluster_12013799525_12013799526_2496228894,0,0,15
11687.0,cluster_12013799527_12013799528_2190601967,0,0,15
11687.0,cluster_12013799529_12013799530_473195061,4,2,21
11688.0,cluster_12013799525_12013799526_2496228894,0,0,15
11688.0,cluster_12013799527_12013799528_2190601967,0,0,15
11688.0,cluster_12013799529_12013799530_473195061,4,2,21
11689.0,cluster_12013799525_12013799526_2496228894,0,0,15
11689.0,cluster_12013799527_12013799528_2190601967,0,0,15
11689.0,cluster_12013799529_12013799530_473195061,4,2,21
11690.0,cluster_12013799525_12013799526_2496228894,0,0,15
11690.0,cluster_12013799527_12013799528_2190601967,0,0,15
11690.0,cluster_12013799529_12013799530_473195061,3,2,15
11691.0,2496228891,0,2,15
11691.0,cluster_12013799525_12013799526_2496228894,0,0,15
11691.0,cluster_12013799527_12013799528_2190601967,0,0,15
11691.0,cluster_12013799529_12013799530_473195061,3,2,15
11692.0,2496228891,0,2,15
11692.0,cluster_12013799525_12013799526_2496228894,0,0,15
11692.0,cluster_12013799527_12013799528_2190601967,0,0,15
11692.0,cluster_12013799529_12013799530_473195061,3,2,15
11693.0,2496228891,0,2,15
11693.0,cluster_12013799525_12013799526_2496228894,0,0,15
11693.0,cluster_12013799527_12013799528_2190601967,0,0,15
11693.0,cluster_12013799529_12013799530_473195061,2,2,15
11694.0,2496228891,0,2,15
11694.0,cluster_12013799525_12013799526_2496228894,0,0,15
11694.0,cluster_12013799527_12013799528_2190601967,0,0,15
11694.0,cluster_12013799529_12013799530_473195061,2,2,15
11695.0,2496228891,0,2,15
11695.0,cluster_12013799525_12013799526_2496228894,0,0,15
11695.0,cluster_12013799527_12013799528_2190601967,0,0,15
11695.0,cluster_12013799529_12013799530_473195061,1,2,15
11696.0,2496228891,0,2,15
11696.0,cluster_12013799525_12013799526_2496228894,0,0,15
11696.0,cluster_12013799527_12013799528_2190601967,0,0,15
11696.0,cluster_12013799529_12013799530_473195061,1,2,15
11697.0,2496228891,0,2,15
11697.0,cluster_12013799525_12013799526_2496228894,0,0,15
11697.0,cluster_12013799527_12013799528_2190601967,0,0,15
11697.0,cluster_12013799529_12013799530_473195061,0,2,15
11698.0,2496228891,0,2,15
11698.0,cluster_12013799527_12013799528_2190601967,0,0,15
11698.0,cluster_12013799529_12013799530_473195061,0,2,15
11699.0,2496228891,0,2,15
11699.0,cluster_12013799527_12013799528_2190601967,0,0,15
11699.0,cluster_12013799529_12013799530_473195061,0,2,15
11700.0,2496228891,0,2,15
11700.0,cluster_12013799527_12013799528_2190601967,0,0,15
11700.0,cluster_12013799529_12013799530_473195061,0,2,15
11701.0,2496228891,1,2,15
11701.0,cluster_12013799525_12013799526_2496228894,1,2,15
11701.0,cluster_12013799527_12013799528_2190601967,1,0,15
11701.0,cluster_12013799529_12013799530_473195061,1,2,15
11702.0,2496228891,1,2,15
11702.0,cluster_12013799525_12013799526_2496228894,1,2,15
11702.0,cluster_12013799527_12013799528_2190601967,1,0,15
11702.0,cluster_12013799529_12013799530_473195061,1,2,15
11703.0,2496228891,1,2,15
11703.0,cluster_12013799525_12013799526_2496228894,1,2,15
11703.0,cluster_12013799529_12013799530_473195061,1,2,15
11704.0,2496228891,1,2,15
11704.0,cluster_12013799525_12013799526_2496228894,1,2,15
11704.0,cluster_12013799529_12013799530_473195061,1,2,15
11705.0,2496228891,2,2,15
11705.0,cluster_12013799525_12013799526_2496228894,2,2,15
11706.0,2496228891,2,2,15
11706.0,cluster_12013799525_12013799526_2496228894,2,2,15
11706.0,cluster_12013799527_12013799528_2190601967,2,2,15
11707.0,cluster_12013799525_12013799526_2496228894,2,2,15
11707.0,cluster_12013799527_12013799528_2190601967,2,2,15
11708.0,cluster_12013799525_12013799526_2496228894,2,2,15
11708.0,cluster_12013799527_12013799528_2190601967,2,2,15
11708.0,cluster_12013799529_12013799530_473195061,2,0,15
11709.0,cluster_12013799525_12013799526_2496228894,3,2,15
11709.0,cluster_12013799527_12013799528_2190601967,3,2,15
11709.0,cluster_12013799529_12013799530_473195061,3,0,15
11710.0,2496228891,6,0,21
11710.0,cluster_12013799525_12013799526_2496228894,3,2,15
11710.0,cluster_12013799527_12013799528_2190601967,3,2,15
11710.0,cluster_12013799529_12013799530_473195061,3,0,15
11711.0,2496228891,5,0,21
11711.0,cluster_12013799525_12013799526_2496228894,3,2,15
11711.0,cluster_12013799527_12013799528_2190601967,3,2,15
11711.0,cluster_12013799529_12013799530_473195061,3,0,15
11712.0,2496228891,5,0,23
11712.0,cluster_12013799525_12013799526_2496228894,3,2,15
11712.0,cluster_12013799527_12013799528_2190601967,3,2,15
11712.0,cluster_12013799529_12013799530_473195061,3,0,15
11713.0,2496228891,6,0,23
11713.0,cluster_12013799525_12013799526_2496228894,3,2,15
11713.0,cluster_12013799527_12013799528_2190601967,4,2,23
11713.0,cluster_12013799529_12013799530_473195061,4,0,21
11714.0,2496228891,6,0,21
11714.0,cluster_12013799525_12013799526_2496228894,4,2,23
11714.0,cluster_12013799527_12013799528_2190601967,4,2,21
11714.0,cluster_12013799529_12013799530_473195061,4,0,21
11715.0,2496228891,5,0,21
11715.0,cluster_12013799525_12013799526_2496228894,4,2,21
11715.0,cluster_12013799527_12013799528_2190601967,4,2,21
11715.0,cluster_12013799529_12013799530_473195061,4,0,21
11716.0,2496228891,5,0,23
11716.0,cluster_12013799525_12013799526_2496228894,4,2,21
11716.0,cluster_12013799527_12013799528_2190601967,4,2,21
11716.0,cluster_12013799529_12013799530_473195061,4,0,21
11717.0,2496228891,6,0,23
11717.0,cluster_12013799527_12013799528_2190601967,4,2,21
11717.0,cluster_12013799529_12013799530_473195061,5,0,21
11718.0,2496228891,4,0,21
11718.0,cluster_12013799527_12013799528_2190601967,4,2,21
11718.0,cluster_12013799529_12013799530_473195061,4,0,21
11719.0,2496228891,4,0,21
11719.0,cluster_12013799527_12013799528_2190601967,4,2,21
11719.0,cluster_12013799529_12013799530_473195061,4,0,21
11720.0,2496228891,6,0,23
11720.0,cluster_12013799525_12013799526_2496228894,3,0,15
11720.0,cluster_12013799527_12013799528_2190601967,3,2,15
11720.0,cluster_12013799529_12013799530_473195061,4,0,21
11721.0,2496228891,6,0,21
11721.0,cluster_12013799525_12013799526_2496228894,3,0,15
11721.0,cluster_12013799527_12013799528_2190601967,3,2,15
11721.0,cluster_12013799529_12013799530_473195061,4,0,21
11722.0,2496228891,6,0,21
11722.0,cluster_12013799525_12013799526_2496228894,3,0,15
11722.0,cluster_12013799529_12013799530_473195061,4,0,21
11723.0,2496228891,5,0,21
11723.0,cluster_12013799525_12013799526_2496228894,3,0,15
11723.0,cluster_12013799529_12013799530_473195061,3,0,15
11724.0,2496228891,3,0,15
11724.0,cluster_12013799525_12013799526_2496228894,2,0,15
11725.0,2496228891,6,0,23
11725.0,cluster_12013799525_12013799526_2496228894,2,0,15
11725.0,cluster_12013799527_12013799528_2190601967,7,0,22
11726.0,2496228891,6,0,21
11726.0,cluster_12013799525_12013799526_2496228894,2,0,15
11726.0,cluster_12013799527_12013799528_2190601967,6,0,21
11727.0,2496228891,6,0,21
11727.0,cluster_12013799525_12013799526_2496228894,1,0,15
11727.0,cluster_12013799527_12013799528_2190601967,6,0,21
11727.0,cluster_12013799529_12013799530_473195061,6,2,21
11728.0,2496228891,6,0,21
11728.0,cluster_12013799525_12013799526_2496228894,1,0,15
11728.0,cluster_12013799527_12013799528_2190601967,6,0,21
11728.0,cluster_12013799529_12013799530_473195061,6,2,21
11729.0,2496228891,5,0,21
11729.0,cluster_12013799525_12013799526_2496228894,1,0,15
11729.0,cluster_12013799527_12013799528_2190601967,5,0,21
11729.0,cluster_12013799529_12013799530_473195061,5,2,21
11730.0,2496228891,3,0,15
11730.0,cluster_12013799525_12013799526_2496228894,0,0,15
11730.0,cluster_12013799527_12013799528_2190601967,5,0,21
11730.0,cluster_12013799529_12013799530_473195061,5,2,21
11731.0,2496228891,3,0,15
11731.0,cluster_12013799525_12013799526_2496228894,0,0,15
11731.0,cluster_12013799527_12013799528_2190601967,5,0,21
11731.0,cluster_12013799529_12013799530_473195061,5,2,21
11732.0,cluster_12013799525_12013799526_2496228894,0,0,15
11732.0,cluster_12013799527_12013799528_2190601967,4,0,21
11732.0,cluster_12013799529_12013799530_473195061,5,2,23
11733.0,cluster_12013799525_12013799526_2496228894,0,0,15
11733.0,cluster_12013799527_12013799528_2190601967,4,0,21
11733.0,cluster_12013799529_12013799530_473195061,5,2,21
11734.0,cluster_12013799525_12013799526_2496228894,0,0,15
11734.0,cluster_12013799527_12013799528_2190601967,4,0,21
11734.0,cluster_12013799529_12013799530_473195061,5,2,21
11735.0,2496228891,3,2,15
11735.0,cluster_12013799525_12013799526_2496228894,0,0,15
11735.0,cluster_12013799527_12013799528_2190601967,3,0,15
11735.0,cluster_12013799529_12013799530_473195061,5,2,23
11736.0,2496228891,2,2,15
11736.0,cluster_12013799527_12013799528_2190601967,3,0,15
11736.0,cluster_12013799529_12013799530_473195061,5,2,21
11737.0,2496228891,2,2,15
11737.0,cluster_12013799527_12013799528_2190601967,2,0,15
11737.0,cluster_12013799529_12013799530_473195061,5,2,23
11738.0,2496228891,2,2,15
11738.0,cluster_12013799527_12013799528_2190601967,2,0,15
11738.0,cluster_12013799529_12013799530_473195061,5,2,21
11739.0,2496228891,2,2,15
11739.0,cluster_12013799525_12013799526_2496228894,2,2,15
11739.0,cluster_12013799527_12013799528_2190601967,1,0,15
11739.0,cluster_12013799529_12013799530_473195061,4,2,21
11740.0,2496228891,1,2,15
11740.0,cluster_12013799525_12013799526_2496228894,2,2,15
11740.0,cluster_12013799527_12013799528_2190601967,1,0,15
11740.0,cluster_12013799529_12013799530_473195061,5,2,23
11741.0,2496228891,1,2,15
11741.0,cluster_12013799525_12013799526_2496228894,2,2,15
11741.0,cluster_12013799527_12013799528_2190601967,1,0,15
11741.0,cluster_12013799529_12013799530_473195061,5,2,21
11742.0,2496228891,0,2,15
11742.0,cluster_12013799525_12013799526_2496228894,2,2,15
11742.0,cluster_12013799527_12013799528_2190601967,1,0,15
11742.0,cluster_12013799529_12013799530_473195061,5,2,21
11743.0,2496228891,0,2,15
11743.0,cluster_12013799525_12013799526_2496228894,2,2,15
11743.0,cluster_12013799527_12013799528_2190601967,1,0,15
11743.0,cluster_12013799529_12013799530_473195061,5,2,21
11744.0,2496228891,0,2,15
11744.0,cluster_12013799525_12013799526_2496228894,2,2,15
11744.0,cluster_12013799527_12013799528_2190601967,0,0,15
11744.0,cluster_12013799529_12013799530_473195061,4,2,21
11745.0,2496228891,0,2,15
11745.0,cluster_12013799525_12013799526_2496228894,3,2,15
11745.0,cluster_12013799527_12013799528_2190601967,0,0,15
11745.0,cluster_12013799529_12013799530_473195061,4,2,21
11746.0,2496228891,0,2,15
11746.0,cluster_12013799525_12013799526_2496228894,3,2,15
11746.0,cluster_12013799527_12013799528_2190601967,0,0,15
11746.0,cluster_12013799529_12013799530_473195061,4,2,21
11747.0,2496228891,0,2,15
11747.0,cluster_12013799525_12013799526_2496228894,3,2,15
11747.0,cluster_12013799527_12013799528_2190601967,0,0,15
11747.0,cluster_12013799529_12013799530_473195061,4,2,21
11748.0,2496228891,0,2,15
11748.0,cluster_12013799525_12013799526_2496228894,3,2,15
11748.0,cluster_12013799529_12013799530_473195061,4,2,21
11749.0,2496228891,0,2,15
11749.0,cluster_12013799525_12013799526_2496228894,3,2,15
11750.0,2496228891,0,2,15
11750.0,cluster_12013799525_12013799526_2496228894,3,2,15
11751.0,cluster_12013799525_12013799526_2496228894,3,2,15
11751.0,cluster_12013799527_12013799528_2190601967,4,2,21
11752.0,cluster_12013799525_12013799526_2496228894,2,2,15
11752.0,cluster_12013799527_12013799528_2190601967,2,2,15
11752.0,cluster_12013799529_12013799530_473195061,2,0,15
11753.0,cluster_12013799525_12013799526_2496228894,2,2,15
11753.0,cluster_12013799527_12013799528_2190601967,2,2,15
11753.0,cluster_12013799529_12013799530_473195061,2,0,15
11754.0,2496228891,4,0,21
11754.0,cluster_12013799525_12013799526_2496228894,1,2,15
11754.0,cluster_12013799527_12013799528_2190601967,2,2,15
11754.0,cluster_12013799529_12013799530_473195061,2,0,15
11755.0,2496228891,3,0,15
11755.0,cluster_12013799527_12013799528_2190601967,2,2,15
11755.0,cluster_12013799529_12013799530_473195061,2,0,15
11756.0,2496228891,2,0,15
11756.0,cluster_12013799527_12013799528_2190601967,2,2,15
11756.0,cluster_12013799529_12013799530_473195061,1,0,15
11757.0,2496228891,2,0,15
11757.0,cluster_12013799527_12013799528_2190601967,2,2,15
11757.0,cluster_12013799529_12013799530_473195061,1,0,15
11758.0,2496228891,3,0,15
11758.0,cluster_12013799525_12013799526_2496228894,0,0,15
11758.0,cluster_12013799527_12013799528_2190601967,2,2,15
11758.0,cluster_12013799529_12013799530_473195061,1,0,15
11759.0,2496228891,2,0,15
11759.0,cluster_12013799525_12013799526_2496228894,0,0,15
11759.0,cluster_12013799527_12013799528_2190601967,1,2,15
11759.0,cluster_12013799529_12013799530_473195061,0,0,15
11760.0,2496228891,2,0,15
11760.0,cluster_12013799525_12013799526_2496228894,0,0,15
11760.0,cluster_12013799527_12013799528_2190601967,1,2,15
11760.0,cluster_12013799529_12013799530_473195061,0,0,15
11761.0,2496228891,2,0,15
11761.0,cluster_12013799525_12013799526_2496228894,0,0,15
11761.0,cluster_12013799527_12013799528_2190601967,1,2,15
11761.0,cluster_12013799529_12013799530_473195061,0,0,15
11762.0,2496228891,1,0,15
11762.0,cluster_12013799525_12013799526_2496228894,0,0,15
11762.0,cluster_12013799527_12013799528_2190601967,0,2,15
11762.0,cluster_12013799529_12013799530_473195061,0,0,15
11763.0,2496228891,1,0,15
11763.0,cluster_12013799525_12013799526_2496228894,0,0,15
11763.0,cluster_12013799527_12013799528_2190601967,1,2,15
11763.0,cluster_12013799529_12013799530_473195061,0,0,15
11764.0,2496228891,2,0,15
11764.0,cluster_12013799525_12013799526_2496228894,0,0,15
11764.0,cluster_12013799527_12013799528_2190601967,1,2,15
11764.0,cluster_12013799529_12013799530_473195061,0,0,15
11765.0,2496228891,1,0,15
11765.0,cluster_12013799525_12013799526_2496228894,0,0,15
11765.0,cluster_12013799527_12013799528_2190601967,1,2,15
11765.0,cluster_12013799529_12013799530_473195061,0,0,15
11766.0,2496228891,2,0,15
11766.0,cluster_12013799525_12013799526_2496228894,0,0,15
11766.0,cluster_12013799527_12013799528_2190601967,1,2,15
11766.0,cluster_12013799529_12013799530_473195061,0,0,15
11767.0,2496228891,2,0,15
11767.0,cluster_12013799525_12013799526_2496228894,0,0,15
11767.0,cluster_12013799527_12013799528_2190601967,1,2,15
11767.0,cluster_12013799529_12013799530_473195061,0,0,15
11768.0,2496228891,3,0,15
11768.0,cluster_12013799525_12013799526_2496228894,0,0,15
11768.0,cluster_12013799527_12013799528_2190601967,0,2,15
11769.0,2496228891,2,0,15
11769.0,cluster_12013799525_12013799526_2496228894,0,0,15
11769.0,cluster_12013799527_12013799528_2190601967,0,2,15
11770.0,2496228891,2,0,15
11770.0,cluster_12013799525_12013799526_2496228894,0,0,15
11770.0,cluster_12013799527_12013799528_2190601967,0,2,15
11771.0,2496228891,2,0,15
11771.0,cluster_12013799525_12013799526_2496228894,0,0,15
11771.0,cluster_12013799527_12013799528_2190601967,0,2,15
11771.0,cluster_12013799529_12013799530_473195061,3,2,15
11772.0,2496228891,1,0,15
11772.0,cluster_12013799525_12013799526_2496228894,0,0,15
11772.0,cluster_12013799527_12013799528_2190601967,0,2,15
11772.0,cluster_12013799529_12013799530_473195061,3,2,15
11773.0,2496228891,1,0,15
11773.0,cluster_12013799525_12013799526_2496228894,0,0,15
11773.0,cluster_12013799529_12013799530_473195061,3,2,15
11774.0,2496228891,0,0,15
11774.0,cluster_12013799529_12013799530_473195061,3,2,15
11775.0,2496228891,0,0,15
11775.0,cluster_12013799529_12013799530_473195061,2,2,15
11776.0,cluster_12013799527_12013799528_2190601967,0,0,15
11776.0,cluster_12013799529_12013799530_473195061,2,2,15
11777.0,cluster_12013799525_12013799526_2496228894,5,2,21
11777.0,cluster_12013799527_12013799528_2190601967,0,0,15
11777.0,cluster_12013799529_12013799530_473195061,2,2,15
11778.0,cluster_12013799525_12013799526_2496228894,4,2,21
11778.0,cluster_12013799527_12013799528_2190601967,0,0,15
11778.0,cluster_12013799529_12013799530_473195061,2,2,15
11779.0,2496228891,0,2,15
11779.0,cluster_12013799525_12013799526_2496228894,4,2,21
11779.0,cluster_12013799527_12013799528_2190601967,0,0,15
11779.0,cluster_12013799529_12013799530_473195061,1,2,15
11780.0,2496228891,0,2,15
11780.0,cluster_12013799525_12013799526_2496228894,4,2,23
11780.0,cluster_12013799527_12013799528_2190601967,0,0,15
11780.0,cluster_12013799529_12013799530_473195061,1,2,15
11781.0,2496228891,0,2,15
11781.0,cluster_12013799525_12013799526_2496228894,3,2,15
11781.0,cluster_12013799527_12013799528_2190601967,0,0,15
11781.0,cluster_12013799529_12013799530_473195061,0,2,15
11782.0,2496228891,0,2,15
11782.0,cluster_12013799525_12013799526_2496228894,3,2,15
11782.0,cluster_12013799527_12013799528_2190601967,0,0,15
11782.0,cluster_12013799529_12013799530_473195061,0,2,15
11783.0,2496228891,0,2,15
11783.0,cluster_12013799525_12013799526_2496228894,3,2,15
11783.0,cluster_12013799527_12013799528_2190601967,0,0,15
11783.0,cluster_12013799529_12013799530_473195061,0,2,15
11784.0,2496228891,0,2,15
11784.0,cluster_12013799525_12013799526_2496228894,2,2,15
11784.0,cluster_12013799527_12013799528_2190601967,0,0,15
11784.0,cluster_12013799529_12013799530_473195061,0,2,15
11785.0,2496228891,0,2,15
11785.0,cluster_12013799525_12013799526_2496228894,2,2,15
11785.0,cluster_12013799527_12013799528_2190601967,0,0,15
11785.0,cluster_12013799529_12013799530_473195061,0,2,15
11786.0,2496228891,0,2,15
11786.0,cluster_12013799525_12013799526_2496228894,1,2,15
11786.0,cluster_12013799527_12013799528_2190601967,0,0,15
11786.0,cluster_12013799529_12013799530_473195061,0,2,15
11787.0,2496228891,0,2,15
11787.0,cluster_12013799525_12013799526_2496228894,1,2,15
11787.0,cluster_12013799527_12013799528_2190601967,0,0,15
11788.0,2496228891,0,2,15
11788.0,cluster_12013799525_12013799526_2496228894,0,2,15
11788.0,cluster_12013799527_12013799528_2190601967,0,0,15
11789.0,2496228891,0,2,15
11789.0,cluster_12013799525_12013799526_2496228894,0,2,15
11789.0,cluster_12013799527_12013799528_2190601967,0,0,15
11790.0,2496228891,0,2,15
11790.0,cluster_12013799525_12013799526_2496228894,0,2,15
11790.0,cluster_12013799527_12013799528_2190601967,0,0,15
11790.0,cluster_12013799529_12013799530_473195061,0,0,15
11791.0,2496228891,0,2,15
11791.0,cluster_12013799525_12013799526_2496228894,0,2,15
11791.0,cluster_12013799527_12013799528_2190601967,0,0,15
11791.0,cluster_12013799529_12013799530_473195061,0,0,15
11792.0,2496228891,0,2,15
11792.0,cluster_12013799525_12013799526_2496228894,0,2,15
11792.0,cluster_12013799529_12013799530_473195061,0,0,15
11793.0,2496228891,0,2,15
11793.0,cluster_12013799525_12013799526_2496228894,0,2,15
11793.0,cluster_12013799529_12013799530_473195061,0,0,15
11794.0,2496228891,0,2,15
11794.0,cluster_12013799525_12013799526_2496228894,0,2,15
11794.0,cluster_12013799529_12013799530_473195061,0,0,15
11795.0,cluster_12013799525_12013799526_2496228894,0,2,15
11795.0,cluster_12013799527_12013799528_2190601967,0,2,15
11795.0,cluster_12013799529_12013799530_473195061,0,0,15
11796.0,cluster_12013799525_12013799526_2496228894,0,2,15
11796.0,cluster_12013799527_12013799528_2190601967,1,2,15
11796.0,cluster_12013799529_12013799530_473195061,0,0,15
11797.0,cluster_12013799525_12013799526_2496228894,0,2,15
11797.0,cluster_12013799527_12013799528_2190601967,1,2,15
11797.0,cluster_12013799529_12013799530_473195061,0,0,15
11798.0,2496228891,2,0,15
11798.0,cluster_12013799525_12013799526_2496228894,0,2,15
11798.0,cluster_12013799527_12013799528_2190601967,1,2,15
11798.0,cluster_12013799529_12013799530_473195061,0,0,15
11799.0,2496228891,1,0,15
11799.0,cluster_12013799527_12013799528_2190601967,1,2,15
11799.0,cluster_12013799529_12013799530_473195061,0,0,15
11800.0,2496228891,1,0,15
11800.0,cluster_12013799527_12013799528_2190601967,0,2,15
11800.0,cluster_12013799529_12013799530_473195061,0,0,15
11801.0,2496228891,2,0,15
11801.0,cluster_12013799527_12013799528_2190601967,1,2,15
11801.0,cluster_12013799529_12013799530_473195061,1,0,15
11802.0,2496228891,2,0,15
11802.0,cluster_12013799525_12013799526_2496228894,1,0,15
11802.0,cluster_12013799527_12013799528_2190601967,1,2,15
11802.0,cluster_12013799529_12013799530_473195061,1,0,15
11803.0,2496228891,1,0,15
11803.0,cluster_12013799525_12013799526_2496228894,1,0,15
11803.0,cluster_12013799527_12013799528_2190601967,1,2,15
11803.0,cluster_12013799529_12013799530_473195061,1,0,15
11804.0,2496228891,1,0,15
11804.0,cluster_12013799525_12013799526_2496228894,1,0,15
11804.0,cluster_12013799527_12013799528_2190601967,1,2,15
11804.0,cluster_12013799529_12013799530_473195061,1,0,15
11805.0,2496228891,2,0,15
11805.0,cluster_12013799525_12013799526_2496228894,2,0,15
11805.0,cluster_12013799527_12013799528_2190601967,2,2,15
11805.0,cluster_12013799529_12013799530_473195061,2,0,15
11806.0,2496228891,2,0,15
11806.0,cluster_12013799525_12013799526_2496228894,2,0,15
11806.0,cluster_12013799527_12013799528_2190601967,2,2,15
11807.0,2496228891,2,0,15
11807.0,cluster_12013799525_12013799526_2496228894,2,0,15
11807.0,cluster_12013799527_12013799528_2190601967,2,2,15
11808.0,2496228891,2,0,15
11808.0,cluster_12013799525_12013799526_2496228894,2,0,15
11808.0,cluster_12013799527_12013799528_2190601967,2,2,15
11809.0,2496228891,3,0,15
11809.0,cluster_12013799525_12013799526_2496228894,3,0,15
11809.0,cluster_12013799527_12013799528_2190601967,3,2,15
11809.0,cluster_12013799529_12013799530_473195061,3,2,15
11810.0,2496228891,3,0,15
11810.0,cluster_12013799525_12013799526_2496228894,3,0,15
11810.0,cluster_12013799527_12013799528_2190601967,3,2,15
11810.0,cluster_12013799529_12013799530_473195061,3,2,15
11811.0,2496228891,3,0,15
11811.0,cluster_12013799525_12013799526_2496228894,2,0,15
11811.0,cluster_12013799529_12013799530_473195061,3,2,15
11812.0,2496228891,3,0,15
11812.0,cluster_12013799525_12013799526_2496228894,2,0,15
11812.0,cluster_12013799529_12013799530_473195061,3,2,15
11813.0,2496228891,4,0,23
11813.0,cluster_12013799525_12013799526_2496228894,3,0,15
11813.0,cluster_12013799529_12013799530_473195061,4,2,23
11814.0,cluster_12013799525_12013799526_2496228894,2,0,15
11814.0,cluster_12013799527_12013799528_2190601967,4,0,21
11814.0,cluster_12013799529_12013799530_473195061,4,2,21
11815.0,cluster_12013799525_12013799526_2496228894,2,0,15
11815.0,cluster_12013799527_12013799528_2190601967,4,0,21
11815.0,cluster_12013799529_12013799530_473195061,4,2,21
11816.0,cluster_12013799525_12013799526_2496228894,2,0,15
11816.0,cluster_12013799527_12013799528_2190601967,4,0,21
11816.0,cluster_12013799529_12013799530_473195061,4,2,21
11817.0,2496228891,3,2,15
11817.0,cluster_12013799525_12013799526_2496228894,2,0,15
11817.0,cluster_12013799527_12013799528_2190601967,5,0,23
11817.0,cluster_12013799529_12013799530_473195061,5,2,21
11818.0,2496228891,2,2,15
11818.0,cluster_12013799527_12013799528_2190601967,5,0,21
11818.0,cluster_12013799529_12013799530_473195061,5,2,21
11819.0,2496228891,2,2,15
11819.0,cluster_12013799527_12013799528_2190601967,4,0,21
11819.0,cluster_12013799529_12013799530_473195061,4,2,21
11820.0,2496228891,2,2,15
11820.0,cluster_12013799527_12013799528_2190601967,4,0,21
11820.0,cluster_12013799529_12013799530_473195061,4,2,21
11821.0,2496228891,2,2,15
11821.0,cluster_12013799525_12013799526_2496228894,3,2,15
11821.0,cluster_12013799527_12013799528_2190601967,5,0,23
11821.0,cluster_12013799529_12013799530_473195061,5,2,21
11822.0,2496228891,1,2,15
11822.0,cluster_12013799525_12013799526_2496228894,2,2,15
11822.0,cluster_12013799527_12013799528_2190601967,4,0,21
11822.0,cluster_12013799529_12013799530_473195061,4,2,21
11823.0,2496228891,1,2,15
11823.0,cluster_12013799525_12013799526_2496228894,3,2,15
11823.0,cluster_12013799527_12013799528_2190601967,4,0,21
11823.0,cluster_12013799529_12013799530_473195061,4,2,21
11824.0,2496228891,1,2,15
11824.0,cluster_12013799525_12013799526_2496228894,3,2,15
11824.0,cluster_12013799527_12013799528_2190601967,4,0,21
11824.0,cluster_12013799529_12013799530_473195061,5,2,23
11825.0,2496228891,1,2,15
11825.0,cluster_12013799525_12013799526_2496228894,3,2,15
11825.0,cluster_12013799527_12013799528_2190601967,5,0,23
11826.0,2496228891,0,2,15
11826.0,cluster_12013799525_12013799526_2496228894,2,2,15
11826.0,cluster_12013799527_12013799528_2190601967,4,0,21
11827.0,2496228891,0,2,15
11827.0,cluster_12013799525_12013799526_2496228894,2,2,15
11827.0,cluster_12013799527_12013799528_2190601967,4,0,21
11828.0,2496228891,0,2,15
11828.0,cluster_12013799525_12013799526_2496228894,3,2,15
11828.0,cluster_12013799527_12013799528_2190601967,4,0,21
11828.0,cluster_12013799529_12013799530_473195061,4,0,21
11829.0,2496228891,0,2,15
11829.0,cluster_12013799525_12013799526_2496228894,3,2,15
11829.0,cluster_12013799527_12013799528_2190601967,4,0,21
11829.0,cluster_12013799529_12013799530_473195061,4,0,21
11830.0,2496228891,0,2,15
11830.0,cluster_12013799525_12013799526_2496228894,2,2,15
11830.0,cluster_12013799527_12013799528_2190601967,3,0,15
11830.0,cluster_12013799529_12013799530_473195061,4,0,21
11831.0,2496228891,0,2,15
11831.0,cluster_12013799525_12013799526_2496228894,2,2,15
11831.0,cluster_12013799527_12013799528_2190601967,3,0,15
11831.0,cluster_12013799529_12013799530_473195061,4,0,21
11832.0,2496228891,0,2,15
11832.0,cluster_12013799525_12013799526_2496228894,2,2,15
11832.0,cluster_12013799527_12013799528_2190601967,3,0,15
11832.0,cluster_12013799529_12013799530_473195061,3,0,15
11833.0,cluster_12013799525_12013799526_2496228894,2,2,15
11833.0,cluster_12013799527_12013799528_2190601967,3,0,15
11833.0,cluster_12013799529_12013799530_473195061,3,0,15
11834.0,cluster_12013799525_12013799526_2496228894,1,2,15
11834.0,cluster_12013799527_12013799528_2190601967,2,0,15
11834.0,cluster_12013799529_12013799530_473195061,3,0,15
11835.0,cluster_12013799525_12013799526_2496228894,1,2,15
11835.0,cluster_12013799527_12013799528_2190601967,2,0,15
11835.0,cluster_12013799529_12013799530_473195061,2,0,15
11836.0,2496228891,6,0,21
11836.0,cluster_12013799525_12013799526_2496228894,1,2,15
11836.0,cluster_12013799529_12013799530_473195061,2,0,15
11837.0,2496228891,6,0,21
11837.0,cluster_12013799529_12013799530_473195061,2,0,15
11838.0,2496228891,3,0,15
11838.0,cluster_12013799529_12013799530_473195061,1,0,15
11839.0,2496228891,4,0,23
11839.0,cluster_12013799527_12013799528_2190601967,6,2,21
11839.0,cluster_12013799529_12013799530_473195061,1,0,15
11840.0,2496228891,1,0,15
11840.0,cluster_12013799525_12013799526_2496228894,1,0,15
11840.0,cluster_12013799527_12013799528_2190601967,3,2,15
11840.0,cluster_12013799529_12013799530_473195061,0,0,15
11841.0,2496228891,1,0,15
11841.0,cluster_12013799525_12013799526_2496228894,1,0,15
11841.0,cluster_12013799527_12013799528_2190601967,2,2,15
11841.0,cluster_12013799529_12013799530_473195061,0,0,15
11842.0,2496228891,2,0,15
11842.0,cluster_12013799525_12013799526_2496228894,1,0,15
11842.0,cluster_12013799527_12013799528_2190601967,3,2,15
11842.0,cluster_12013799529_12013799530_473195061,0,0,15
11843.0,2496228891,1,0,15
11843.0,cluster_12013799525_12013799526_2496228894,1,0,15
11843.0,cluster_12013799527_12013799528_2190601967,3,2,15
11843.0,cluster_12013799529_12013799530_473195061,0,0,15
11844.0,2496228891,2,0,15
11844.0,cluster_12013799525_12013799526_2496228894,1,0,15
11844.0,cluster_12013799527_12013799528_2190601967,3,2,15
11844.0,cluster_12013799529_12013799530_473195061,0,0,15
11845.0,2496228891,2,0,15
11845.0,cluster_12013799525_12013799526_2496228894,0,0,15
11845.0,cluster_12013799527_12013799528_2190601967,3,2,15
11845.0,cluster_12013799529_12013799530_473195061,0,0,15
11846.0,2496228891,3,0,15
11846.0,cluster_12013799525_12013799526_2496228894,0,0,15
11846.0,cluster_12013799527_12013799528_2190601967,2,2,15
11846.0,cluster_12013799529_12013799530_473195061,0,0,15
11847.0,2496228891,3,0,15
11847.0,cluster_12013799525_12013799526_2496228894,0,0,15
11847.0,cluster_12013799527_12013799528_2190601967,2,2,15
11847.0,cluster_12013799529_12013799530_473195061,0,0,15
11848.0,2496228891,3,0,15
11848.0,cluster_12013799525_12013799526_2496228894,0,0,15
11848.0,cluster_12013799527_12013799528_2190601967,3,2,15
11848.0,cluster_12013799529_12013799530_473195061,0,0,15
11849.0,2496228891,3,0,15
11849.0,cluster_12013799525_12013799526_2496228894,0,0,15
11849.0,cluster_12013799527_12013799528_2190601967,2,2,15
11849.0,cluster_12013799529_12013799530_473195061,0,0,15
11850.0,2496228891,2,0,15
11850.0,cluster_12013799525_12013799526_2496228894,0,0,15
11850.0,cluster_12013799527_12013799528_2190601967,2,2,15
11851.0,2496228891,2,0,15
11851.0,cluster_12013799525_12013799526_2496228894,0,0,15
11851.0,cluster_12013799527_12013799528_2190601967,2,2,15
11852.0,2496228891,1,0,15
11852.0,cluster_12013799525_12013799526_2496228894,0,0,15
11852.0,cluster_12013799527_12013799528_2190601967,2,2,15
11853.0,2496228891,1,0,15
11853.0,cluster_12013799525_12013799526_2496228894,0,0,15
11853.0,cluster_12013799527_12013799528_2190601967,2,2,15
11853.0,cluster_12013799529_12013799530_473195061,8,2,21
11854.0,2496228891,0,0,15
11854.0,cluster_12013799525_12013799526_2496228894,0,0,15
11854.0,cluster_12013799527_12013799528_2190601967,2,2,15
11854.0,cluster_12013799529_12013799530_473195061,6,2,21
11855.0,2496228891,0,0,15
11855.0,cluster_12013799525_12013799526_2496228894,0,0,15
11855.0,cluster_12013799527_12013799528_2190601967,1,2,15
11855.0,cluster_12013799529_12013799530_473195061,6,2,21
11856.0,2496228891,0,0,15
11856.0,cluster_12013799527_12013799528_2190601967,1,2,15
11856.0,cluster_12013799529_12013799530_473195061,6,2,21
11857.0,2496228891,0,0,15
11857.0,cluster_12013799527_12013799528_2190601967,1,2,15
11857.0,cluster_12013799529_12013799530_473195061,7,2,23
11858.0,cluster_12013799527_12013799528_2190601967,1,2,15
11858.0,cluster_12013799529_12013799530_473195061,6,2,21
11859.0,cluster_12013799525_12013799526_2496228894,3,2,15
11859.0,cluster_12013799527_12013799528_2190601967,1,2,15
11859.0,cluster_12013799529_12013799530_473195061,6,2,23
11860.0,cluster_12013799525_12013799526_2496228894,3,2,15
11860.0,cluster_12013799527_12013799528_2190601967,1,2,15
11860.0,cluster_12013799529_12013799530_473195061,5,2,21
11861.0,2496228891,0,2,15
11861.0,cluster_12013799525_12013799526_2496228894,2,2,15
11861.0,cluster_12013799529_12013799530_473195061,5,2,21
11862.0,2496228891,0,2,15
11862.0,cluster_12013799525_12013799526_2496228894,2,2,15
11862.0,cluster_12013799529_12013799530_473195061,5,2,21
11863.0,2496228891,0,2,15
11863.0,cluster_12013799525_12013799526_2496228894,1,2,15
11863.0,cluster_12013799529_12013799530_473195061,4,2,21
11864.0,2496228891,0,2,15
11864.0,cluster_12013799525_12013799526_2496228894,1,2,15
11864.0,cluster_12013799527_12013799528_2190601967,1,0,15
11864.0,cluster_12013799529_12013799530_473195061,3,2,15
11865.0,2496228891,0,2,15
11865.0,cluster_12013799525_12013799526_2496228894,0,2,15
11865.0,cluster_12013799527_12013799528_2190601967,1,0,15
11865.0,cluster_12013799529_12013799530_473195061,2,2,15
11866.0,2496228891,0,2,15
11866.0,cluster_12013799525_12013799526_2496228894,0,2,15
11866.0,cluster_12013799527_12013799528_2190601967,1,0,15
11866.0,cluster_12013799529_12013799530_473195061,2,2,15
11867.0,2496228891,0,2,15
11867.0,cluster_12013799525_12013799526_2496228894,0,2,15
11867.0,cluster_12013799527_12013799528_2190601967,1,0,15
11867.0,cluster_12013799529_12013799530_473195061,1,2,15
11868.0,2496228891,0,2,15
11868.0,cluster_12013799525_12013799526_2496228894,0,2,15
11868.0,cluster_12013799527_12013799528_2190601967,0,0,15
11868.0,cluster_12013799529_12013799530_473195061,0,2,15
11869.0,2496228891,0,2,15
11869.0,cluster_12013799525_12013799526_2496228894,0,2,15
11869.0,cluster_12013799527_12013799528_2190601967,0,0,15
11869.0,cluster_12013799529_12013799530_473195061,1,2,15
11870.0,2496228891,0,2,15
11870.0,cluster_12013799525_12013799526_2496228894,0,2,15
11870.0,cluster_12013799527_12013799528_2190601967,0,0,15
11870.0,cluster_12013799529_12013799530_473195061,1,2,15
11871.0,2496228891,0,2,15
11871.0,cluster_12013799525_12013799526_2496228894,0,2,15
11871.0,cluster_12013799527_12013799528_2190601967,0,0,15
11871.0,cluster_12013799529_12013799530_473195061,1,2,15
11872.0,2496228891,0,2,15
11872.0,cluster_12013799525_12013799526_2496228894,0,2,15
11872.0,cluster_12013799527_12013799528_2190601967,0,0,15
11872.0,cluster_12013799529_12013799530_473195061,2,2,15
11873.0,2496228891,0,2,15
11873.0,cluster_12013799525_12013799526_2496228894,0,2,15
11873.0,cluster_12013799527_12013799528_2190601967,0,0,15
11873.0,cluster_12013799529_12013799530_473195061,2,2,15
11874.0,2496228891,0,2,15
11874.0,cluster_12013799525_12013799526_2496228894,0,2,15
11874.0,cluster_12013799527_12013799528_2190601967,0,0,15
11874.0,cluster_12013799529_12013799530_473195061,2,2,15
11875.0,2496228891,0,2,15
11875.0,cluster_12013799527_12013799528_2190601967,0,0,15
11876.0,2496228891,0,2,15
11876.0,cluster_12013799527_12013799528_2190601967,0,0,15
11877.0,cluster_12013799527_12013799528_2190601967,0,0,15
11878.0,cluster_12013799525_12013799526_2496228894,0,0,15
11878.0,cluster_12013799527_12013799528_2190601967,0,0,15
11878.0,cluster_12013799529_12013799530_473195061,0,0,15
11879.0,cluster_12013799525_12013799526_2496228894,0,0,15
11879.0,cluster_12013799527_12013799528_2190601967,0,0,15
11879.0,cluster_12013799529_12013799530_473195061,0,0,15
11880.0,2496228891,3,0,15
11880.0,cluster_12013799525_12013799526_2496228894,0,0,15
11880.0,cluster_12013799529_12013799530_473195061,0,0,15
11881.0,2496228891,2,0,15
11881.0,cluster_12013799525_12013799526_2496228894,0,0,15
11881.0,cluster_12013799529_12013799530_473195061,0,0,15
11882.0,2496228891,2,0,15
11882.0,cluster_12013799525_12013799526_2496228894,0,0,15
11882.0,cluster_12013799529_12013799530_473195061,0,0,15
11883.0,2496228891,2,0,15
11883.0,cluster_12013799525_12013799526_2496228894,0,0,15
11883.0,cluster_12013799527_12013799528_2190601967,1,2,15
11883.0,cluster_12013799529_12013799530_473195061,0,0,15
11884.0,2496228891,0,0,15
11884.0,cluster_12013799525_12013799526_2496228894,0,0,15
11884.0,cluster_12013799527_12013799528_2190601967,0,2,15
11884.0,cluster_12013799529_12013799530_473195061,0,0,15
11885.0,2496228891,0,0,15
11885.0,cluster_12013799525_12013799526_2496228894,0,0,15
11885.0,cluster_12013799527_12013799528_2190601967,0,2,15
11885.0,cluster_12013799529_12013799530_473195061,0,0,15
11886.0,2496228891,0,0,15
11886.0,cluster_12013799525_12013799526_2496228894,0,0,15
11886.0,cluster_12013799527_12013799528_2190601967,0,2,15
11886.0,cluster_12013799529_12013799530_473195061,0,0,15
11887.0,2496228891,0,0,15
11887.0,cluster_12013799525_12013799526_2496228894,0,0,15
11887.0,cluster_12013799527_12013799528_2190601967,0,2,15
11887.0,cluster_12013799529_12013799530_473195061,0,0,15
11888.0,2496228891,0,0,15
11888.0,cluster_12013799525_12013799526_2496228894,0,0,15
11888.0,cluster_12013799527_12013799528_2190601967,0,2,15
11888.0,cluster_12013799529_12013799530_473195061,0,0,15
11889.0,2496228891,0,0,15
11889.0,cluster_12013799525_12013799526_2496228894,0,0,15
11889.0,cluster_12013799527_12013799528_2190601967,0,2,15
11889.0,cluster_12013799529_12013799530_473195061,0,0,15
11890.0,2496228891,0,0,15
11890.0,cluster_12013799525_12013799526_2496228894,0,0,15
11890.0,cluster_12013799527_12013799528_2190601967,0,2,15
11890.0,cluster_12013799529_12013799530_473195061,0,0,15
11891.0,2496228891,0,0,15
11891.0,cluster_12013799525_12013799526_2496228894,0,0,15
11891.0,cluster_12013799527_12013799528_2190601967,0,2,15
11891.0,cluster_12013799529_12013799530_473195061,0,0,15
11892.0,2496228891,0,0,15
11892.0,cluster_12013799525_12013799526_2496228894,0,0,15
11892.0,cluster_12013799527_12013799528_2190601967,0,2,15
11892.0,cluster_12013799529_12013799530_473195061,0,0,15
11893.0,2496228891,0,0,15
11893.0,cluster_12013799525_12013799526_2496228894,0,0,15
11893.0,cluster_12013799527_12013799528_2190601967,0,2,15
11893.0,cluster_12013799529_12013799530_473195061,0,0,15
11894.0,2496228891,0,0,15
11894.0,cluster_12013799527_12013799528_2190601967,0,2,15
11895.0,2496228891,0,0,15
11895.0,cluster_12013799527_12013799528_2190601967,0,2,15
11896.0,cluster_12013799527_12013799528_2190601967,0,2,15
11897.0,cluster_12013799525_12013799526_2496228894,0,2,15
11897.0,cluster_12013799527_12013799528_2190601967,0,2,15
11897.0,cluster_12013799529_12013799530_473195061,2,2,15
11898.0,cluster_12013799525_12013799526_2496228894,0,2,15
11898.0,cluster_12013799527_12013799528_2190601967,0,2,15
11898.0,cluster_12013799529_12013799530_473195061,1,2,15
11899.0,2496228891,0,2,15
11899.0,cluster_12013799525_12013799526_2496228894,0,2,15
11899.0,cluster_12013799529_12013799530_473195061,1,2,15
11900.0,2496228891,0,2,15
11900.0,cluster_12013799525_12013799526_2496228894,0,2,15
11900.0,cluster_12013799529_12013799530_473195061,1,2,15
11901.0,2496228891,1,2,15
11901.0,cluster_12013799525_12013799526_2496228894,1,2,15
11901.0,cluster_12013799529_12013799530_473195061,1,2,15
11902.0,2496228891,1,2,15
11902.0,cluster_12013799525_12013799526_2496228894,1,2,15
11902.0,cluster_12013799527_12013799528_2190601967,1,0,15
11902.0,cluster_12013799529_12013799530_473195061,1,2,15
11903.0,2496228891,1,2,15
11903.0,cluster_12013799525_12013799526_2496228894,1,2,15
11903.0,cluster_12013799527_12013799528_2190601967,1,0,15
11903.0,cluster_12013799529_12013799530_473195061,1,2,15
11904.0,2496228891,1,2,15
11904.0,cluster_12013799525_12013799526_2496228894,1,2,15
11904.0,cluster_12013799527_12013799528_2190601967,1,0,15
11904.0,cluster_12013799529_12013799530_473195061,1,2,15
11905.0,2496228891,2,2,15
11905.0,cluster_12013799525_12013799526_2496228894,2,2,15
11905.0,cluster_12013799527_12013799528_2190601967,2,0,15
11905.0,cluster_12013799529_12013799530_473195061,2,2,15
11906.0,2496228891,2,2,15
11906.0,cluster_12013799525_12013799526_2496228894,2,2,15
11906.0,cluster_12013799527_12013799528_2190601967,2,0,15
11906.0,cluster_12013799529_12013799530_473195061,2,2,15
11907.0,2496228891,2,2,15
11907.0,cluster_12013799525_12013799526_2496228894,2,2,15
11907.0,cluster_12013799527_12013799528_2190601967,2,0,15
11907.0,cluster_12013799529_12013799530_473195061,2,2,15
11908.0,2496228891,2,2,15
11908.0,cluster_12013799525_12013799526_2496228894,2,2,15
11908.0,cluster_12013799527_12013799528_2190601967,2,0,15
11908.0,cluster_12013799529_12013799530_473195061,2,2,15
11909.0,2496228891,3,2,15
11909.0,cluster_12013799525_12013799526_2496228894,3,2,15
11909.0,cluster_12013799527_12013799528_2190601967,3,0,15
11909.0,cluster_12013799529_12013799530_473195061,3,2,15
11910.0,2496228891,3,2,15
11910.0,cluster_12013799525_12013799526_2496228894,3,2,15
11910.0,cluster_12013799527_12013799528_2190601967,3,0,15
11910.0,cluster_12013799529_12013799530_473195061,3,2,15
11911.0,2496228891,3,2,15
11911.0,cluster_12013799525_12013799526_2496228894,3,2,15
11911.0,cluster_12013799527_12013799528_2190601967,3,0,15
11911.0,cluster_12013799529_12013799530_473195061,3,2,15
11912.0,2496228891,3,2,15
11912.0,cluster_12013799525_12013799526_2496228894,3,2,15
11912.0,cluster_12013799527_12013799528_2190601967,3,0,15
11912.0,cluster_12013799529_12013799530_473195061,3,2,15
11913.0,2496228891,2,2,15
11913.0,cluster_12013799527_12013799528_2190601967,4,0,23
11914.0,2496228891,3,2,15
11914.0,cluster_12013799527_12013799528_2190601967,4,0,21
11915.0,cluster_12013799527_12013799528_2190601967,4,0,21
11916.0,cluster_12013799525_12013799526_2496228894,4,0,21
11916.0,cluster_12013799527_12013799528_2190601967,4,0,21
11916.0,cluster_12013799529_12013799530_473195061,4,0,21
11917.0,cluster_12013799525_12013799526_2496228894,3,0,15
11917.0,cluster_12013799527_12013799528_2190601967,4,0,21
11917.0,cluster_12013799529_12013799530_473195061,5,0,23
11918.0,2496228891,5,0,21
11918.0,cluster_12013799525_12013799526_2496228894,3,0,15
11918.0,cluster_12013799529_12013799530_473195061,5,0,21
11919.0,2496228891,4,0,21
11919.0,cluster_12013799525_12013799526_2496228894,3,0,15
11919.0,cluster_12013799529_12013799530_473195061,4,0,21
11920.0,2496228891,4,0,21
11920.0,cluster_12013799525_12013799526_2496228894,3,0,15
11920.0,cluster_12013799529_12013799530_473195061,4,0,21
11921.0,2496228891,4,0,21
11921.0,cluster_12013799525_12013799526_2496228894,2,0,15
11921.0,cluster_12013799527_12013799528_2190601967,2,2,15
11921.0,cluster_12013799529_12013799530_473195061,4,0,21
11922.0,2496228891,5,0,23
11922.0,cluster_12013799525_12013799526_2496228894,2,0,15
11922.0,cluster_12013799527_12013799528_2190601967,3,2,15
11922.0,cluster_12013799529_12013799530_473195061,3,0,15
11923.0,2496228891,5,0,21
11923.0,cluster_12013799525_12013799526_2496228894,2,0,15
11923.0,cluster_12013799527_12013799528_2190601967,3,2,15
11923.0,cluster_12013799529_12013799530_473195061,3,0,15
11924.0,2496228891,7,0,23
11924.0,cluster_12013799525_12013799526_2496228894,1,0,15
11924.0,cluster_12013799527_12013799528_2190601967,2,2,15
11924.0,cluster_12013799529_12013799530_473195061,3,0,15
11925.0,2496228891,7,0,21
11925.0,cluster_12013799525_12013799526_2496228894,1,0,15
11925.0,cluster_12013799527_12013799528_2190601967,3,2,15
11925.0,cluster_12013799529_12013799530_473195061,3,0,15
11926.0,2496228891,6,0,21
11926.0,cluster_12013799525_12013799526_2496228894,1,0,15
11926.0,cluster_12013799527_12013799528_2190601967,3,2,15
11926.0,cluster_12013799529_12013799530_473195061,2,0,15
11927.0,2496228891,4,0,21
11927.0,cluster_12013799525_12013799526_2496228894,0,0,15
11927.0,cluster_12013799527_12013799528_2190601967,2,2,15
11927.0,cluster_12013799529_12013799530_473195061,2,0,15
11928.0,2496228891,4,0,21
11928.0,cluster_12013799525_12013799526_2496228894,0,0,15
11928.0,cluster_12013799527_12013799528_2190601967,2,2,15
11928.0,cluster_12013799529_12013799530_473195061,2,0,15
11929.0,2496228891,3,0,15
11929.0,cluster_12013799525_12013799526_2496228894,0,0,15
11929.0,cluster_12013799527_12013799528_2190601967,4,2,23
11929.0,cluster_12013799529_12013799530_473195061,2,0,15
11930.0,2496228891,3,0,15
11930.0,cluster_12013799525_12013799526_2496228894,0,0,15
11930.0,cluster_12013799527_12013799528_2190601967,4,2,21
11930.0,cluster_12013799529_12013799530_473195061,2,0,15
11931.0,2496228891,3,0,15
11931.0,cluster_12013799525_12013799526_2496228894,0,0,15
11931.0,cluster_12013799527_12013799528_2190601967,3,2,15
11931.0,cluster_12013799529_12013799530_473195061,1,0,15
11932.0,2496228891,3,0,15
11932.0,cluster_12013799525_12013799526_2496228894,0,0,15
11932.0,cluster_12013799527_12013799528_2190601967,3,2,15
11932.0,cluster_12013799529_12013799530_473195061,1,0,15
11933.0,2496228891,2,0,15
11933.0,cluster_12013799525_12013799526_2496228894,0,0,15
11933.0,cluster_12013799527_12013799528_2190601967,4,2,23
11933.0,cluster_12013799529_12013799530_473195061,0,0,15
11934.0,2496228891,2,0,15
11934.0,cluster_12013799525_12013799526_2496228894,0,0,15
11934.0,cluster_12013799527_12013799528_2190601967,3,2,15
11934.0,cluster_12013799529_12013799530_473195061,0,0,15
11935.0,2496228891,2,0,15
11935.0,cluster_12013799525_12013799526_2496228894,0,0,15
11935.0,cluster_12013799527_12013799528_2190601967,2,2,15
11935.0,cluster_12013799529_12013799530_473195061,0,0,15
11936.0,2496228891,2,0,15
11936.0,cluster_12013799525_12013799526_2496228894,0,0,15
11936.0,cluster_12013799527_12013799528_2190601967,3,2,15
11936.0,cluster_12013799529_12013799530_473195061,0,0,15
11937.0,2496228891,1,0,15
11937.0,cluster_12013799525_12013799526_2496228894,0,0,15
11937.0,cluster_12013799529_12013799530_473195061,0,0,15
11938.0,2496228891,1,0,15
11939.0,2496228891,1,0,15
11940.0,cluster_12013799527_12013799528_2190601967,6,0,21
11941.0,cluster_12013799525_12013799526_2496228894,3,2,15
11941.0,cluster_12013799527_12013799528_2190601967,5,0,21
11941.0,cluster_12013799529_12013799530_473195061,7,2,21
11942.0,cluster_12013799525_12013799526_2496228894,4,2,23
11942.0,cluster_12013799527_12013799528_2190601967,5,0,21
11942.0,cluster_12013799529_12013799530_473195061,7,2,21
11943.0,2496228891,2,2,15
11943.0,cluster_12013799525_12013799526_2496228894,3,2,15
11943.0,cluster_12013799527_12013799528_2190601967,5,0,21
11943.0,cluster_12013799529_12013799530_473195061,7,2,21
11944.0,2496228891,2,2,15
11944.0,cluster_12013799525_12013799526_2496228894,3,2,15
11944.0,cluster_12013799527_12013799528_2190601967,4,0,21
11944.0,cluster_12013799529_12013799530_473195061,6,2,21
11945.0,2496228891,2,2,15
11945.0,cluster_12013799525_12013799526_2496228894,3,2,15
11945.0,cluster_12013799527_12013799528_2190601967,4,0,21
11945.0,cluster_12013799529_12013799530_473195061,6,2,21
11946.0,2496228891,2,2,15
11946.0,cluster_12013799525_12013799526_2496228894,3,2,15
11946.0,cluster_12013799527_12013799528_2190601967,4,0,21
11946.0,cluster_12013799529_12013799530_473195061,6,2,23
11947.0,2496228891,1,2,15
11947.0,cluster_12013799525_12013799526_2496228894,3,2,15
11947.0,cluster_12013799527_12013799528_2190601967,4,0,21
11947.0,cluster_12013799529_12013799530_473195061,6,2,21
11948.0,2496228891,1,2,15
11948.0,cluster_12013799525_12013799526_2496228894,3,2,15
11948.0,cluster_12013799527_12013799528_2190601967,3,0,15
11948.0,cluster_12013799529_12013799530_473195061,5,2,21
11949.0,2496228891,1,2,15
11949.0,cluster_12013799525_12013799526_2496228894,3,2,15
11949.0,cluster_12013799527_12013799528_2190601967,3,0,15
11949.0,cluster_12013799529_12013799530_473195061,5,2,21
11950.0,2496228891,0,2,15
11950.0,cluster_12013799525_12013799526_2496228894,3,2,15
11950.0,cluster_12013799527_12013799528_2190601967,2,0,15
11950.0,cluster_12013799529_12013799530_473195061,5,2,23
11951.0,2496228891,0,2,15
11951.0,cluster_12013799525_12013799526_2496228894,3,2,15
11951.0,cluster_12013799527_12013799528_2190601967,2,0,15
11951.0,cluster_12013799529_12013799530_473195061,5,2,21
11952.0,2496228891,0,2,15
11952.0,cluster_12013799525_12013799526_2496228894,2,2,15
11952.0,cluster_12013799527_12013799528_2190601967,2,0,15
11952.0,cluster_12013799529_12013799530_473195061,5,2,21
11953.0,2496228891,0,2,15
11953.0,cluster_12013799525_12013799526_2496228894,3,2,15
11953.0,cluster_12013799527_12013799528_2190601967,1,0,15
11953.0,cluster_12013799529_12013799530_473195061,5,2,23
11954.0,2496228891,0,2,15
11954.0,cluster_12013799525_12013799526_2496228894,3,2,15
11954.0,cluster_12013799527_12013799528_2190601967,1,0,15
11954.0,cluster_12013799529_12013799530_473195061,5,2,21
11955.0,2496228891,0,2,15
11955.0,cluster_12013799525_12013799526_2496228894,3,2,15
11955.0,cluster_12013799527_12013799528_2190601967,0,0,15
11955.0,cluster_12013799529_12013799530_473195061,4,2,21
11956.0,2496228891,0,2,15
11956.0,cluster_12013799525_12013799526_2496228894,3,2,15
11956.0,cluster_12013799527_12013799528_2190601967,0,0,15
11956.0,cluster_12013799529_12013799530_473195061,4,2,21
11957.0,2496228891,0,2,15
11957.0,cluster_12013799527_12013799528_2190601967,0,0,15
11957.0,cluster_12013799529_12013799530_473195061,5,2,23
11958.0,2496228891,0,2,15
11958.0,cluster_12013799527_12013799528_2190601967,0,0,15
11958.0,cluster_12013799529_12013799530_473195061,4,2,21
11959.0,cluster_12013799527_12013799528_2190601967,0,0,15
11959.0,cluster_12013799529_12013799530_473195061,4,2,21
11960.0,cluster_12013799525_12013799526_2496228894,0,0,15
11960.0,cluster_12013799527_12013799528_2190601967,0,0,15
11960.0,cluster_12013799529_12013799530_473195061,3,2,15
11961.0,cluster_12013799525_12013799526_2496228894,0,0,15
11961.0,cluster_12013799527_12013799528_2190601967,0,0,15
11961.0,cluster_12013799529_12013799530_473195061,3,2,15
11962.0,2496228891,3,0,15
11962.0,cluster_12013799525_12013799526_2496228894,0,0,15
11962.0,cluster_12013799529_12013799530_473195061,3,2,15
11963.0,2496228891,3,0,15
11963.0,cluster_12013799525_12013799526_2496228894,0,0,15
11964.0,2496228891,1,0,15
11964.0,cluster_12013799525_12013799526_2496228894,0,0,15
11965.0,2496228891,1,0,15
11965.0,cluster_12013799525_12013799526_2496228894,0,0,15
11965.0,cluster_12013799527_12013799528_2190601967,0,2,15
11966.0,2496228891,1,0,15
11966.0,cluster_12013799525_12013799526_2496228894,0,0,15
11966.0,cluster_12013799527_12013799528_2190601967,0,2,15
11966.0,cluster_12013799529_12013799530_473195061,0,0,15
11967.0,2496228891,2,0,15
11967.0,cluster_12013799525_12013799526_2496228894,0,0,15
11967.0,cluster_12013799527_12013799528_2190601967,0,2,15
11967.0,cluster_12013799529_12013799530_473195061,0,0,15
11968.0,2496228891,2,0,15
11968.0,cluster_12013799525_12013799526_2496228894,0,0,15
11968.0,cluster_12013799527_12013799528_2190601967,0,2,15
11968.0,cluster_12013799529_12013799530_473195061,0,0,15
11969.0,2496228891,2,0,15
11969.0,cluster_12013799525_12013799526_2496228894,0,0,15
11969.0,cluster_12013799527_12013799528_2190601967,0,2,15
11969.0,cluster_12013799529_12013799530_473195061,0,0,15
11970.0,2496228891,3,0,15
11970.0,cluster_12013799525_12013799526_2496228894,0,0,15
11970.0,cluster_12013799527_12013799528_2190601967,0,2,15
11970.0,cluster_12013799529_12013799530_473195061,0,0,15
11971.0,2496228891,2,0,15
11971.0,cluster_12013799525_12013799526_2496228894,0,0,15
11971.0,cluster_12013799527_12013799528_2190601967,0,2,15
11971.0,cluster_12013799529_12013799530_473195061,0,0,15
11972.0,2496228891,1,0,15
11972.0,cluster_12013799525_12013799526_2496228894,0,0,15
11972.0,cluster_12013799527_12013799528_2190601967,0,2,15
11972.0,cluster_12013799529_12013799530_473195061,0,0,15
11973.0,2496228891,1,0,15
11973.0,cluster_12013799525_12013799526_2496228894,0,0,15
11973.0,cluster_12013799527_12013799528_2190601967,0,2,15
11973.0,cluster_12013799529_12013799530_473195061,0,0,15
11974.0,2496228891,1,0,15
11974.0,cluster_12013799525_12013799526_2496228894,0,0,15
11974.0,cluster_12013799527_12013799528_2190601967,0,2,15
11974.0,cluster_12013799529_12013799530_473195061,0,0,15
11975.0,2496228891,1,0,15
11975.0,cluster_12013799525_12013799526_2496228894,0,0,15
11975.0,cluster_12013799527_12013799528_2190601967,0,2,15
11975.0,cluster_12013799529_12013799530_473195061,0,0,15
11976.0,2496228891,1,0,15
11976.0,cluster_12013799527_12013799528_2190601967,0,2,15
11976.0,cluster_12013799529_12013799530_473195061,0,0,15
11977.0,2496228891,0,0,15
11977.0,cluster_12013799527_12013799528_2190601967,0,2,15
11977.0,cluster_12013799529_12013799530_473195061,0,0,15
11978.0,cluster_12013799527_12013799528_2190601967,0,2,15
11978.0,cluster_12013799529_12013799530_473195061,0,0,15
11979.0,cluster_12013799525_12013799526_2496228894,6,2,21
11979.0,cluster_12013799527_12013799528_2190601967,0,2,15
11979.0,cluster_12013799529_12013799530_473195061,0,0,15
11980.0,cluster_12013799525_12013799526_2496228894,5,2,21
11980.0,cluster_12013799527_12013799528_2190601967,0,2,15
11980.0,cluster_12013799529_12013799530_473195061,0,0,15
11981.0,2496228891,0,2,15
11981.0,cluster_12013799525_12013799526_2496228894,5,2,21
11981.0,cluster_12013799529_12013799530_473195061,0,0,15
11982.0,2496228891,0,2,15
11982.0,cluster_12013799525_12013799526_2496228894,5,2,21
11983.0,2496228891,0,2,15
11983.0,cluster_12013799525_12013799526_2496228894,4,2,21
11984.0,2496228891,0,2,15
11984.0,cluster_12013799525_12013799526_2496228894,3,2,15
11984.0,cluster_12013799527_12013799528_2190601967,0,0,15
11985.0,2496228891,0,2,15
11985.0,cluster_12013799525_12013799526_2496228894,3,2,15
11985.0,cluster_12013799527_12013799528_2190601967,0,0,15
11985.0,cluster_12013799529_12013799530_473195061,1,2,15
11986.0,2496228891,0,2,15
11986.0,cluster_12013799525_12013799526_2496228894,2,2,15
11986.0,cluster_12013799527_12013799528_2190601967,0,0,15
11986.0,cluster_12013799529_12013799530_473195061,1,2,15
11987.0,2496228891,0,2,15
11987.0,cluster_12013799525_12013799526_2496228894,2,2,15
11987.0,cluster_12013799527_12013799528_2190601967,0,0,15
11987.0,cluster_12013799529_12013799530_473195061,1,2,15
11988.0,2496228891,0,2,15
11988.0,cluster_12013799525_12013799526_2496228894,2,2,15
11988.0,cluster_12013799527_12013799528_2190601967,0,0,15
11988.0,cluster_12013799529_12013799530_473195061,1,2,15
11989.0,2496228891,0,2,15
11989.0,cluster_12013799525_12013799526_2496228894,1,2,15
11989.0,cluster_12013799527_12013799528_2190601967,0,0,15
11989.0,cluster_12013799529_12013799530_473195061,0,2,15
11990.0,2496228891,0,2,15
11990.0,cluster_12013799525_12013799526_2496228894,1,2,15
11990.0,cluster_12013799527_12013799528_2190601967,0,0,15
11990.0,cluster_12013799529_12013799530_473195061,0,2,15
11991.0,2496228891,0,2,15
11991.0,cluster_12013799525_12013799526_2496228894,0,2,15
11991.0,cluster_12013799527_12013799528_2190601967,0,0,15
11991.0,cluster_12013799529_12013799530_473195061,0,2,15
11992.0,2496228891,0,2,15
11992.0,cluster_12013799525_12013799526_2496228894,0,2,15
11992.0,cluster_12013799527_12013799528_2190601967,0,0,15
11992.0,cluster_12013799529_12013799530_473195061,0,2,15
11993.0,2496228891,0,2,15
11993.0,cluster_12013799525_12013799526_2496228894,0,2,15
11993.0,cluster_12013799527_12013799528_2190601967,0,0,15
11993.0,cluster_12013799529_12013799530_473195061,0,2,15
11994.0,2496228891,0,2,15
11994.0,cluster_12013799525_12013799526_2496228894,0,2,15
11994.0,cluster_12013799527_12013799528_2190601967,0,0,15
11994.0,cluster_12013799529_12013799530_473195061,0,2,15
11995.0,2496228891,0,2,15
11995.0,cluster_12013799525_12013799526_2496228894,0,2,15
11995.0,cluster_12013799527_12013799528_2190601967,0,0,15
11995.0,cluster_12013799529_12013799530_473195061,0,2,15
11996.0,2496228891,0,2,15
11996.0,cluster_12013799525_12013799526_2496228894,0,2,15
11996.0,cluster_12013799527_12013799528_2190601967,0,0,15
11996.0,cluster_12013799529_12013799530_473195061,0,2,15
11997.0,cluster_12013799525_12013799526_2496228894,0,2,15
11997.0,cluster_12013799527_12013799528_2190601967,0,0,15
11997.0,cluster_12013799529_12013799530_473195061,0,2,15
11998.0,cluster_12013799525_12013799526_2496228894,0,2,15
11998.0,cluster_12013799527_12013799528_2190601967,0,0,15
11998.0,cluster_12013799529_12013799530_473195061,0,2,15
11999.0,cluster_12013799525_12013799526_2496228894,0,2,15
11999.0,cluster_12013799527_12013799528_2190601967,0,0,15
11999.0,cluster_12013799529_12013799530_473195061,0,2,15
12000.0,2496228891,1,0,15
12000.0,cluster_12013799525_12013799526_2496228894,0,2,15
12000.0,cluster_12013799529_12013799530_473195061,0,2,15
12001.0,2496228891,2,0,15
12002.0,2496228891,2,0,15
12003.0,2496228891,1,0,15
12003.0,cluster_12013799527_12013799528_2190601967,4,2,21
12004.0,2496228891,1,0,15
12004.0,cluster_12013799525_12013799526_2496228894,1,0,15
12004.0,cluster_12013799527_12013799528_2190601967,2,2,15
12004.0,cluster_12013799529_12013799530_473195061,1,0,15
12005.0,2496228891,2,0,15
12005.0,cluster_12013799525_12013799526_2496228894,2,0,15
12005.0,cluster_12013799527_12013799528_2190601967,3,2,15
12005.0,cluster_12013799529_12013799530_473195061,2,0,15
12006.0,2496228891,2,0,15
12006.0,cluster_12013799525_12013799526_2496228894,2,0,15
12006.0,cluster_12013799527_12013799528_2190601967,3,2,15
12006.0,cluster_12013799529_12013799530_473195061,2,0,15
12007.0,2496228891,2,0,15
12007.0,cluster_12013799525_12013799526_2496228894,2,0,15
12007.0,cluster_12013799527_12013799528_2190601967,2,2,15
12007.0,cluster_12013799529_12013799530_473195061,2,0,15
12008.0,2496228891,2,0,15
12008.0,cluster_12013799525_12013799526_2496228894,2,0,15
12008.0,cluster_12013799527_12013799528_2190601967,2,2,15
12008.0,cluster_12013799529_12013799530_473195061,2,0,15
12009.0,2496228891,3,0,15
12009.0,cluster_12013799525_12013799526_2496228894,3,0,15
12009.0,cluster_12013799527_12013799528_2190601967,3,2,15
12009.0,cluster_12013799529_12013799530_473195061,3,0,15
12010.0,2496228891,3,0,15
12010.0,cluster_12013799525_12013799526_2496228894,2,0,15
12010.0,cluster_12013799527_12013799528_2190601967,2,2,15
12010.0,cluster_12013799529_12013799530_473195061,3,0,15
12011.0,2496228891,3,0,15
12011.0,cluster_12013799525_12013799526_2496228894,2,0,15
12011.0,cluster_12013799527_12013799528_2190601967,2,2,15
12011.0,cluster_12013799529_12013799530_473195061,3,0,15
12012.0,2496228891,3,0,15
12012.0,cluster_12013799525_12013799526_2496228894,2,0,15
12012.0,cluster_12013799527_12013799528_2190601967,2,2,15
12012.0,cluster_12013799529_12013799530_473195061,3,0,15
12013.0,2496228891,4,0,23
12013.0,cluster_12013799525_12013799526_2496228894,3,0,15
12013.0,cluster_12013799527_12013799528_2190601967,4,2,23
12013.0,cluster_12013799529_12013799530_473195061,4,0,21
12014.0,2496228891,4,0,21
12014.0,cluster_12013799525_12013799526_2496228894,2,0,15
12014.0,cluster_12013799527_12013799528_2190601967,3,2,15
12014.0,cluster_12013799529_12013799530_473195061,4,0,21
12015.0,2496228891,4,0,21
12015.0,cluster_12013799525_12013799526_2496228894,2,0,15
12015.0,cluster_12013799527_12013799528_2190601967,3,2,15
12015.0,cluster_12013799529_12013799530_473195061,4,0,21
12016.0,cluster_12013799525_12013799526_2496228894,2,0,15
12016.0,cluster_12013799527_12013799528_2190601967,4,2,23
12016.0,cluster_12013799529_12013799530_473195061,4,0,21
12017.0,cluster_12013799525_12013799526_2496228894,2,0,15
12017.0,cluster_12013799527_12013799528_2190601967,4,2,21
12017.0,cluster_12013799529_12013799530_473195061,5,0,23
12018.0,cluster_12013799525_12013799526_2496228894,2,0,15
12018.0,cluster_12013799527_12013799528_2190601967,3,2,15
12018.0,cluster_12013799529_12013799530_473195061,4,0,21
12019.0,2496228891,2,2,15
12019.0,cluster_12013799525_12013799526_2496228894,1,0,15
12019.0,cluster_12013799527_12013799528_2190601967,3,2,15
12019.0,cluster_12013799529_12013799530_473195061,4,0,21
12020.0,2496228891,2,2,15
12020.0,cluster_12013799527_12013799528_2190601967,3,2,15
12021.0,2496228891,2,2,15
12021.0,cluster_12013799527_12013799528_2190601967,4,2,23
12022.0,2496228891,2,2,15
12022.0,cluster_12013799527_12013799528_2190601967,4,2,23
12023.0,2496228891,1,2,15
12023.0,cluster_12013799525_12013799526_2496228894,2,2,15
12023.0,cluster_12013799527_12013799528_2190601967,3,2,15
12023.0,cluster_12013799529_12013799530_473195061,6,2,21
12024.0,2496228891,1,2,15
12024.0,cluster_12013799525_12013799526_2496228894,3,2,15
12024.0,cluster_12013799527_12013799528_2190601967,3,2,15
12024.0,cluster_12013799529_12013799530_473195061,6,2,21
12025.0,2496228891,1,2,15
12025.0,cluster_12013799525_12013799526_2496228894,3,2,15
12025.0,cluster_12013799529_12013799530_473195061,8,2,24
12026.0,2496228891,0,2,15
12026.0,cluster_12013799525_12013799526_2496228894,2,2,15
12026.0,cluster_12013799529_12013799530_473195061,8,2,21
12027.0,2496228891,0,2,15
12027.0,cluster_12013799525_12013799526_2496228894,2,2,15
12027.0,cluster_12013799529_12013799530_473195061,8,2,21
12028.0,2496228891,0,2,15
12028.0,cluster_12013799525_12013799526_2496228894,3,2,15
12028.0,cluster_12013799527_12013799528_2190601967,7,0,21
12028.0,cluster_12013799529_12013799530_473195061,8,2,21
12029.0,2496228891,0,2,15
12029.0,cluster_12013799525_12013799526_2496228894,3,2,15
12029.0,cluster_12013799527_12013799528_2190601967,6,0,21
12029.0,cluster_12013799529_12013799530_473195061,7,2,21
12030.0,2496228891,0,2,15
12030.0,cluster_12013799525_12013799526_2496228894,3,2,15
12030.0,cluster_12013799527_12013799528_2190601967,6,0,21
12030.0,cluster_12013799529_12013799530_473195061,7,2,21
12031.0,2496228891,0,2,15
12031.0,cluster_12013799525_12013799526_2496228894,2,2,15
12031.0,cluster_12013799527_12013799528_2190601967,6,0,21
12031.0,cluster_12013799529_12013799530_473195061,7,2,21
12032.0,2496228891,0,2,15
12032.0,cluster_12013799525_12013799526_2496228894,2,2,15
12032.0,cluster_12013799527_12013799528_2190601967,6,0,21
12032.0,cluster_12013799529_12013799530_473195061,7,2,21
12033.0,2496228891,0,2,15
12033.0,cluster_12013799525_12013799526_2496228894,2,2,15
12033.0,cluster_12013799527_12013799528_2190601967,5,0,21
12033.0,cluster_12013799529_12013799530_473195061,6,2,21
12034.0,2496228891,0,2,15
12034.0,cluster_12013799525_12013799526_2496228894,2,2,15
12034.0,cluster_12013799527_12013799528_2190601967,5,0,21
12034.0,cluster_12013799529_12013799530_473195061,5,2,21
12035.0,cluster_12013799525_12013799526_2496228894,1,2,15
12035.0,cluster_12013799527_12013799528_2190601967,4,0,21
12035.0,cluster_12013799529_12013799530_473195061,4,2,21
12036.0,cluster_12013799525_12013799526_2496228894,1,2,15
12036.0,cluster_12013799527_12013799528_2190601967,4,0,21
12036.0,cluster_12013799529_12013799530_473195061,5,2,23
12037.0,cluster_12013799525_12013799526_2496228894,1,2,15
12037.0,cluster_12013799527_12013799528_2190601967,4,0,21
12037.0,cluster_12013799529_12013799530_473195061,5,2,21
12038.0,2496228891,4,0,21
12038.0,cluster_12013799525_12013799526_2496228894,0,2,15
12038.0,cluster_12013799527_12013799528_2190601967,3,0,15
12038.0,cluster_12013799529_12013799530_473195061,5,2,23
12039.0,2496228891,4,0,21
12039.0,cluster_12013799527_12013799528_2190601967,3,0,15
12039.0,cluster_12013799529_12013799530_473195061,5,2,21
12040.0,2496228891,4,0,21
12040.0,cluster_12013799527_12013799528_2190601967,2,0,15
12040.0,cluster_12013799529_12013799530_473195061,5,2,23
12041.0,2496228891,4,0,21
12041.0,cluster_12013799527_12013799528_2190601967,2,0,15
12041.0,cluster_12013799529_12013799530_473195061,5,2,21
12042.0,2496228891,4,0,21
12042.0,cluster_12013799525_12013799526_2496228894,1,0,15
12042.0,cluster_12013799527_12013799528_2190601967,2,0,15
12042.0,cluster_12013799529_12013799530_473195061,5,2,21
12043.0,2496228891,4,0,21
12043.0,cluster_12013799525_12013799526_2496228894,0,0,15
12043.0,cluster_12013799527_12013799528_2190601967,1,0,15
12043.0,cluster_12013799529_12013799530_473195061,5,2,23
12044.0,2496228891,4,0,21
12044.0,cluster_12013799525_12013799526_2496228894,0,0,15
12044.0,cluster_12013799527_12013799528_2190601967,1,0,15
12044.0,cluster_12013799529_12013799530_473195061,5,2,21
12045.0,2496228891,4,0,21
12045.0,cluster_12013799525_12013799526_2496228894,0,0,15
12045.0,cluster_12013799527_12013799528_2190601967,0,0,15
12046.0,2496228891,4,0,21
12046.0,cluster_12013799525_12013799526_2496228894,0,0,15
12046.0,cluster_12013799527_12013799528_2190601967,0,0,15
12047.0,2496228891,4,0,21
12047.0,cluster_12013799525_12013799526_2496228894,0,0,15
12047.0,cluster_12013799527_12013799528_2190601967,0,0,15
12048.0,2496228891,4,0,21
12048.0,cluster_12013799525_12013799526_2496228894,0,0,15
12048.0,cluster_12013799527_12013799528_2190601967,0,0,15
12048.0,cluster_12013799529_12013799530_473195061,4,0,21
12049.0,2496228891,3,0,15
12049.0,cluster_12013799525_12013799526_2496228894,0,0,15
12049.0,cluster_12013799527_12013799528_2190601967,0,0,15
12049.0,cluster_12013799529_12013799530_473195061,3,0,15
12050.0,2496228891,3,0,15
12050.0,cluster_12013799525_12013799526_2496228894,0,0,15
12050.0,cluster_12013799529_12013799530_473195061,3,0,15
12051.0,2496228891,3,0,15
12051.0,cluster_12013799525_12013799526_2496228894,0,0,15
12051.0,cluster_12013799529_12013799530_473195061,3,0,15
12052.0,2496228891,3,0,15
12052.0,cluster_12013799525_12013799526_2496228894,0,0,15
12052.0,cluster_12013799529_12013799530_473195061,3,0,15
12053.0,2496228891,2,0,15
12053.0,cluster_12013799525_12013799526_2496228894,0,0,15
12053.0,cluster_12013799527_12013799528_2190601967,5,2,21
12053.0,cluster_12013799529_12013799530_473195061,2,0,15
12054.0,2496228891,4,0,23
12054.0,cluster_12013799525_12013799526_2496228894,0,0,15
12054.0,cluster_12013799527_12013799528_2190601967,2,2,15
12054.0,cluster_12013799529_12013799530_473195061,2,0,15
12055.0,2496228891,4,0,21
12055.0,cluster_12013799525_12013799526_2496228894,0,0,15
12055.0,cluster_12013799527_12013799528_2190601967,3,2,15
12055.0,cluster_12013799529_12013799530_473195061,2,0,15
12056.0,2496228891,3,0,15
12056.0,cluster_12013799525_12013799526_2496228894,0,0,15
12056.0,cluster_12013799527_12013799528_2190601967,3,2,15
12056.0,cluster_12013799529_12013799530_473195061,1,0,15
12057.0,2496228891,3,0,15
12057.0,cluster_12013799525_12013799526_2496228894,0,0,15
12057.0,cluster_12013799527_12013799528_2190601967,2,2,15
12057.0,cluster_12013799529_12013799530_473195061,1,0,15
12058.0,2496228891,0,0,15
12058.0,cluster_12013799527_12013799528_2190601967,1,2,15
12058.0,cluster_12013799529_12013799530_473195061,0,0,15
12059.0,2496228891,0,0,15
12059.0,cluster_12013799527_12013799528_2190601967,1,2,15
12059.0,cluster_12013799529_12013799530_473195061,0,0,15
12060.0,cluster_12013799527_12013799528_2190601967,0,2,15
12060.0,cluster_12013799529_12013799530_473195061,0,0,15
12061.0,cluster_12013799525_12013799526_2496228894,0,2,15
12061.0,cluster_12013799527_12013799528_2190601967,0,2,15
12061.0,cluster_12013799529_12013799530_473195061,0,0,15
12062.0,cluster_12013799525_12013799526_2496228894,0,2,15
12062.0,cluster_12013799527_12013799528_2190601967,0,2,15
12062.0,cluster_12013799529_12013799530_473195061,0,0,15
12063.0,2496228891,0,2,15
12063.0,cluster_12013799525_12013799526_2496228894,0,2,15
12063.0,cluster_12013799527_12013799528_2190601967,0,2,15
12063.0,cluster_12013799529_12013799530_473195061,0,0,15
12064.0,2496228891,0,2,15
12064.0,cluster_12013799525_12013799526_2496228894,0,2,15
12064.0,cluster_12013799527_12013799528_2190601967,0,2,15
12064.0,cluster_12013799529_12013799530_473195061,0,0,15
12065.0,2496228891,0,2,15
12065.0,cluster_12013799525_12013799526_2496228894,0,2,15
12065.0,cluster_12013799527_12013799528_2190601967,0,2,15
12065.0,cluster_12013799529_12013799530_473195061,0,0,15
12066.0,2496228891,0,2,15
12066.0,cluster_12013799525_12013799526_2496228894,0,2,15
12066.0,cluster_12013799527_12013799528_2190601967,0,2,15
12066.0,cluster_12013799529_12013799530_473195061,0,0,15
12067.0,2496228891,0,2,15
12067.0,cluster_12013799525_12013799526_2496228894,0,2,15
12067.0,cluster_12013799527_12013799528_2190601967,0,2,15
12067.0,cluster_12013799529_12013799530_473195061,0,0,15
12068.0,2496228891,0,2,15
12068.0,cluster_12013799525_12013799526_2496228894,0,2,15
12068.0,cluster_12013799527_12013799528_2190601967,0,2,15
12068.0,cluster_12013799529_12013799530_473195061,0,0,15
12069.0,2496228891,0,2,15
12069.0,cluster_12013799525_12013799526_2496228894,0,2,15
12069.0,cluster_12013799527_12013799528_2190601967,0,2,15
12069.0,cluster_12013799529_12013799530_473195061,0,0,15
12070.0,2496228891,0,2,15
12070.0,cluster_12013799525_12013799526_2496228894,0,2,15
12070.0,cluster_12013799527_12013799528_2190601967,0,2,15
12071.0,2496228891,0,2,15
12071.0,cluster_12013799525_12013799526_2496228894,0,2,15
12071.0,cluster_12013799527_12013799528_2190601967,0,2,15
12072.0,2496228891,0,2,15
12072.0,cluster_12013799525_12013799526_2496228894,0,2,15
12072.0,cluster_12013799527_12013799528_2190601967,0,2,15
12073.0,2496228891,0,2,15
12073.0,cluster_12013799525_12013799526_2496228894,0,2,15
12073.0,cluster_12013799527_12013799528_2190601967,0,2,15
12073.0,cluster_12013799529_12013799530_473195061,9,2,22
12074.0,2496228891,0,2,15
12074.0,cluster_12013799525_12013799526_2496228894,0,2,15
12074.0,cluster_12013799527_12013799528_2190601967,0,2,15
12074.0,cluster_12013799529_12013799530_473195061,7,2,21
12075.0,2496228891,0,2,15
12075.0,cluster_12013799525_12013799526_2496228894,0,2,15
12075.0,cluster_12013799529_12013799530_473195061,7,2,21
12076.0,2496228891,0,2,15
12076.0,cluster_12013799525_12013799526_2496228894,0,2,15
12076.0,cluster_12013799529_12013799530_473195061,7,2,21
12077.0,2496228891,0,2,15
12077.0,cluster_12013799529_12013799530_473195061,6,2,21
12078.0,2496228891,0,2,15
12078.0,cluster_12013799527_12013799528_2190601967,0,0,15
12078.0,cluster_12013799529_12013799530_473195061,5,2,21
12079.0,cluster_12013799527_12013799528_2190601967,0,0,15
12079.0,cluster_12013799529_12013799530_473195061,5,2,21
12080.0,cluster_12013799525_12013799526_2496228894,0,0,15
12080.0,cluster_12013799527_12013799528_2190601967,0,0,15
12080.0,cluster_12013799529_12013799530_473195061,3,2,15
12081.0,cluster_12013799525_12013799526_2496228894,0,0,15
12081.0,cluster_12013799527_12013799528_2190601967,0,0,15
12081.0,cluster_12013799529_12013799530_473195061,3,2,15
12082.0,2496228891,4,0,21
12082.0,cluster_12013799525_12013799526_2496228894,0,0,15
12082.0,cluster_12013799527_12013799528_2190601967,0,0,15
12082.0,cluster_12013799529_12013799530_473195061,3,2,15
12083.0,2496228891,2,0,15
12083.0,cluster_12013799525_12013799526_2496228894,0,0,15
12083.0,cluster_12013799527_12013799528_2190601967,0,0,15
12083.0,cluster_12013799529_12013799530_473195061,2,2,15
12084.0,2496228891,3,0,15
12084.0,cluster_12013799525_12013799526_2496228894,0,0,15
12084.0,cluster_12013799527_12013799528_2190601967,0,0,15
12084.0,cluster_12013799529_12013799530_473195061,2,2,15
12085.0,2496228891,3,0,15
12085.0,cluster_12013799525_12013799526_2496228894,0,0,15
12085.0,cluster_12013799527_12013799528_2190601967,0,0,15
12085.0,cluster_12013799529_12013799530_473195061,1,2,15
12086.0,2496228891,4,0,23
12086.0,cluster_12013799525_12013799526_2496228894,0,0,15
12086.0,cluster_12013799527_12013799528_2190601967,0,0,15
12086.0,cluster_12013799529_12013799530_473195061,1,2,15
12087.0,2496228891,5,0,23
12087.0,cluster_12013799525_12013799526_2496228894,0,0,15
12087.0,cluster_12013799527_12013799528_2190601967,0,0,15
12087.0,cluster_12013799529_12013799530_473195061,1,2,15
12088.0,2496228891,5,0,23
12088.0,cluster_12013799525_12013799526_2496228894,0,0,15
12088.0,cluster_12013799527_12013799528_2190601967,0,0,15
12088.0,cluster_12013799529_12013799530_473195061,0,2,15
12089.0,2496228891,4,0,21
12089.0,cluster_12013799525_12013799526_2496228894,0,0,15
12089.0,cluster_12013799527_12013799528_2190601967,0,0,15
12089.0,cluster_12013799529_12013799530_473195061,0,2,15
12090.0,2496228891,4,0,23
12090.0,cluster_12013799525_12013799526_2496228894,0,0,15
12090.0,cluster_12013799527_12013799528_2190601967,0,0,15
12090.0,cluster_12013799529_12013799530_473195061,0,2,15
12091.0,2496228891,4,0,23
12091.0,cluster_12013799525_12013799526_2496228894,0,0,15
12091.0,cluster_12013799527_12013799528_2190601967,0,0,15
12091.0,cluster_12013799529_12013799530_473195061,0,2,15
12092.0,2496228891,2,0,15
12092.0,cluster_12013799525_12013799526_2496228894,0,0,15
12092.0,cluster_12013799527_12013799528_2190601967,0,0,15
12092.0,cluster_12013799529_12013799530_473195061,0,2,15
12093.0,2496228891,2,0,15
12093.0,cluster_12013799525_12013799526_2496228894,0,0,15
12093.0,cluster_12013799527_12013799528_2190601967,0,0,15
12093.0,cluster_12013799529_12013799530_473195061,0,2,15
12094.0,2496228891,2,0,15
12094.0,cluster_12013799525_12013799526_2496228894,0,0,15
12094.0,cluster_12013799529_12013799530_473195061,0,2,15
12095.0,2496228891,2,0,15
12095.0,cluster_12013799525_12013799526_2496228894,0,0,15
12095.0,cluster_12013799529_12013799530_473195061,0,2,15
12096.0,2496228891,3,0,15
12097.0,2496228891,2,0,15
12097.0,cluster_12013799527_12013799528_2190601967,0,2,15
12098.0,2496228891,2,0,15
12098.0,cluster_12013799527_12013799528_2190601967,0,2,15
12099.0,2496228891,1,0,15
12099.0,cluster_12013799525_12013799526_2496228894,4,2,21
12099.0,cluster_12013799527_12013799528_2190601967,0,2,15
12099.0,cluster_12013799529_12013799530_473195061,0,0,15
12100.0,2496228891,1,0,15
12100.0,cluster_12013799525_12013799526_2496228894,3,2,15
12100.0,cluster_12013799527_12013799528_2190601967,0,2,15
12100.0,cluster_12013799529_12013799530_473195061,0,0,15
12101.0,2496228891,2,0,15
12101.0,cluster_12013799525_12013799526_2496228894,4,2,23
12101.0,cluster_12013799527_12013799528_2190601967,1,2,15
12101.0,cluster_12013799529_12013799530_473195061,1,0,15
12102.0,2496228891,2,0,15
12102.0,cluster_12013799525_12013799526_2496228894,3,2,15
12102.0,cluster_12013799527_12013799528_2190601967,1,2,15
12102.0,cluster_12013799529_12013799530_473195061,1,0,15
12103.0,2496228891,1,0,15
12103.0,cluster_12013799525_12013799526_2496228894,3,2,15
12103.0,cluster_12013799527_12013799528_2190601967,1,2,15
12103.0,cluster_12013799529_12013799530_473195061,1,0,15
12104.0,cluster_12013799525_12013799526_2496228894,3,2,15
12104.0,cluster_12013799527_12013799528_2190601967,2,2,15
12104.0,cluster_12013799529_12013799530_473195061,1,0,15
12105.0,cluster_12013799525_12013799526_2496228894,4,2,23
12105.0,cluster_12013799527_12013799528_2190601967,3,2,15
12105.0,cluster_12013799529_12013799530_473195061,2,0,15
12106.0,cluster_12013799525_12013799526_2496228894,4,2,21
12106.0,cluster_12013799527_12013799528_2190601967,3,2,15
12106.0,cluster_12013799529_12013799530_473195061,2,0,15
12107.0,2496228891,2,2,15
12107.0,cluster_12013799525_12013799526_2496228894,4,2,21
12107.0,cluster_12013799527_12013799528_2190601967,3,2,15
12107.0,cluster_12013799529_12013799530_473195061,2,0,15
12108.0,2496228891,2,2,15
12108.0,cluster_12013799525_12013799526_2496228894,4,2,21
12108.0,cluster_12013799527_12013799528_2190601967,3,2,15
12108.0,cluster_12013799529_12013799530_473195061,2,0,15
12109.0,2496228891,2,2,15
12109.0,cluster_12013799525_12013799526_2496228894,4,2,21
12109.0,cluster_12013799527_12013799528_2190601967,4,2,23
12109.0,cluster_12013799529_12013799530_473195061,3,0,15
12110.0,2496228891,3,2,15
12110.0,cluster_12013799525_12013799526_2496228894,5,2,21
12110.0,cluster_12013799527_12013799528_2190601967,3,2,15
12110.0,cluster_12013799529_12013799530_473195061,3,0,15
12111.0,2496228891,3,2,15
12111.0,cluster_12013799525_12013799526_2496228894,4,2,21
12111.0,cluster_12013799527_12013799528_2190601967,4,2,23
12111.0,cluster_12013799529_12013799530_473195061,3,0,15
12112.0,2496228891,3,2,15
12112.0,cluster_12013799525_12013799526_2496228894,4,2,21
12112.0,cluster_12013799527_12013799528_2190601967,4,2,21
12112.0,cluster_12013799529_12013799530_473195061,3,0,15
12113.0,2496228891,3,2,15
12113.0,cluster_12013799525_12013799526_2496228894,4,2,21
12113.0,cluster_12013799529_12013799530_473195061,4,0,23
12114.0,2496228891,3,2,15
12114.0,cluster_12013799525_12013799526_2496228894,4,2,21
12114.0,cluster_12013799529_12013799530_473195061,4,0,21
12115.0,2496228891,3,2,15
12115.0,cluster_12013799525_12013799526_2496228894,3,2,15
12116.0,2496228891,3,2,15
12116.0,cluster_12013799525_12013799526_2496228894,3,2,15
12116.0,cluster_12013799527_12013799528_2190601967,4,0,21
12117.0,2496228891,2,2,15
12117.0,cluster_12013799525_12013799526_2496228894,2,2,15
12117.0,cluster_12013799527_12013799528_2190601967,5,0,23
12118.0,2496228891,2,2,15
12118.0,cluster_12013799525_12013799526_2496228894,2,2,15
12118.0,cluster_12013799527_12013799528_2190601967,4,0,21
12118.0,cluster_12013799529_12013799530_473195061,4,2,21
12119.0,2496228891,2,2,15
12119.0,cluster_12013799525_12013799526_2496228894,2,2,15
12119.0,cluster_12013799527_12013799528_2190601967,4,0,21
12119.0,cluster_12013799529_12013799530_473195061,4,2,21
12120.0,2496228891,2,2,15
12120.0,cluster_12013799525_12013799526_2496228894,3,2,15
12120.0,cluster_12013799527_12013799528_2190601967,4,0,21
12120.0,cluster_12013799529_12013799530_473195061,4,2,21
12121.0,2496228891,2,2,15
12121.0,cluster_12013799527_12013799528_2190601967,5,0,23
12121.0,cluster_12013799529_12013799530_473195061,5,2,21
12122.0,2496228891,2,2,15
12122.0,cluster_12013799527_12013799528_2190601967,4,0,21
12122.0,cluster_12013799529_12013799530_473195061,4,2,21
12123.0,cluster_12013799527_12013799528_2190601967,4,0,21
12123.0,cluster_12013799529_12013799530_473195061,4,2,21
12124.0,cluster_12013799525_12013799526_2496228894,4,0,21
12124.0,cluster_12013799527_12013799528_2190601967,4,0,21
12124.0,cluster_12013799529_12013799530_473195061,5,2,23
12125.0,cluster_12013799525_12013799526_2496228894,3,0,15
12125.0,cluster_12013799527_12013799528_2190601967,4,0,21
12125.0,cluster_12013799529_12013799530_473195061,5,2,21
12126.0,2496228891,5,0,21
12126.0,cluster_12013799525_12013799526_2496228894,3,0,15
12126.0,cluster_12013799527_12013799528_2190601967,4,0,21
12126.0,cluster_12013799529_12013799530_473195061,5,2,21
12127.0,2496228891,5,0,21
12127.0,cluster_12013799525_12013799526_2496228894,3,0,15
12127.0,cluster_12013799527_12013799528_2190601967,4,0,21
12127.0,cluster_12013799529_12013799530_473195061,6,2,23
12128.0,2496228891,5,0,21
12128.0,cluster_12013799525_12013799526_2496228894,3,0,15
12128.0,cluster_12013799527_12013799528_2190601967,4,0,21
12128.0,cluster_12013799529_12013799530_473195061,6,2,21
12129.0,2496228891,5,0,21
12129.0,cluster_12013799525_12013799526_2496228894,2,0,15
12129.0,cluster_12013799527_12013799528_2190601967,4,0,21
12129.0,cluster_12013799529_12013799530_473195061,6,2,21
12130.0,2496228891,5,0,21
12130.0,cluster_12013799525_12013799526_2496228894,2,0,15
12130.0,cluster_12013799527_12013799528_2190601967,3,0,15
12130.0,cluster_12013799529_12013799530_473195061,5,2,21
12131.0,2496228891,5,0,21
12131.0,cluster_12013799525_12013799526_2496228894,1,0,15
12131.0,cluster_12013799527_12013799528_2190601967,3,0,15
12131.0,cluster_12013799529_12013799530_473195061,5,2,21
12132.0,2496228891,5,0,21
12132.0,cluster_12013799525_12013799526_2496228894,1,0,15
12132.0,cluster_12013799527_12013799528_2190601967,3,0,15
12132.0,cluster_12013799529_12013799530_473195061,6,2,23
12133.0,2496228891,5,0,21
12133.0,cluster_12013799525_12013799526_2496228894,1,0,15
12133.0,cluster_12013799527_12013799528_2190601967,3,0,15
12133.0,cluster_12013799529_12013799530_473195061,5,2,21
12134.0,2496228891,5,0,21
12134.0,cluster_12013799525_12013799526_2496228894,0,0,15
12134.0,cluster_12013799527_12013799528_2190601967,2,0,15
12134.0,cluster_12013799529_12013799530_473195061,4,2,21
12135.0,2496228891,5,0,21
12135.0,cluster_12013799525_12013799526_2496228894,0,0,15
12135.0,cluster_12013799527_12013799528_2190601967,2,0,15
12135.0,cluster_12013799529_12013799530_473195061,4,2,21
12136.0,2496228891,5,0,21
12136.0,cluster_12013799525_12013799526_2496228894,0,0,15
12136.0,cluster_12013799527_12013799528_2190601967,2,0,15
12136.0,cluster_12013799529_12013799530_473195061,5,2,23
12137.0,2496228891,5,0,21
12137.0,cluster_12013799525_12013799526_2496228894,0,0,15
12137.0,cluster_12013799527_12013799528_2190601967,2,0,15
12137.0,cluster_12013799529_12013799530_473195061,4,2,21
12138.0,2496228891,7,0,23
12138.0,cluster_12013799525_12013799526_2496228894,0,0,15
12138.0,cluster_12013799529_12013799530_473195061,3,2,15
12139.0,2496228891,7,0,21
12139.0,cluster_12013799525_12013799526_2496228894,0,0,15
12139.0,cluster_12013799529_12013799530_473195061,3,2,15
12140.0,2496228891,7,0,21
12140.0,cluster_12013799525_12013799526_2496228894,0,0,15
12141.0,2496228891,7,0,21
12141.0,cluster_12013799525_12013799526_2496228894,0,0,15
12141.0,cluster_12013799527_12013799528_2190601967,3,2,15
12142.0,2496228891,5,0,21
12142.0,cluster_12013799525_12013799526_2496228894,0,0,15
12142.0,cluster_12013799527_12013799528_2190601967,4,2,23
12143.0,2496228891,5,0,21
12143.0,cluster_12013799525_12013799526_2496228894,0,0,15
12143.0,cluster_12013799527_12013799528_2190601967,3,2,15
12143.0,cluster_12013799529_12013799530_473195061,5,0,21
12144.0,2496228891,5,0,23
12144.0,cluster_12013799525_12013799526_2496228894,0,0,15
12144.0,cluster_12013799527_12013799528_2190601967,3,2,15
12144.0,cluster_12013799529_12013799530_473195061,4,0,21
12145.0,2496228891,5,0,21
12145.0,cluster_12013799525_12013799526_2496228894,0,0,15
12145.0,cluster_12013799527_12013799528_2190601967,2,2,15
12145.0,cluster_12013799529_12013799530_473195061,4,0,21
12146.0,2496228891,5,0,21
12146.0,cluster_12013799527_12013799528_2190601967,2,2,15
12146.0,cluster_12013799529_12013799530_473195061,4,0,21
12147.0,2496228891,5,0,21
12147.0,cluster_12013799527_12013799528_2190601967,2,2,15
12147.0,cluster_12013799529_12013799530_473195061,4,0,21
12148.0,cluster_12013799527_12013799528_2190601967,1,2,15
12148.0,cluster_12013799529_12013799530_473195061,3,0,15
12149.0,cluster_12013799525_12013799526_2496228894,3,2,15
12149.0,cluster_12013799527_12013799528_2190601967,1,2,15
12149.0,cluster_12013799529_12013799530_473195061,3,0,15
12150.0,cluster_12013799525_12013799526_2496228894,2,2,15
12150.0,cluster_12013799527_12013799528_2190601967,0,2,15
12150.0,cluster_12013799529_12013799530_473195061,2,0,15
12151.0,2496228891,2,2,15
12151.0,cluster_12013799525_12013799526_2496228894,2,2,15
12151.0,cluster_12013799527_12013799528_2190601967,0,2,15
12151.0,cluster_12013799529_12013799530_473195061,2,0,15
12152.0,2496228891,1,2,15
12152.0,cluster_12013799525_12013799526_2496228894,1,2,15
12152.0,cluster_12013799527_12013799528_2190601967,0,2,15
12152.0,cluster_12013799529_12013799530_473195061,2,0,15
12153.0,2496228891,1,2,15
12153.0,cluster_12013799525_12013799526_2496228894,1,2,15
12153.0,cluster_12013799527_12013799528_2190601967,0,2,15
12153.0,cluster_12013799529_12013799530_473195061,1,0,15
12154.0,2496228891,1,2,15
12154.0,cluster_12013799525_12013799526_2496228894,1,2,15
12154.0,cluster_12013799527_12013799528_2190601967,0,2,15
12154.0,cluster_12013799529_12013799530_473195061,1,0,15
12155.0,2496228891,1,2,15
12155.0,cluster_12013799525_12013799526_2496228894,1,2,15
12155.0,cluster_12013799527_12013799528_2190601967,0,2,15
12155.0,cluster_12013799529_12013799530_473195061,0,0,15
12156.0,2496228891,0,2,15
12156.0,cluster_12013799525_12013799526_2496228894,1,2,15
12156.0,cluster_12013799527_12013799528_2190601967,0,2,15
12156.0,cluster_12013799529_12013799530_473195061,0,0,15
12157.0,2496228891,0,2,15
12157.0,cluster_12013799525_12013799526_2496228894,1,2,15
12157.0,cluster_12013799529_12013799530_473195061,0,0,15
12158.0,2496228891,0,2,15
12158.0,cluster_12013799525_12013799526_2496228894,2,2,15
12158.0,cluster_12013799529_12013799530_473195061,0,0,15
12159.0,2496228891,0,2,15
12159.0,cluster_12013799525_12013799526_2496228894,2,2,15
12159.0,cluster_12013799529_12013799530_473195061,0,0,15
12160.0,2496228891,0,2,15
12160.0,cluster_12013799525_12013799526_2496228894,2,2,15
12160.0,cluster_12013799527_12013799528_2190601967,1,0,15
12160.0,cluster_12013799529_12013799530_473195061,0,0,15
12161.0,2496228891,0,2,15
12161.0,cluster_12013799525_12013799526_2496228894,2,2,15
12161.0,cluster_12013799527_12013799528_2190601967,0,0,15
12161.0,cluster_12013799529_12013799530_473195061,0,0,15
12162.0,2496228891,0,2,15
12162.0,cluster_12013799525_12013799526_2496228894,2,2,15
12162.0,cluster_12013799527_12013799528_2190601967,0,0,15
12162.0,cluster_12013799529_12013799530_473195061,0,0,15
12163.0,2496228891,0,2,15
12163.0,cluster_12013799525_12013799526_2496228894,2,2,15
12163.0,cluster_12013799527_12013799528_2190601967,0,0,15
12163.0,cluster_12013799529_12013799530_473195061,0,0,15
12164.0,2496228891,0,2,15
12164.0,cluster_12013799525_12013799526_2496228894,2,2,15
12164.0,cluster_12013799527_12013799528_2190601967,0,0,15
12164.0,cluster_12013799529_12013799530_473195061,0,0,15
12165.0,2496228891,0,2,15
12165.0,cluster_12013799527_12013799528_2190601967,0,0,15
12166.0,2496228891,0,2,15
12166.0,cluster_12013799527_12013799528_2190601967,0,0,15
12167.0,cluster_12013799527_12013799528_2190601967,0,0,15
12168.0,cluster_12013799525_12013799526_2496228894,0,0,15
12168.0,cluster_12013799527_12013799528_2190601967,0,0,15
12168.0,cluster_12013799529_12013799530_473195061,6,2,21
12169.0,cluster_12013799525_12013799526_2496228894,0,0,15
12169.0,cluster_12013799527_12013799528_2190601967,0,0,15
12169.0,cluster_12013799529_12013799530_473195061,4,2,21
12170.0,2496228891,5,0,21
12170.0,cluster_12013799525_12013799526_2496228894,0,0,15
12170.0,cluster_12013799527_12013799528_2190601967,0,0,15
12170.0,cluster_12013799529_12013799530_473195061,4,2,21
12171.0,2496228891,3,0,15
12171.0,cluster_12013799525_12013799526_2496228894,0,0,15
12171.0,cluster_12013799527_12013799528_2190601967,0,0,15
12171.0,cluster_12013799529_12013799530_473195061,4,2,21
12172.0,2496228891,3,0,15
12172.0,cluster_12013799525_12013799526_2496228894,0,0,15
12172.0,cluster_12013799527_12013799528_2190601967,0,0,15
12172.0,cluster_12013799529_12013799530_473195061,3,2,15
12173.0,2496228891,3,0,15
12173.0,cluster_12013799525_12013799526_2496228894,0,0,15
12173.0,cluster_12013799527_12013799528_2190601967,0,0,15
12173.0,cluster_12013799529_12013799530_473195061,3,2,15
12174.0,2496228891,1,0,15
12174.0,cluster_12013799525_12013799526_2496228894,0,0,15
12174.0,cluster_12013799527_12013799528_2190601967,0,0,15
12174.0,cluster_12013799529_12013799530_473195061,3,2,15
12175.0,2496228891,1,0,15
12175.0,cluster_12013799525_12013799526_2496228894,0,0,15
12175.0,cluster_12013799527_12013799528_2190601967,0,0,15
12175.0,cluster_12013799529_12013799530_473195061,3,2,15
12176.0,2496228891,1,0,15
12176.0,cluster_12013799525_12013799526_2496228894,0,0,15
12176.0,cluster_12013799529_12013799530_473195061,2,2,15
12177.0,2496228891,0,0,15
12177.0,cluster_12013799525_12013799526_2496228894,0,0,15
12177.0,cluster_12013799529_12013799530_473195061,2,2,15
12178.0,2496228891,2,0,15
12178.0,cluster_12013799525_12013799526_2496228894,0,0,15
12178.0,cluster_12013799529_12013799530_473195061,1,2,15
12179.0,2496228891,3,0,15
12179.0,cluster_12013799525_12013799526_2496228894,0,0,15
12179.0,cluster_12013799527_12013799528_2190601967,0,2,15
12179.0,cluster_12013799529_12013799530_473195061,1,2,15
12180.0,2496228891,3,0,15
12180.0,cluster_12013799525_12013799526_2496228894,0,0,15
12180.0,cluster_12013799527_12013799528_2190601967,0,2,15
12180.0,cluster_12013799529_12013799530_473195061,0,2,15
12181.0,2496228891,4,0,23
12181.0,cluster_12013799525_12013799526_2496228894,0,0,15
12181.0,cluster_12013799527_12013799528_2190601967,0,2,15
12181.0,cluster_12013799529_12013799530_473195061,0,2,15
12182.0,2496228891,4,0,21
12182.0,cluster_12013799525_12013799526_2496228894,0,0,15
12182.0,cluster_12013799527_12013799528_2190601967,0,2,15
12182.0,cluster_12013799529_12013799530_473195061,0,2,15
12183.0,2496228891,2,0,15
12183.0,cluster_12013799525_12013799526_2496228894,0,0,15
12183.0,cluster_12013799527_12013799528_2190601967,0,2,15
12183.0,cluster_12013799529_12013799530_473195061,0,2,15
12184.0,2496228891,2,0,15
12184.0,cluster_12013799527_12013799528_2190601967,0,2,15
12184.0,cluster_12013799529_12013799530_473195061,0,2,15
12185.0,2496228891,2,0,15
12185.0,cluster_12013799527_12013799528_2190601967,0,2,15
12185.0,cluster_12013799529_12013799530_473195061,0,2,15
12186.0,2496228891,3,0,15
12186.0,cluster_12013799527_12013799528_2190601967,0,2,15
12186.0,cluster_12013799529_12013799530_473195061,0,2,15
12187.0,2496228891,2,0,15
12187.0,cluster_12013799525_12013799526_2496228894,5,2,21
12187.0,cluster_12013799527_12013799528_2190601967,0,2,15
12187.0,cluster_12013799529_12013799530_473195061,0,2,15
12188.0,2496228891,2,0,15
12188.0,cluster_12013799525_12013799526_2496228894,5,2,23
12188.0,cluster_12013799527_12013799528_2190601967,0,2,15
12188.0,cluster_12013799529_12013799530_473195061,0,2,15
12189.0,2496228891,2,0,15
12189.0,cluster_12013799525_12013799526_2496228894,5,2,23
12189.0,cluster_12013799527_12013799528_2190601967,0,2,15
12189.0,cluster_12013799529_12013799530_473195061,0,2,15
12190.0,2496228891,2,0,15
12190.0,cluster_12013799525_12013799526_2496228894,5,2,21
12190.0,cluster_12013799527_12013799528_2190601967,0,2,15
12191.0,2496228891,2,0,15
12191.0,cluster_12013799525_12013799526_2496228894,4,2,21
12191.0,cluster_12013799527_12013799528_2190601967,0,2,15
12192.0,cluster_12013799525_12013799526_2496228894,4,2,21
12192.0,cluster_12013799527_12013799528_2190601967,1,2,15
12193.0,cluster_12013799525_12013799526_2496228894,4,2,23
12193.0,cluster_12013799527_12013799528_2190601967,1,2,15
12193.0,cluster_12013799529_12013799530_473195061,0,0,15
12194.0,cluster_12013799525_12013799526_2496228894,3,2,15
12194.0,cluster_12013799527_12013799528_2190601967,2,2,15
12194.0,cluster_12013799529_12013799530_473195061,0,0,15
12195.0,2496228891,0,2,15
12195.0,cluster_12013799525_12013799526_2496228894,3,2,15
12195.0,cluster_12013799529_12013799530_473195061,0,0,15
12196.0,2496228891,0,2,15
12196.0,cluster_12013799525_12013799526_2496228894,3,2,15
12196.0,cluster_12013799529_12013799530_473195061,0,0,15
12197.0,2496228891,0,2,15
12197.0,cluster_12013799525_12013799526_2496228894,2,2,15
12197.0,cluster_12013799529_12013799530_473195061,0,0,15
12198.0,2496228891,0,2,15
12198.0,cluster_12013799525_12013799526_2496228894,2,2,15
12198.0,cluster_12013799527_12013799528_2190601967,0,0,15
12198.0,cluster_12013799529_12013799530_473195061,0,0,15
12199.0,2496228891,0,2,15
12199.0,cluster_12013799525_12013799526_2496228894,1,2,15
12199.0,cluster_12013799527_12013799528_2190601967,0,0,15
12199.0,cluster_12013799529_12013799530_473195061,0,0,15
12200.0,2496228891,0,2,15
12200.0,cluster_12013799525_12013799526_2496228894,1,2,15
12200.0,cluster_12013799527_12013799528_2190601967,0,0,15
12200.0,cluster_12013799529_12013799530_473195061,0,0,15
12201.0,2496228891,1,2,15
12201.0,cluster_12013799525_12013799526_2496228894,2,2,15
12201.0,cluster_12013799527_12013799528_2190601967,1,0,15
12201.0,cluster_12013799529_12013799530_473195061,1,0,15
12202.0,2496228891,1,2,15
12202.0,cluster_12013799525_12013799526_2496228894,2,2,15
12202.0,cluster_12013799527_12013799528_2190601967,1,0,15
12202.0,cluster_12013799529_12013799530_473195061,1,0,15
12203.0,2496228891,1,2,15
12203.0,cluster_12013799525_12013799526_2496228894,1,2,15
12203.0,cluster_12013799527_12013799528_2190601967,1,0,15
12203.0,cluster_12013799529_12013799530_473195061,1,0,15
12204.0,2496228891,1,2,15
12204.0,cluster_12013799525_12013799526_2496228894,1,2,15
12204.0,cluster_12013799527_12013799528_2190601967,1,0,15
12204.0,cluster_12013799529_12013799530_473195061,1,0,15
12205.0,2496228891,2,2,15
12205.0,cluster_12013799525_12013799526_2496228894,2,2,15
12205.0,cluster_12013799527_12013799528_2190601967,2,0,15
12205.0,cluster_12013799529_12013799530_473195061,2,0,15
12206.0,2496228891,2,2,15
12206.0,cluster_12013799525_12013799526_2496228894,2,2,15
12206.0,cluster_12013799527_12013799528_2190601967,2,0,15
12206.0,cluster_12013799529_12013799530_473195061,2,0,15
12207.0,2496228891,2,2,15
12207.0,cluster_12013799525_12013799526_2496228894,2,2,15
12207.0,cluster_12013799527_12013799528_2190601967,2,0,15
12207.0,cluster_12013799529_12013799530_473195061,2,0,15
12208.0,2496228891,2,2,15
12208.0,cluster_12013799525_12013799526_2496228894,2,2,15
12208.0,cluster_12013799527_12013799528_2190601967,2,0,15
12208.0,cluster_12013799529_12013799530_473195061,2,0,15
12209.0,2496228891,2,2,15
12209.0,cluster_12013799527_12013799528_2190601967,3,0,15
12210.0,2496228891,3,2,15
12210.0,cluster_12013799527_12013799528_2190601967,3,0,15
12211.0,cluster_12013799527_12013799528_2190601967,3,0,15
12212.0,cluster_12013799525_12013799526_2496228894,2,0,15
12212.0,cluster_12013799527_12013799528_2190601967,3,0,15
12212.0,cluster_12013799529_12013799530_473195061,3,2,15
12213.0,cluster_12013799525_12013799526_2496228894,3,0,15
12213.0,cluster_12013799527_12013799528_2190601967,4,0,23
12213.0,cluster_12013799529_12013799530_473195061,4,2,21
12214.0,2496228891,4,0,22
12214.0,cluster_12013799525_12013799526_2496228894,3,0,15
12214.0,cluster_12013799529_12013799530_473195061,4,2,21
12215.0,2496228891,4,0,21
12215.0,cluster_12013799525_12013799526_2496228894,2,0,15
12215.0,cluster_12013799529_12013799530_473195061,4,2,21
12216.0,2496228891,4,0,21
12216.0,cluster_12013799525_12013799526_2496228894,2,0,15
12216.0,cluster_12013799529_12013799530_473195061,4,2,21
12217.0,2496228891,5,0,23
12217.0,cluster_12013799525_12013799526_2496228894,2,0,15
12217.0,cluster_12013799527_12013799528_2190601967,6,2,21
12217.0,cluster_12013799529_12013799530_473195061,5,2,23
12218.0,2496228891,5,0,21
12218.0,cluster_12013799525_12013799526_2496228894,2,0,15
12218.0,cluster_12013799527_12013799528_2190601967,5,2,23
12218.0,cluster_12013799529_12013799530_473195061,5,2,21
12219.0,2496228891,5,0,21
12219.0,cluster_12013799525_12013799526_2496228894,1,0,15
12219.0,cluster_12013799527_12013799528_2190601967,4,2,21
12219.0,cluster_12013799529_12013799530_473195061,5,2,21
12220.0,2496228891,5,0,21
12220.0,cluster_12013799525_12013799526_2496228894,1,0,15
12220.0,cluster_12013799527_12013799528_2190601967,4,2,21
12220.0,cluster_12013799529_12013799530_473195061,5,2,21
12221.0,2496228891,5,0,21
12221.0,cluster_12013799525_12013799526_2496228894,1,0,15
12221.0,cluster_12013799527_12013799528_2190601967,5,2,23
12221.0,cluster_12013799529_12013799530_473195061,6,2,23
12222.0,2496228891,5,0,21
12222.0,cluster_12013799525_12013799526_2496228894,1,0,15
12222.0,cluster_12013799527_12013799528_2190601967,4,2,23
12222.0,cluster_12013799529_12013799530_473195061,7,2,23
12223.0,2496228891,5,0,21
12223.0,cluster_12013799525_12013799526_2496228894,0,0,15
12223.0,cluster_12013799527_12013799528_2190601967,2,2,15
12223.0,cluster_12013799529_12013799530_473195061,7,2,21
12224.0,2496228891,5,0,21
12224.0,cluster_12013799525_12013799526_2496228894,0,0,15
12224.0,cluster_12013799527_12013799528_2190601967,3,2,15
12224.0,cluster_12013799529_12013799530_473195061,7,2,21
12225.0,2496228891,5,0,21
12225.0,cluster_12013799525_12013799526_2496228894,0,0,15
12225.0,cluster_12013799527_12013799528_2190601967,4,2,23
12225.0,cluster_12013799529_12013799530_473195061,8,2,24
12226.0,2496228891,5,0,21
12226.0,cluster_12013799525_12013799526_2496228894,0,0,15
12226.0,cluster_12013799527_12013799528_2190601967,4,2,21
12226.0,cluster_12013799529_12013799530_473195061,8,2,21
12227.0,2496228891,5,0,21
12227.0,cluster_12013799525_12013799526_2496228894,0,0,15
12227.0,cluster_12013799527_12013799528_2190601967,4,2,23
12227.0,cluster_12013799529_12013799530_473195061,8,2,21
12228.0,2496228891,5,0,21
12228.0,cluster_12013799527_12013799528_2190601967,2,2,15
12229.0,2496228891,5,0,21
12229.0,cluster_12013799527_12013799528_2190601967,2,2,15
12230.0,2496228891,5,0,21
12230.0,cluster_12013799527_12013799528_2190601967,2,2,15
12231.0,2496228891,5,0,21
12231.0,cluster_12013799525_12013799526_2496228894,3,2,15
12231.0,cluster_12013799527_12013799528_2190601967,1,2,15
12231.0,cluster_12013799529_12013799530_473195061,5,0,21
12232.0,2496228891,4,0,21
12232.0,cluster_12013799525_12013799526_2496228894,3,2,15
12232.0,cluster_12013799527_12013799528_2190601967,1,2,15
12232.0,cluster_12013799529_12013799530_473195061,4,0,21
12233.0,2496228891,4,0,21
12233.0,cluster_12013799525_12013799526_2496228894,3,2,15
12233.0,cluster_12013799527_12013799528_2190601967,1,2,15
12233.0,cluster_12013799529_12013799530_473195061,4,0,21
12234.0,2496228891,4,0,21
12234.0,cluster_12013799525_12013799526_2496228894,3,2,15
12234.0,cluster_12013799527_12013799528_2190601967,1,2,15
12234.0,cluster_12013799529_12013799530_473195061,4,0,21
12235.0,2496228891,4,0,21
12235.0,cluster_12013799525_12013799526_2496228894,3,2,15
12235.0,cluster_12013799527_12013799528_2190601967,1,2,15
12235.0,cluster_12013799529_12013799530_473195061,4,0,21
12236.0,2496228891,3,0,15
12236.0,cluster_12013799525_12013799526_2496228894,3,2,15
12236.0,cluster_12013799527_12013799528_2190601967,0,2,15
12236.0,cluster_12013799529_12013799530_473195061,3,0,15
12237.0,cluster_12013799525_12013799526_2496228894,3,2,15
12237.0,cluster_12013799527_12013799528_2190601967,0,2,15
12237.0,cluster_12013799529_12013799530_473195061,3,0,15
12238.0,cluster_12013799525_12013799526_2496228894,3,2,15
12238.0,cluster_12013799527_12013799528_2190601967,0,2,15
12238.0,cluster_12013799529_12013799530_473195061,2,0,15
12239.0,cluster_12013799525_12013799526_2496228894,3,2,15
12239.0,cluster_12013799529_12013799530_473195061,2,0,15
12240.0,2496228891,3,2,15
12240.0,cluster_12013799525_12013799526_2496228894,3,2,15
12240.0,cluster_12013799529_12013799530_473195061,2,0,15
12241.0,2496228891,2,2,15
12241.0,cluster_12013799525_12013799526_2496228894,2,2,15
12241.0,cluster_12013799529_12013799530_473195061,1,0,15
12242.0,2496228891,2,2,15
12242.0,cluster_12013799525_12013799526_2496228894,2,2,15
12242.0,cluster_12013799527_12013799528_2190601967,6,0,21
12242.0,cluster_12013799529_12013799530_473195061,1,0,15
12243.0,2496228891,2,2,15
12243.0,cluster_12013799525_12013799526_2496228894,2,2,15
12243.0,cluster_12013799527_12013799528_2190601967,6,0,21
12243.0,cluster_12013799529_12013799530_473195061,1,0,15
12244.0,2496228891,2,2,15
12244.0,cluster_12013799525_12013799526_2496228894,2,2,15
12244.0,cluster_12013799527_12013799528_2190601967,6,0,21
12244.0,cluster_12013799529_12013799530_473195061,0,0,15
12245.0,2496228891,1,2,15
12245.0,cluster_12013799525_12013799526_2496228894,2,2,15
12245.0,cluster_12013799527_12013799528_2190601967,6,0,21
12245.0,cluster_12013799529_12013799530_473195061,0,0,15
12246.0,2496228891,1,2,15
12246.0,cluster_12013799525_12013799526_2496228894,2,2,15
12246.0,cluster_12013799527_12013799528_2190601967,5,0,21
12246.0,cluster_12013799529_12013799530_473195061,0,0,15
12247.0,2496228891,0,2,15
12247.0,cluster_12013799527_12013799528_2190601967,5,0,21
12247.0,cluster_12013799529_12013799530_473195061,0,0,15
12248.0,2496228891,0,2,15
12248.0,cluster_12013799527_12013799528_2190601967,5,0,21
12248.0,cluster_12013799529_12013799530_473195061,0,0,15
12249.0,2496228891,0,2,15
12249.0,cluster_12013799527_12013799528_2190601967,4,0,21
12249.0,cluster_12013799529_12013799530_473195061,0,0,15
12250.0,2496228891,0,2,15
12250.0,cluster_12013799525_12013799526_2496228894,0,0,15
12250.0,cluster_12013799527_12013799528_2190601967,4,0,21
12250.0,cluster_12013799529_12013799530_473195061,0,0,15
12251.0,2496228891,0,2,15
12251.0,cluster_12013799525_12013799526_2496228894,0,0,15
12251.0,cluster_12013799527_12013799528_2190601967,4,0,21
12251.0,cluster_12013799529_12013799530_473195061,0,0,15
12252.0,2496228891,0,2,15
12252.0,cluster_12013799525_12013799526_2496228894,0,0,15
12252.0,cluster_12013799527_12013799528_2190601967,3,0,15
12252.0,cluster_12013799529_12013799530_473195061,0,0,15
12253.0,2496228891,0,2,15
12253.0,cluster_12013799525_12013799526_2496228894,0,0,15
12253.0,cluster_12013799527_12013799528_2190601967,3,0,15
12254.0,2496228891,0,2,15
12254.0,cluster_12013799525_12013799526_2496228894,0,0,15
12254.0,cluster_12013799527_12013799528_2190601967,3,0,15
12255.0,2496228891,0,2,15
12255.0,cluster_12013799525_12013799526_2496228894,0,0,15
12255.0,cluster_12013799527_12013799528_2190601967,2,0,15
12256.0,cluster_12013799525_12013799526_2496228894,0,0,15
12256.0,cluster_12013799527_12013799528_2190601967,2,0,15
12256.0,cluster_12013799529_12013799530_473195061,8,2,21
12257.0,cluster_12013799525_12013799526_2496228894,0,0,15
12257.0,cluster_12013799527_12013799528_2190601967,1,0,15
12257.0,cluster_12013799529_12013799530_473195061,7,2,21
12258.0,cluster_12013799525_12013799526_2496228894,0,0,15
12258.0,cluster_12013799527_12013799528_2190601967,1,0,15
12258.0,cluster_12013799529_12013799530_473195061,7,2,21
12259.0,2496228891,2,0,15
12259.0,cluster_12013799525_12013799526_2496228894,0,0,15
12259.0,cluster_12013799527_12013799528_2190601967,0,0,15
12259.0,cluster_12013799529_12013799530_473195061,7,2,23
12260.0,2496228891,2,0,15
12260.0,cluster_12013799525_12013799526_2496228894,0,0,15
12260.0,cluster_12013799527_12013799528_2190601967,0,0,15
12260.0,cluster_12013799529_12013799530_473195061,6,2,21
12261.0,2496228891,2,0,15
12261.0,cluster_12013799525_12013799526_2496228894,0,0,15
12261.0,cluster_12013799527_12013799528_2190601967,0,0,15
12261.0,cluster_12013799529_12013799530_473195061,6,2,21
12262.0,2496228891,2,0,15
12262.0,cluster_12013799525_12013799526_2496228894,0,0,15
12262.0,cluster_12013799527_12013799528_2190601967,0,0,15
12262.0,cluster_12013799529_12013799530_473195061,6,2,21
12263.0,2496228891,1,0,15
12263.0,cluster_12013799525_12013799526_2496228894,0,0,15
12263.0,cluster_12013799527_12013799528_2190601967,0,0,15
12263.0,cluster_12013799529_12013799530_473195061,5,2,21
12264.0,2496228891,3,0,15
12264.0,cluster_12013799525_12013799526_2496228894,0,0,15
12264.0,cluster_12013799529_12013799530_473195061,5,2,21
12265.0,2496228891,3,0,15
12265.0,cluster_12013799525_12013799526_2496228894,0,0,15
12265.0,cluster_12013799529_12013799530_473195061,5,2,21
12266.0,2496228891,2,0,15
12266.0,cluster_12013799529_12013799530_473195061,4,2,21
12267.0,2496228891,2,0,15
12267.0,cluster_12013799527_12013799528_2190601967,0,2,15
12267.0,cluster_12013799529_12013799530_473195061,4,2,21
12268.0,2496228891,3,0,15
12268.0,cluster_12013799527_12013799528_2190601967,0,2,15
12268.0,cluster_12013799529_12013799530_473195061,3,2,15
12269.0,2496228891,3,0,15
12269.0,cluster_12013799525_12013799526_2496228894,4,2,21
12269.0,cluster_12013799527_12013799528_2190601967,0,2,15
12269.0,cluster_12013799529_12013799530_473195061,3,2,15
12270.0,2496228891,3,0,15
12270.0,cluster_12013799525_12013799526_2496228894,4,2,21
12270.0,cluster_12013799527_12013799528_2190601967,0,2,15
12270.0,cluster_12013799529_12013799530_473195061,2,2,15
12271.0,2496228891,4,0,23
12271.0,cluster_12013799525_12013799526_2496228894,4,2,21
12271.0,cluster_12013799527_12013799528_2190601967,0,2,15
12271.0,cluster_12013799529_12013799530_473195061,1,2,15
12272.0,2496228891,4,0,21
12272.0,cluster_12013799525_12013799526_2496228894,4,2,21
12272.0,cluster_12013799527_12013799528_2190601967,0,2,15
12272.0,cluster_12013799529_12013799530_473195061,1,2,15
12273.0,2496228891,3,0,15
12273.0,cluster_12013799525_12013799526_2496228894,3,2,15
12273.0,cluster_12013799527_12013799528_2190601967,0,2,15
12273.0,cluster_12013799529_12013799530_473195061,0,2,15
12274.0,2496228891,2,0,15
12274.0,cluster_12013799525_12013799526_2496228894,3,2,15
12274.0,cluster_12013799527_12013799528_2190601967,1,2,15
12274.0,cluster_12013799529_12013799530_473195061,0,2,15
12275.0,cluster_12013799525_12013799526_2496228894,3,2,15
12275.0,cluster_12013799527_12013799528_2190601967,1,2,15
12275.0,cluster_12013799529_12013799530_473195061,0,2,15
12276.0,cluster_12013799525_12013799526_2496228894,2,2,15
12276.0,cluster_12013799527_12013799528_2190601967,2,2,15
12276.0,cluster_12013799529_12013799530_473195061,0,2,15
12277.0,cluster_12013799525_12013799526_2496228894,2,2,15
12277.0,cluster_12013799527_12013799528_2190601967,2,2,15
12277.0,cluster_12013799529_12013799530_473195061,0,2,15
12278.0,2496228891,0,2,15
12278.0,cluster_12013799525_12013799526_2496228894,1,2,15
12278.0,cluster_12013799527_12013799528_2190601967,2,2,15
12279.0,2496228891,0,2,15
12279.0,cluster_12013799525_12013799526_2496228894,1,2,15
12279.0,cluster_12013799527_12013799528_2190601967,1,2,15
12280.0,2496228891,0,2,15
12280.0,cluster_12013799525_12013799526_2496228894,0,2,15
12280.0,cluster_12013799527_12013799528_2190601967,2,2,15
12281.0,2496228891,0,2,15
12281.0,cluster_12013799525_12013799526_2496228894,0,2,15
12281.0,cluster_12013799527_12013799528_2190601967,2,2,15
12281.0,cluster_12013799529_12013799530_473195061,0,0,15
12282.0,2496228891,0,2,15
12282.0,cluster_12013799525_12013799526_2496228894,0,2,15
12282.0,cluster_12013799527_12013799528_2190601967,3,2,15
12282.0,cluster_12013799529_12013799530_473195061,0,0,15
12283.0,2496228891,0,2,15
12283.0,cluster_12013799525_12013799526_2496228894,0,2,15
12283.0,cluster_12013799529_12013799530_473195061,0,0,15
12284.0,2496228891,0,2,15
12284.0,cluster_12013799525_12013799526_2496228894,0,2,15
12284.0,cluster_12013799529_12013799530_473195061,0,0,15
12285.0,2496228891,0,2,15
12285.0,cluster_12013799525_12013799526_2496228894,0,2,15
12285.0,cluster_12013799529_12013799530_473195061,0,0,15
12286.0,2496228891,0,2,15
12286.0,cluster_12013799525_12013799526_2496228894,0,2,15
12286.0,cluster_12013799527_12013799528_2190601967,0,0,15
12286.0,cluster_12013799529_12013799530_473195061,0,0,15
12287.0,2496228891,0,2,15
12287.0,cluster_12013799525_12013799526_2496228894,0,2,15
12287.0,cluster_12013799527_12013799528_2190601967,0,0,15
12287.0,cluster_12013799529_12013799530_473195061,0,0,15
12288.0,2496228891,0,2,15
12288.0,cluster_12013799525_12013799526_2496228894,0,2,15
12288.0,cluster_12013799527_12013799528_2190601967,0,0,15
12288.0,cluster_12013799529_12013799530_473195061,0,0,15
12289.0,2496228891,0,2,15
12289.0,cluster_12013799525_12013799526_2496228894,0,2,15
12289.0,cluster_12013799527_12013799528_2190601967,0,0,15
12289.0,cluster_12013799529_12013799530_473195061,0,0,15
12290.0,2496228891,0,2,15
12290.0,cluster_12013799525_12013799526_2496228894,0,2,15
12290.0,cluster_12013799527_12013799528_2190601967,0,0,15
12290.0,cluster_12013799529_12013799530_473195061,0,0,15
12291.0,2496228891,0,2,15
12291.0,cluster_12013799527_12013799528_2190601967,0,0,15
12291.0,cluster_12013799529_12013799530_473195061,0,0,15
12292.0,2496228891,0,2,15
12292.0,cluster_12013799527_12013799528_2190601967,0,0,15
12292.0,cluster_12013799529_12013799530_473195061,0,0,15
12293.0,2496228891,0,2,15
12293.0,cluster_12013799527_12013799528_2190601967,0,0,15
12293.0,cluster_12013799529_12013799530_473195061,0,0,15
12294.0,cluster_12013799525_12013799526_2496228894,0,0,15
12294.0,cluster_12013799527_12013799528_2190601967,0,0,15
12294.0,cluster_12013799529_12013799530_473195061,0,0,15
12295.0,cluster_12013799525_12013799526_2496228894,0,0,15
12295.0,cluster_12013799527_12013799528_2190601967,0,0,15
12295.0,cluster_12013799529_12013799530_473195061,0,0,15
12296.0,cluster_12013799525_12013799526_2496228894,0,0,15
12296.0,cluster_12013799527_12013799528_2190601967,0,0,15
12296.0,cluster_12013799529_12013799530_473195061,0,0,15
12297.0,2496228891,4,0,21
12297.0,cluster_12013799525_12013799526_2496228894,0,0,15
12297.0,cluster_12013799527_12013799528_2190601967,0,0,15
12298.0,2496228891,2,0,15
12298.0,cluster_12013799525_12013799526_2496228894,0,0,15
12298.0,cluster_12013799527_12013799528_2190601967,0,0,15
12299.0,2496228891,2,0,15
12299.0,cluster_12013799525_12013799526_2496228894,0,0,15
12299.0,cluster_12013799527_12013799528_2190601967,0,0,15
12300.0,2496228891,2,0,15
12300.0,cluster_12013799525_12013799526_2496228894,0,0,15
12300.0,cluster_12013799527_12013799528_2190601967,0,0,15
12300.0,cluster_12013799529_12013799530_473195061,0,2,15
12301.0,2496228891,2,0,15
12301.0,cluster_12013799525_12013799526_2496228894,1,0,15
12301.0,cluster_12013799527_12013799528_2190601967,1,0,15
12301.0,cluster_12013799529_12013799530_473195061,1,2,15
12302.0,2496228891,1,0,15
12302.0,cluster_12013799525_12013799526_2496228894,1,0,15
12302.0,cluster_12013799529_12013799530_473195061,1,2,15
12303.0,2496228891,2,0,15
12303.0,cluster_12013799525_12013799526_2496228894,1,0,15
12303.0,cluster_12013799529_12013799530_473195061,1,2,15
12304.0,2496228891,1,0,15
12304.0,cluster_12013799525_12013799526_2496228894,1,0,15
12304.0,cluster_12013799529_12013799530_473195061,1,2,15
12305.0,2496228891,2,0,15
12305.0,cluster_12013799525_12013799526_2496228894,2,0,15
12305.0,cluster_12013799527_12013799528_2190601967,5,2,21
12305.0,cluster_12013799529_12013799530_473195061,2,2,15
12306.0,2496228891,2,0,15
12306.0,cluster_12013799525_12013799526_2496228894,2,0,15
12306.0,cluster_12013799527_12013799528_2190601967,3,2,15
12306.0,cluster_12013799529_12013799530_473195061,2,2,15
12307.0,2496228891,2,0,15
12307.0,cluster_12013799525_12013799526_2496228894,2,0,15
12307.0,cluster_12013799527_12013799528_2190601967,3,2,15
12307.0,cluster_12013799529_12013799530_473195061,2,2,15
12308.0,2496228891,2,0,15
12308.0,cluster_12013799525_12013799526_2496228894,2,0,15
12308.0,cluster_12013799527_12013799528_2190601967,3,2,15
12308.0,cluster_12013799529_12013799530_473195061,2,2,15
12309.0,2496228891,3,0,15
12309.0,cluster_12013799525_12013799526_2496228894,3,0,15
12309.0,cluster_12013799527_12013799528_2190601967,4,2,21
12309.0,cluster_12013799529_12013799530_473195061,4,2,23
12310.0,2496228891,3,0,15
12310.0,cluster_12013799527_12013799528_2190601967,3,2,15
12310.0,cluster_12013799529_12013799530_473195061,4,2,21
12311.0,2496228891,3,0,15
12311.0,cluster_12013799527_12013799528_2190601967,3,2,15
12311.0,cluster_12013799529_12013799530_473195061,4,2,21
12312.0,2496228891,3,0,15
12312.0,cluster_12013799527_12013799528_2190601967,3,2,15
12312.0,cluster_12013799529_12013799530_473195061,4,2,21
12313.0,2496228891,4,0,23
12313.0,cluster_12013799525_12013799526_2496228894,4,2,21
12313.0,cluster_12013799527_12013799528_2190601967,4,2,23
12313.0,cluster_12013799529_12013799530_473195061,4,2,21
12314.0,2496228891,4,0,21
12314.0,cluster_12013799525_12013799526_2496228894,5,2,23
12314.0,cluster_12013799527_12013799528_2190601967,4,2,21
12314.0,cluster_12013799529_12013799530_473195061,5,2,23
12315.0,2496228891,4,0,21
12315.0,cluster_12013799525_12013799526_2496228894,4,2,23
12315.0,cluster_12013799527_12013799528_2190601967,4,2,21
12315.0,cluster_12013799529_12013799530_473195061,5,2,21
12316.0,2496228891,4,0,21
12316.0,cluster_12013799525_12013799526_2496228894,4,2,21
12316.0,cluster_12013799527_12013799528_2190601967,4,2,21
12317.0,2496228891,5,0,23
12317.0,cluster_12013799525_12013799526_2496228894,2,2,15
12317.0,cluster_12013799527_12013799528_2190601967,4,2,21
12318.0,2496228891,5,0,21
12318.0,cluster_12013799525_12013799526_2496228894,3,2,15
12318.0,cluster_12013799527_12013799528_2190601967,4,2,21
12319.0,cluster_12013799525_12013799526_2496228894,3,2,15
12319.0,cluster_12013799527_12013799528_2190601967,4,2,21
12319.0,cluster_12013799529_12013799530_473195061,5,0,21
12320.0,cluster_12013799525_12013799526_2496228894,3,2,15
12320.0,cluster_12013799527_12013799528_2190601967,4,2,21
12320.0,cluster_12013799529_12013799530_473195061,4,0,21
12321.0,cluster_12013799525_12013799526_2496228894,3,2,15
12321.0,cluster_12013799527_12013799528_2190601967,4,2,21
12321.0,cluster_12013799529_12013799530_473195061,4,0,21
12322.0,2496228891,2,2,15
12322.0,cluster_12013799525_12013799526_2496228894,2,2,15
12322.0,cluster_12013799527_12013799528_2190601967,4,2,21
12322.0,cluster_12013799529_12013799530_473195061,3,0,15
12323.0,2496228891,2,2,15
12323.0,cluster_12013799525_12013799526_2496228894,2,2,15
12323.0,cluster_12013799527_12013799528_2190601967,4,2,21
12323.0,cluster_12013799529_12013799530_473195061,3,0,15
12324.0,2496228891,2,2,15
12324.0,cluster_12013799525_12013799526_2496228894,2,2,15
12324.0,cluster_12013799527_12013799528_2190601967,4,2,21
12324.0,cluster_12013799529_12013799530_473195061,3,0,15
12325.0,2496228891,2,2,15
12325.0,cluster_12013799525_12013799526_2496228894,2,2,15
12325.0,cluster_12013799527_12013799528_2190601967,4,2,21
12325.0,cluster_12013799529_12013799530_473195061,3,0,15
12326.0,2496228891,1,2,15
12326.0,cluster_12013799525_12013799526_2496228894,2,2,15
12326.0,cluster_12013799527_12013799528_2190601967,4,2,21
12326.0,cluster_12013799529_12013799530_473195061,2,0,15
12327.0,2496228891,1,2,15
12327.0,cluster_12013799525_12013799526_2496228894,2,2,15
12327.0,cluster_12013799529_12013799530_473195061,2,0,15
12328.0,2496228891,1,2,15
12328.0,cluster_12013799525_12013799526_2496228894,2,2,15
12328.0,cluster_12013799529_12013799530_473195061,2,0,15
12329.0,2496228891,0,2,15
12329.0,cluster_12013799525_12013799526_2496228894,2,2,15
12329.0,cluster_12013799529_12013799530_473195061,2,0,15
12330.0,2496228891,0,2,15
12330.0,cluster_12013799525_12013799526_2496228894,2,2,15
12330.0,cluster_12013799527_12013799528_2190601967,6,0,21
12330.0,cluster_12013799529_12013799530_473195061,2,0,15
12331.0,2496228891,0,2,15
12331.0,cluster_12013799525_12013799526_2496228894,3,2,15
12331.0,cluster_12013799527_12013799528_2190601967,6,0,21
12331.0,cluster_12013799529_12013799530_473195061,1,0,15
12332.0,2496228891,0,2,15
12332.0,cluster_12013799525_12013799526_2496228894,3,2,15
12332.0,cluster_12013799527_12013799528_2190601967,6,0,21
12332.0,cluster_12013799529_12013799530_473195061,1,0,15
12333.0,2496228891,0,2,15
12333.0,cluster_12013799525_12013799526_2496228894,3,2,15
12333.0,cluster_12013799527_12013799528_2190601967,6,0,21
12333.0,cluster_12013799529_12013799530_473195061,1,0,15
12334.0,2496228891,0,2,15
12334.0,cluster_12013799525_12013799526_2496228894,3,2,15
12334.0,cluster_12013799527_12013799528_2190601967,5,0,21
12334.0,cluster_12013799529_12013799530_473195061,0,0,15
12335.0,2496228891,0,2,15
12335.0,cluster_12013799527_12013799528_2190601967,5,0,21
12335.0,cluster_12013799529_12013799530_473195061,0,0,15
12336.0,2496228891,0,2,15
12336.0,cluster_12013799527_12013799528_2190601967,5,0,21
12336.0,cluster_12013799529_12013799530_473195061,0,0,15
12337.0,2496228891,0,2,15
12337.0,cluster_12013799527_12013799528_2190601967,4,0,21
12337.0,cluster_12013799529_12013799530_473195061,0,0,15
12338.0,cluster_12013799525_12013799526_2496228894,4,0,21
12338.0,cluster_12013799527_12013799528_2190601967,4,0,21
12338.0,cluster_12013799529_12013799530_473195061,0,0,15
12339.0,cluster_12013799525_12013799526_2496228894,3,0,15
12339.0,cluster_12013799527_12013799528_2190601967,4,0,21
12339.0,cluster_12013799529_12013799530_473195061,0,0,15
12340.0,cluster_12013799525_12013799526_2496228894,3,0,15
12340.0,cluster_12013799527_12013799528_2190601967,3,0,15
12340.0,cluster_12013799529_12013799530_473195061,0,0,15
12341.0,2496228891,1,0,15
12341.0,cluster_12013799525_12013799526_2496228894,3,0,15
12341.0,cluster_12013799527_12013799528_2190601967,3,0,15
12342.0,2496228891,1,0,15
12342.0,cluster_12013799525_12013799526_2496228894,3,0,15
12342.0,cluster_12013799527_12013799528_2190601967,2,0,15
12343.0,2496228891,2,0,15
12343.0,cluster_12013799525_12013799526_2496228894,2,0,15
12343.0,cluster_12013799527_12013799528_2190601967,2,0,15
12344.0,2496228891,2,0,15
12344.0,cluster_12013799525_12013799526_2496228894,2,0,15
12344.0,cluster_12013799527_12013799528_2190601967,1,0,15
12344.0,cluster_12013799529_12013799530_473195061,5,2,21
12345.0,2496228891,2,0,15
12345.0,cluster_12013799525_12013799526_2496228894,2,0,15
12345.0,cluster_12013799527_12013799528_2190601967,1,0,15
12345.0,cluster_12013799529_12013799530_473195061,5,2,21
12346.0,2496228891,2,0,15
12346.0,cluster_12013799525_12013799526_2496228894,1,0,15
12346.0,cluster_12013799527_12013799528_2190601967,0,0,15
12346.0,cluster_12013799529_12013799530_473195061,4,2,23
12347.0,2496228891,1,0,15
12347.0,cluster_12013799525_12013799526_2496228894,1,0,15
12347.0,cluster_12013799527_12013799528_2190601967,0,0,15
12347.0,cluster_12013799529_12013799530_473195061,4,2,21
12348.0,2496228891,0,0,15
12348.0,cluster_12013799525_12013799526_2496228894,0,0,15
12348.0,cluster_12013799527_12013799528_2190601967,0,0,15
12348.0,cluster_12013799529_12013799530_473195061,5,2,23
12349.0,2496228891,1,0,15
12349.0,cluster_12013799525_12013799526_2496228894,0,0,15
12349.0,cluster_12013799527_12013799528_2190601967,0,0,15
12349.0,cluster_12013799529_12013799530_473195061,4,2,21
12350.0,2496228891,2,0,15
12350.0,cluster_12013799525_12013799526_2496228894,0,0,15
12350.0,cluster_12013799527_12013799528_2190601967,0,0,15
12350.0,cluster_12013799529_12013799530_473195061,4,2,21
12351.0,2496228891,2,0,15
12351.0,cluster_12013799525_12013799526_2496228894,0,0,15
12351.0,cluster_12013799527_12013799528_2190601967,0,0,15
12351.0,cluster_12013799529_12013799530_473195061,3,2,15
12352.0,2496228891,2,0,15
12352.0,cluster_12013799525_12013799526_2496228894,0,0,15
12352.0,cluster_12013799529_12013799530_473195061,3,2,15
12353.0,2496228891,2,0,15
12353.0,cluster_12013799525_12013799526_2496228894,0,0,15
12353.0,cluster_12013799529_12013799530_473195061,3,2,15
12354.0,2496228891,2,0,15
12354.0,cluster_12013799525_12013799526_2496228894,0,0,15
12354.0,cluster_12013799529_12013799530_473195061,3,2,15
12355.0,2496228891,0,0,15
12355.0,cluster_12013799525_12013799526_2496228894,0,0,15
12355.0,cluster_12013799527_12013799528_2190601967,3,2,15
12355.0,cluster_12013799529_12013799530_473195061,3,2,15
12356.0,2496228891,1,0,15
12356.0,cluster_12013799525_12013799526_2496228894,0,0,15
12356.0,cluster_12013799527_12013799528_2190601967,3,2,15
12356.0,cluster_12013799529_12013799530_473195061,2,2,15
12357.0,cluster_12013799525_12013799526_2496228894,0,0,15
12357.0,cluster_12013799527_12013799528_2190601967,3,2,15
12357.0,cluster_12013799529_12013799530_473195061,2,2,15
12358.0,cluster_12013799525_12013799526_2496228894,0,0,15
12358.0,cluster_12013799527_12013799528_2190601967,2,2,15
12358.0,cluster_12013799529_12013799530_473195061,1,2,15
12359.0,cluster_12013799525_12013799526_2496228894,0,0,15
12359.0,cluster_12013799527_12013799528_2190601967,2,2,15
12359.0,cluster_12013799529_12013799530_473195061,1,2,15
12360.0,2496228891,0,2,15
12360.0,cluster_12013799527_12013799528_2190601967,2,2,15
12360.0,cluster_12013799529_12013799530_473195061,1,2,15
12361.0,2496228891,0,2,15
12361.0,cluster_12013799527_12013799528_2190601967,1,2,15
12361.0,cluster_12013799529_12013799530_473195061,1,2,15
12362.0,2496228891,0,2,15
12362.0,cluster_12013799527_12013799528_2190601967,1,2,15
12362.0,cluster_12013799529_12013799530_473195061,1,2,15
12363.0,2496228891,0,2,15
12363.0,cluster_12013799525_12013799526_2496228894,4,2,21
12363.0,cluster_12013799527_12013799528_2190601967,0,2,15
12363.0,cluster_12013799529_12013799530_473195061,2,2,15
12364.0,2496228891,0,2,15
12364.0,cluster_12013799525_12013799526_2496228894,4,2,21
12364.0,cluster_12013799527_12013799528_2190601967,0,2,15
12364.0,cluster_12013799529_12013799530_473195061,2,2,15
12365.0,2496228891,0,2,15
12365.0,cluster_12013799525_12013799526_2496228894,4,2,21
12365.0,cluster_12013799527_12013799528_2190601967,0,2,15
12365.0,cluster_12013799529_12013799530_473195061,3,2,15
12366.0,2496228891,0,2,15
12366.0,cluster_12013799525_12013799526_2496228894,4,2,21
12366.0,cluster_12013799527_12013799528_2190601967,0,2,15
12367.0,2496228891,0,2,15
12367.0,cluster_12013799525_12013799526_2496228894,2,2,15
12367.0,cluster_12013799527_12013799528_2190601967,0,2,15
12368.0,2496228891,0,2,15
12368.0,cluster_12013799525_12013799526_2496228894,2,2,15
12368.0,cluster_12013799527_12013799528_2190601967,1,2,15
12369.0,2496228891,0,2,15
12369.0,cluster_12013799525_12013799526_2496228894,2,2,15
12369.0,cluster_12013799527_12013799528_2190601967,1,2,15
12369.0,cluster_12013799529_12013799530_473195061,0,0,15
12370.0,2496228891,0,2,15
12370.0,cluster_12013799525_12013799526_2496228894,1,2,15
12370.0,cluster_12013799527_12013799528_2190601967,2,2,15
12370.0,cluster_12013799529_12013799530_473195061,0,0,15
12371.0,2496228891,0,2,15
12371.0,cluster_12013799525_12013799526_2496228894,1,2,15
12371.0,cluster_12013799529_12013799530_473195061,0,0,15
12372.0,2496228891,0,2,15
12372.0,cluster_12013799525_12013799526_2496228894,1,2,15
12372.0,cluster_12013799529_12013799530_473195061,0,0,15
12373.0,2496228891,0,2,15
12373.0,cluster_12013799525_12013799526_2496228894,0,2,15
12373.0,cluster_12013799529_12013799530_473195061,0,0,15
12374.0,2496228891,0,2,15
12374.0,cluster_12013799525_12013799526_2496228894,0,2,15
12374.0,cluster_12013799527_12013799528_2190601967,0,0,15
12374.0,cluster_12013799529_12013799530_473195061,0,0,15
12375.0,2496228891,0,2,15
12375.0,cluster_12013799525_12013799526_2496228894,0,2,15
12375.0,cluster_12013799527_12013799528_2190601967,0,0,15
12375.0,cluster_12013799529_12013799530_473195061,0,0,15
12376.0,cluster_12013799525_12013799526_2496228894,0,2,15
12376.0,cluster_12013799527_12013799528_2190601967,0,0,15
12376.0,cluster_12013799529_12013799530_473195061,0,0,15
12377.0,cluster_12013799525_12013799526_2496228894,0,2,15
12377.0,cluster_12013799527_12013799528_2190601967,0,0,15
12377.0,cluster_12013799529_12013799530_473195061,0,0,15
12378.0,cluster_12013799525_12013799526_2496228894,0,2,15
12378.0,cluster_12013799527_12013799528_2190601967,0,0,15
12378.0,cluster_12013799529_12013799530_473195061,0,0,15
12379.0,2496228891,3,0,15
12379.0,cluster_12013799525_12013799526_2496228894,0,2,15
12379.0,cluster_12013799527_12013799528_2190601967,0,0,15
12379.0,cluster_12013799529_12013799530_473195061,0,0,15
12380.0,2496228891,1,0,15
12380.0,cluster_12013799525_12013799526_2496228894,0,2,15
12380.0,cluster_12013799527_12013799528_2190601967,0,0,15
12380.0,cluster_12013799529_12013799530_473195061,0,0,15
12381.0,2496228891,1,0,15
12381.0,cluster_12013799525_12013799526_2496228894,0,2,15
12381.0,cluster_12013799527_12013799528_2190601967,0,0,15
12381.0,cluster_12013799529_12013799530_473195061,0,0,15
12382.0,2496228891,1,0,15
12382.0,cluster_12013799525_12013799526_2496228894,0,2,15
12382.0,cluster_12013799527_12013799528_2190601967,0,0,15
12382.0,cluster_12013799529_12013799530_473195061,0,0,15
12383.0,2496228891,1,0,15
12383.0,cluster_12013799525_12013799526_2496228894,1,2,15
12383.0,cluster_12013799527_12013799528_2190601967,0,0,15
12383.0,cluster_12013799529_12013799530_473195061,0,0,15
12384.0,2496228891,0,0,15
12384.0,cluster_12013799525_12013799526_2496228894,1,2,15
12384.0,cluster_12013799527_12013799528_2190601967,0,0,15
12384.0,cluster_12013799529_12013799530_473195061,0,0,15
12385.0,2496228891,0,0,15
12385.0,cluster_12013799527_12013799528_2190601967,0,0,15
12386.0,2496228891,0,0,15
12386.0,cluster_12013799527_12013799528_2190601967,0,0,15
12387.0,2496228891,0,0,15
12387.0,cluster_12013799527_12013799528_2190601967,0,0,15
12388.0,2496228891,0,0,15
12388.0,cluster_12013799525_12013799526_2496228894,0,0,15
12388.0,cluster_12013799527_12013799528_2190601967,0,0,15
12388.0,cluster_12013799529_12013799530_473195061,2,2,15
12389.0,2496228891,0,0,15
12389.0,cluster_12013799525_12013799526_2496228894,0,0,15
12389.0,cluster_12013799527_12013799528_2190601967,0,0,15
12389.0,cluster_12013799529_12013799530_473195061,1,2,15
12390.0,2496228891,0,0,15
12390.0,cluster_12013799525_12013799526_2496228894,0,0,15
12390.0,cluster_12013799529_12013799530_473195061,1,2,15
12391.0,2496228891,0,0,15
12391.0,cluster_12013799525_12013799526_2496228894,0,0,15
12391.0,cluster_12013799529_12013799530_473195061,1,2,15
12392.0,2496228891,0,0,15
12392.0,cluster_12013799525_12013799526_2496228894,0,0,15
12392.0,cluster_12013799529_12013799530_473195061,0,2,15
12393.0,2496228891,0,0,15
12393.0,cluster_12013799525_12013799526_2496228894,0,0,15
12393.0,cluster_12013799527_12013799528_2190601967,3,2,15
12393.0,cluster_12013799529_12013799530_473195061,0,2,15
12394.0,2496228891,2,0,15
12394.0,cluster_12013799525_12013799526_2496228894,0,0,15
12394.0,cluster_12013799527_12013799528_2190601967,1,2,15
12394.0,cluster_12013799529_12013799530_473195061,0,2,15
12395.0,cluster_12013799525_12013799526_2496228894,0,0,15
12395.0,cluster_12013799527_12013799528_2190601967,1,2,15
12395.0,cluster_12013799529_12013799530_473195061,0,2,15
12396.0,cluster_12013799525_12013799526_2496228894,0,0,15
12396.0,cluster_12013799527_12013799528_2190601967,1,2,15
12396.0,cluster_12013799529_12013799530_473195061,0,2,15
12397.0,cluster_12013799525_12013799526_2496228894,0,0,15
12397.0,cluster_12013799527_12013799528_2190601967,1,2,15
12397.0,cluster_12013799529_12013799530_473195061,0,2,15
12398.0,2496228891,0,2,15
12398.0,cluster_12013799525_12013799526_2496228894,0,0,15
12398.0,cluster_12013799527_12013799528_2190601967,0,2,15
12398.0,cluster_12013799529_12013799530_473195061,1,2,15
12399.0,2496228891,0,2,15
12399.0,cluster_12013799525_12013799526_2496228894,0,0,15
12399.0,cluster_12013799527_12013799528_2190601967,0,2,15
12399.0,cluster_12013799529_12013799530_473195061,1,2,15
12400.0,2496228891,0,2,15
12400.0,cluster_12013799525_12013799526_2496228894,0,0,15
12400.0,cluster_12013799527_12013799528_2190601967,0,2,15
12400.0,cluster_12013799529_12013799530_473195061,1,2,15
12401.0,2496228891,1,2,15
12401.0,cluster_12013799525_12013799526_2496228894,1,0,15
12401.0,cluster_12013799527_12013799528_2190601967,1,2,15
12401.0,cluster_12013799529_12013799530_473195061,2,2,15
12402.0,2496228891,1,2,15
12402.0,cluster_12013799525_12013799526_2496228894,1,0,15
12402.0,cluster_12013799527_12013799528_2190601967,1,2,15
12402.0,cluster_12013799529_12013799530_473195061,2,2,15
12403.0,2496228891,1,2,15
12403.0,cluster_12013799525_12013799526_2496228894,1,0,15
12403.0,cluster_12013799527_12013799528_2190601967,1,2,15
12403.0,cluster_12013799529_12013799530_473195061,2,2,15
12404.0,2496228891,1,2,15
12404.0,cluster_12013799527_12013799528_2190601967,1,2,15
12405.0,2496228891,2,2,15
12405.0,cluster_12013799527_12013799528_2190601967,2,2,15
12406.0,2496228891,2,2,15
12406.0,cluster_12013799527_12013799528_2190601967,2,2,15
12407.0,2496228891,2,2,15
12407.0,cluster_12013799525_12013799526_2496228894,3,2,15
12407.0,cluster_12013799527_12013799528_2190601967,2,2,15
12407.0,cluster_12013799529_12013799530_473195061,2,0,15
12408.0,2496228891,2,2,15
12408.0,cluster_12013799525_12013799526_2496228894,2,2,15
12408.0,cluster_12013799527_12013799528_2190601967,2,2,15
12408.0,cluster_12013799529_12013799530_473195061,2,0,15
12409.0,2496228891,2,2,15
12409.0,cluster_12013799525_12013799526_2496228894,2,2,15
12409.0,cluster_12013799529_12013799530_473195061,3,0,15
12410.0,2496228891,3,2,15
12410.0,cluster_12013799525_12013799526_2496228894,3,2,15
12410.0,cluster_12013799529_12013799530_473195061,3,0,15
12411.0,2496228891,3,2,15
12411.0,cluster_12013799525_12013799526_2496228894,3,2,15
12411.0,cluster_12013799529_12013799530_473195061,3,0,15
12412.0,2496228891,3,2,15
12412.0,cluster_12013799525_12013799526_2496228894,3,2,15
12412.0,cluster_12013799527_12013799528_2190601967,3,0,15
12412.0,cluster_12013799529_12013799530_473195061,3,0,15
12413.0,2496228891,2,2,15
12413.0,cluster_12013799525_12013799526_2496228894,2,2,15
12413.0,cluster_12013799527_12013799528_2190601967,4,0,23
12413.0,cluster_12013799529_12013799530_473195061,4,0,23
12414.0,cluster_12013799525_12013799526_2496228894,3,2,15
12414.0,cluster_12013799527_12013799528_2190601967,4,0,21
12414.0,cluster_12013799529_12013799530_473195061,4,0,21
12415.0,cluster_12013799525_12013799526_2496228894,3,2,15
12415.0,cluster_12013799527_12013799528_2190601967,4,0,21
12415.0,cluster_12013799529_12013799530_473195061,4,0,21
12416.0,cluster_12013799525_12013799526_2496228894,3,2,15
12416.0,cluster_12013799527_12013799528_2190601967,4,0,21
12416.0,cluster_12013799529_12013799530_473195061,4,0,21
12417.0,2496228891,6,0,21
12417.0,cluster_12013799525_12013799526_2496228894,2,2,15
12417.0,cluster_12013799527_12013799528_2190601967,5,0,23
12417.0,cluster_12013799529_12013799530_473195061,5,0,21
12418.0,2496228891,4,0,21
12418.0,cluster_12013799525_12013799526_2496228894,3,2,15
12418.0,cluster_12013799527_12013799528_2190601967,4,0,21
12418.0,cluster_12013799529_12013799530_473195061,4,0,21
12419.0,2496228891,4,0,21
12419.0,cluster_12013799525_12013799526_2496228894,3,2,15
12419.0,cluster_12013799527_12013799528_2190601967,4,0,21
12419.0,cluster_12013799529_12013799530_473195061,4,0,21
12420.0,2496228891,6,0,23
12420.0,cluster_12013799525_12013799526_2496228894,3,2,15
12420.0,cluster_12013799527_12013799528_2190601967,4,0,21
12420.0,cluster_12013799529_12013799530_473195061,4,0,21
12421.0,2496228891,6,0,21
12421.0,cluster_12013799525_12013799526_2496228894,4,2,23
12421.0,cluster_12013799527_12013799528_2190601967,4,0,21
12421.0,cluster_12013799529_12013799530_473195061,4,0,21
12422.0,2496228891,6,0,21
12422.0,cluster_12013799525_12013799526_2496228894,4,2,23
12422.0,cluster_12013799527_12013799528_2190601967,4,0,21
12422.0,cluster_12013799529_12013799530_473195061,4,0,21
12423.0,2496228891,6,0,21
12423.0,cluster_12013799527_12013799528_2190601967,4,0,21
12424.0,2496228891,6,0,21
12424.0,cluster_12013799527_12013799528_2190601967,4,0,21
12425.0,2496228891,4,0,21
12425.0,cluster_12013799527_12013799528_2190601967,5,0,23
12426.0,2496228891,5,0,23
12426.0,cluster_12013799525_12013799526_2496228894,4,0,21
12426.0,cluster_12013799527_12013799528_2190601967,4,0,21
12426.0,cluster_12013799529_12013799530_473195061,6,2,21
12427.0,2496228891,5,0,21
12427.0,cluster_12013799525_12013799526_2496228894,3,0,15
12427.0,cluster_12013799527_12013799528_2190601967,4,0,21
12427.0,cluster_12013799529_12013799530_473195061,5,2,21
12428.0,2496228891,5,0,21
12428.0,cluster_12013799525_12013799526_2496228894,3,0,15
12428.0,cluster_12013799529_12013799530_473195061,6,2,23
12429.0,2496228891,5,0,21
12429.0,cluster_12013799525_12013799526_2496228894,3,0,15
12429.0,cluster_12013799529_12013799530_473195061,6,2,21
12430.0,2496228891,5,0,21
12430.0,cluster_12013799525_12013799526_2496228894,2,0,15
12430.0,cluster_12013799529_12013799530_473195061,6,2,23
12431.0,2496228891,4,0,21
12431.0,cluster_12013799525_12013799526_2496228894,2,0,15
12431.0,cluster_12013799527_12013799528_2190601967,2,2,15
12431.0,cluster_12013799529_12013799530_473195061,5,2,21
12432.0,2496228891,4,0,21
12432.0,cluster_12013799525_12013799526_2496228894,2,0,15
12432.0,cluster_12013799527_12013799528_2190601967,3,2,15
12432.0,cluster_12013799529_12013799530_473195061,5,2,21
12433.0,2496228891,4,0,21
12433.0,cluster_12013799525_12013799526_2496228894,1,0,15
12433.0,cluster_12013799527_12013799528_2190601967,2,2,15
12433.0,cluster_12013799529_12013799530_473195061,5,2,21
12434.0,2496228891,4,0,21
12434.0,cluster_12013799525_12013799526_2496228894,1,0,15
12434.0,cluster_12013799527_12013799528_2190601967,3,2,15
12434.0,cluster_12013799529_12013799530_473195061,5,2,21
12435.0,2496228891,4,0,21
12435.0,cluster_12013799525_12013799526_2496228894,1,0,15
12435.0,cluster_12013799527_12013799528_2190601967,3,2,15
12435.0,cluster_12013799529_12013799530_473195061,5,2,21
12436.0,2496228891,4,0,21
12436.0,cluster_12013799525_12013799526_2496228894,0,0,15
12436.0,cluster_12013799527_12013799528_2190601967,2,2,15
12436.0,cluster_12013799529_12013799530_473195061,5,2,21
12437.0,2496228891,4,0,21
12437.0,cluster_12013799525_12013799526_2496228894,0,0,15
12437.0,cluster_12013799527_12013799528_2190601967,3,2,15
12437.0,cluster_12013799529_12013799530_473195061,5,2,21
12438.0,2496228891,4,0,21
12438.0,cluster_12013799525_12013799526_2496228894,0,0,15
12438.0,cluster_12013799527_12013799528_2190601967,2,2,15
12438.0,cluster_12013799529_12013799530_473195061,4,2,21
12439.0,cluster_12013799525_12013799526_2496228894,0,0,15
12439.0,cluster_12013799527_12013799528_2190601967,4,2,23
12439.0,cluster_12013799529_12013799530_473195061,4,2,21
12440.0,cluster_12013799525_12013799526_2496228894,0,0,15
12440.0,cluster_12013799527_12013799528_2190601967,4,2,21
12440.0,cluster_12013799529_12013799530_473195061,4,2,21
12441.0,cluster_12013799525_12013799526_2496228894,0,0,15
12441.0,cluster_12013799527_12013799528_2190601967,3,2,15
12441.0,cluster_12013799529_12013799530_473195061,4,2,21
12442.0,2496228891,3,2,15
12442.0,cluster_12013799525_12013799526_2496228894,0,0,15
12442.0,cluster_12013799527_12013799528_2190601967,3,2,15
12442.0,cluster_12013799529_12013799530_473195061,4,2,21
12443.0,2496228891,2,2,15
12443.0,cluster_12013799525_12013799526_2496228894,0,0,15
12443.0,cluster_12013799527_12013799528_2190601967,3,2,15
12443.0,cluster_12013799529_12013799530_473195061,4,2,21
12444.0,2496228891,2,2,15
12444.0,cluster_12013799525_12013799526_2496228894,0,0,15
12444.0,cluster_12013799527_12013799528_2190601967,2,2,15
12444.0,cluster_12013799529_12013799530_473195061,4,2,21
12445.0,2496228891,2,2,15
12445.0,cluster_12013799525_12013799526_2496228894,0,0,15
12445.0,cluster_12013799527_12013799528_2190601967,3,2,15
12445.0,cluster_12013799529_12013799530_473195061,5,2,23
12446.0,2496228891,1,2,15
12446.0,cluster_12013799525_12013799526_2496228894,0,0,15
12446.0,cluster_12013799527_12013799528_2190601967,3,2,15
12446.0,cluster_12013799529_12013799530_473195061,5,2,21
12447.0,2496228891,1,2,15
12447.0,cluster_12013799525_12013799526_2496228894,0,0,15
12447.0,cluster_12013799529_12013799530_473195061,5,2,21
12448.0,2496228891,1,2,15
12449.0,2496228891,0,2,15
12450.0,2496228891,0,2,15
12450.0,cluster_12013799527_12013799528_2190601967,4,0,21
12451.0,2496228891,0,2,15
12451.0,cluster_12013799525_12013799526_2496228894,3,2,15
12451.0,cluster_12013799527_12013799528_2190601967,3,0,15
12451.0,cluster_12013799529_12013799530_473195061,4,0,21
12452.0,2496228891,0,2,15
12452.0,cluster_12013799525_12013799526_2496228894,3,2,15
12452.0,cluster_12013799527_12013799528_2190601967,3,0,15
12452.0,cluster_12013799529_12013799530_473195061,3,0,15
12453.0,2496228891,0,2,15
12453.0,cluster_12013799525_12013799526_2496228894,3,2,15
12453.0,cluster_12013799527_12013799528_2190601967,3,0,15
12453.0,cluster_12013799529_12013799530_473195061,3,0,15
12454.0,2496228891,0,2,15
12454.0,cluster_12013799525_12013799526_2496228894,3,2,15
12454.0,cluster_12013799527_12013799528_2190601967,2,0,15
12454.0,cluster_12013799529_12013799530_473195061,3,0,15
12455.0,2496228891,0,2,15
12455.0,cluster_12013799525_12013799526_2496228894,3,2,15
12455.0,cluster_12013799527_12013799528_2190601967,2,0,15
12455.0,cluster_12013799529_12013799530_473195061,3,0,15
12456.0,2496228891,0,2,15
12456.0,cluster_12013799525_12013799526_2496228894,3,2,15
12456.0,cluster_12013799527_12013799528_2190601967,2,0,15
12456.0,cluster_12013799529_12013799530_473195061,2,0,15
12457.0,2496228891,0,2,15
12457.0,cluster_12013799525_12013799526_2496228894,3,2,15
12457.0,cluster_12013799527_12013799528_2190601967,1,0,15
12457.0,cluster_12013799529_12013799530_473195061,2,0,15
12458.0,cluster_12013799525_12013799526_2496228894,2,2,15
12458.0,cluster_12013799527_12013799528_2190601967,1,0,15
12458.0,cluster_12013799529_12013799530_473195061,2,0,15
12459.0,cluster_12013799525_12013799526_2496228894,1,2,15
12459.0,cluster_12013799527_12013799528_2190601967,1,0,15
12459.0,cluster_12013799529_12013799530_473195061,1,0,15
12460.0,cluster_12013799525_12013799526_2496228894,1,2,15
12460.0,cluster_12013799527_12013799528_2190601967,0,0,15
12460.0,cluster_12013799529_12013799530_473195061,1,0,15
12461.0,2496228891,3,0,15
12461.0,cluster_12013799525_12013799526_2496228894,0,2,15
12461.0,cluster_12013799527_12013799528_2190601967,0,0,15
12461.0,cluster_12013799529_12013799530_473195061,0,0,15
12462.0,2496228891,0,0,15
12462.0,cluster_12013799525_12013799526_2496228894,0,2,15
12462.0,cluster_12013799527_12013799528_2190601967,0,0,15
12462.0,cluster_12013799529_12013799530_473195061,0,0,15
12463.0,2496228891,0,0,15
12463.0,cluster_12013799525_12013799526_2496228894,0,2,15
12463.0,cluster_12013799527_12013799528_2190601967,0,0,15
12463.0,cluster_12013799529_12013799530_473195061,0,0,15
12464.0,2496228891,1,0,15
12464.0,cluster_12013799525_12013799526_2496228894,0,2,15
12464.0,cluster_12013799527_12013799528_2190601967,0,0,15
12464.0,cluster_12013799529_12013799530_473195061,0,0,15
12465.0,2496228891,2,0,15
12465.0,cluster_12013799525_12013799526_2496228894,0,2,15
12465.0,cluster_12013799527_12013799528_2190601967,0,0,15
12465.0,cluster_12013799529_12013799530_473195061,0,0,15
12466.0,2496228891,2,0,15
12466.0,cluster_12013799525_12013799526_2496228894,0,2,15
12466.0,cluster_12013799527_12013799528_2190601967,0,0,15
12466.0,cluster_12013799529_12013799530_473195061,0,0,15
12467.0,2496228891,3,0,15
12467.0,cluster_12013799527_12013799528_2190601967,0,0,15
12467.0,cluster_12013799529_12013799530_473195061,0,0,15
12468.0,2496228891,3,0,15
12468.0,cluster_12013799527_12013799528_2190601967,0,0,15
12468.0,cluster_12013799529_12013799530_473195061,0,0,15
12469.0,2496228891,3,0,15
12469.0,cluster_12013799527_12013799528_2190601967,0,0,15
12469.0,cluster_12013799529_12013799530_473195061,0,0,15
12470.0,2496228891,2,0,15
12470.0,cluster_12013799525_12013799526_2496228894,0,0,15
12470.0,cluster_12013799527_12013799528_2190601967,0,0,15
12470.0,cluster_12013799529_12013799530_473195061,0,0,15
12471.0,2496228891,2,0,15
12471.0,cluster_12013799525_12013799526_2496228894,0,0,15
12471.0,cluster_12013799527_12013799528_2190601967,0,0,15
12471.0,cluster_12013799529_12013799530_473195061,0,0,15
12472.0,2496228891,1,0,15
12472.0,cluster_12013799525_12013799526_2496228894,0,0,15
12472.0,cluster_12013799529_12013799530_473195061,0,0,15
12473.0,2496228891,1,0,15
12473.0,cluster_12013799525_12013799526_2496228894,0,0,15
12474.0,2496228891,1,0,15
12474.0,cluster_12013799525_12013799526_2496228894,0,0,15
12475.0,2496228891,1,0,15
12475.0,cluster_12013799525_12013799526_2496228894,0,0,15
12475.0,cluster_12013799527_12013799528_2190601967,5,2,21
12476.0,2496228891,1,0,15
12476.0,cluster_12013799525_12013799526_2496228894,0,0,15
12476.0,cluster_12013799527_12013799528_2190601967,3,2,15
12476.0,cluster_12013799529_12013799530_473195061,5,2,21
12477.0,cluster_12013799525_12013799526_2496228894,0,0,15
12477.0,cluster_12013799527_12013799528_2190601967,3,2,15
12477.0,cluster_12013799529_12013799530_473195061,3,2,15
12478.0,cluster_12013799525_12013799526_2496228894,0,0,15
12478.0,cluster_12013799527_12013799528_2190601967,3,2,15
12478.0,cluster_12013799529_12013799530_473195061,3,2,15
12479.0,cluster_12013799525_12013799526_2496228894,0,0,15
12479.0,cluster_12013799527_12013799528_2190601967,3,2,15
12479.0,cluster_12013799529_12013799530_473195061,3,2,15
12480.0,2496228891,0,2,15
12480.0,cluster_12013799525_12013799526_2496228894,0,0,15
12480.0,cluster_12013799527_12013799528_2190601967,1,2,15
12480.0,cluster_12013799529_12013799530_473195061,3,2,15
12481.0,2496228891,0,2,15
12481.0,cluster_12013799525_12013799526_2496228894,0,0,15
12481.0,cluster_12013799527_12013799528_2190601967,1,2,15
12481.0,cluster_12013799529_12013799530_473195061,2,2,15
12482.0,2496228891,0,2,15
12482.0,cluster_12013799525_12013799526_2496228894,0,0,15
12482.0,cluster_12013799527_12013799528_2190601967,0,2,15
12482.0,cluster_12013799529_12013799530_473195061,3,2,15
12483.0,2496228891,0,2,15
12483.0,cluster_12013799525_12013799526_2496228894,0,0,15
12483.0,cluster_12013799527_12013799528_2190601967,0,2,15
12483.0,cluster_12013799529_12013799530_473195061,2,2,15
12484.0,2496228891,0,2,15
12484.0,cluster_12013799525_12013799526_2496228894,0,0,15
12484.0,cluster_12013799527_12013799528_2190601967,0,2,15
12484.0,cluster_12013799529_12013799530_473195061,2,2,15
12485.0,2496228891,0,2,15
12485.0,cluster_12013799525_12013799526_2496228894,0,0,15
12485.0,cluster_12013799527_12013799528_2190601967,0,2,15
12485.0,cluster_12013799529_12013799530_473195061,3,2,15
12486.0,2496228891,0,2,15
12486.0,cluster_12013799527_12013799528_2190601967,0,2,15
12486.0,cluster_12013799529_12013799530_473195061,3,2,15
12487.0,2496228891,0,2,15
12487.0,cluster_12013799527_12013799528_2190601967,0,2,15
12487.0,cluster_12013799529_12013799530_473195061,3,2,15
12488.0,2496228891,0,2,15
12488.0,cluster_12013799527_12013799528_2190601967,0,2,15
12488.0,cluster_12013799529_12013799530_473195061,3,2,15
12489.0,2496228891,0,2,15
12489.0,cluster_12013799525_12013799526_2496228894,1,2,15
12489.0,cluster_12013799527_12013799528_2190601967,0,2,15
12489.0,cluster_12013799529_12013799530_473195061,3,2,15
12490.0,2496228891,0,2,15
12490.0,cluster_12013799525_12013799526_2496228894,0,2,15
12490.0,cluster_12013799527_12013799528_2190601967,0,2,15
12490.0,cluster_12013799529_12013799530_473195061,3,2,15
12491.0,2496228891,0,2,15
12491.0,cluster_12013799525_12013799526_2496228894,0,2,15
12491.0,cluster_12013799527_12013799528_2190601967,0,2,15
12491.0,cluster_12013799529_12013799530_473195061,2,2,15
12492.0,2496228891,0,2,15
12492.0,cluster_12013799525_12013799526_2496228894,0,2,15
12492.0,cluster_12013799527_12013799528_2190601967,0,2,15
12492.0,cluster_12013799529_12013799530_473195061,2,2,15
12493.0,2496228891,0,2,15
12493.0,cluster_12013799525_12013799526_2496228894,0,2,15
12493.0,cluster_12013799527_12013799528_2190601967,0,2,15
12493.0,cluster_12013799529_12013799530_473195061,1,2,15
12494.0,2496228891,0,2,15
12494.0,cluster_12013799525_12013799526_2496228894,0,2,15
12494.0,cluster_12013799527_12013799528_2190601967,0,2,15
12494.0,cluster_12013799529_12013799530_473195061,1,2,15
12495.0,2496228891,0,2,15
12495.0,cluster_12013799525_12013799526_2496228894,0,2,15
12495.0,cluster_12013799527_12013799528_2190601967,0,2,15
12495.0,cluster_12013799529_12013799530_473195061,0,2,15
12496.0,cluster_12013799525_12013799526_2496228894,0,2,15
12496.0,cluster_12013799527_12013799528_2190601967,0,2,15
12496.0,cluster_12013799529_12013799530_473195061,0,2,15
12497.0,cluster_12013799525_12013799526_2496228894,0,2,15
12497.0,cluster_12013799529_12013799530_473195061,0,2,15
12498.0,cluster_12013799525_12013799526_2496228894,0,2,15
12499.0,2496228891,4,0,21
12499.0,cluster_12013799525_12013799526_2496228894,0,2,15
12500.0,2496228891,4,0,23
12500.0,cluster_12013799525_12013799526_2496228894,0,2,15
12500.0,cluster_12013799527_12013799528_2190601967,0,0,15
12501.0,2496228891,5,0,23
12501.0,cluster_12013799525_12013799526_2496228894,1,2,15
12501.0,cluster_12013799527_12013799528_2190601967,1,0,15
12501.0,cluster_12013799529_12013799530_473195061,1,0,15
12502.0,2496228891,5,0,21
12502.0,cluster_12013799525_12013799526_2496228894,1,2,15
12502.0,cluster_12013799527_12013799528_2190601967,1,0,15
12502.0,cluster_12013799529_12013799530_473195061,1,0,15
12503.0,2496228891,4,0,23
12503.0,cluster_12013799525_12013799526_2496228894,2,2,15
12503.0,cluster_12013799527_12013799528_2190601967,1,0,15
12503.0,cluster_12013799529_12013799530_473195061,1,0,15
12504.0,2496228891,3,0,15
12504.0,cluster_12013799525_12013799526_2496228894,2,2,15
12504.0,cluster_12013799527_12013799528_2190601967,1,0,15
12504.0,cluster_12013799529_12013799530_473195061,1,0,15
12505.0,2496228891,4,0,23
12505.0,cluster_12013799527_12013799528_2190601967,2,0,15
12505.0,cluster_12013799529_12013799530_473195061,2,0,15
12506.0,2496228891,3,0,15
12506.0,cluster_12013799527_12013799528_2190601967,2,0,15
12506.0,cluster_12013799529_12013799530_473195061,2,0,15
12507.0,2496228891,3,0,15
12507.0,cluster_12013799527_12013799528_2190601967,2,0,15
12507.0,cluster_12013799529_12013799530_473195061,2,0,15
12508.0,2496228891,3,0,15
12508.0,cluster_12013799525_12013799526_2496228894,2,0,15
12508.0,cluster_12013799527_12013799528_2190601967,2,0,15
12508.0,cluster_12013799529_12013799530_473195061,2,0,15
12509.0,2496228891,3,0,15
12509.0,cluster_12013799525_12013799526_2496228894,3,0,15
12509.0,cluster_12013799527_12013799528_2190601967,3,0,15
12509.0,cluster_12013799529_12013799530_473195061,3,0,15
12510.0,2496228891,3,0,15
12510.0,cluster_12013799525_12013799526_2496228894,2,0,15
12510.0,cluster_12013799527_12013799528_2190601967,3,0,15
12510.0,cluster_12013799529_12013799530_473195061,3,0,15
12511.0,2496228891,3,0,15
12511.0,cluster_12013799525_12013799526_2496228894,2,0,15
12511.0,cluster_12013799527_12013799528_2190601967,3,0,15
12511.0,cluster_12013799529_12013799530_473195061,3,0,15
12512.0,2496228891,3,0,15
12512.0,cluster_12013799525_12013799526_2496228894,2,0,15
12512.0,cluster_12013799527_12013799528_2190601967,3,0,15
12512.0,cluster_12013799529_12013799530_473195061,3,0,15
12513.0,2496228891,4,0,23
12513.0,cluster_12013799525_12013799526_2496228894,3,0,15
12513.0,cluster_12013799527_12013799528_2190601967,4,0,23
12513.0,cluster_12013799529_12013799530_473195061,4,0,21
12514.0,2496228891,4,0,21
12514.0,cluster_12013799525_12013799526_2496228894,2,0,15
12514.0,cluster_12013799527_12013799528_2190601967,4,0,21
12514.0,cluster_12013799529_12013799530_473195061,4,0,21
12515.0,2496228891,4,0,21
12515.0,cluster_12013799525_12013799526_2496228894,2,0,15
12515.0,cluster_12013799527_12013799528_2190601967,4,0,21
12515.0,cluster_12013799529_12013799530_473195061,4,0,21
12516.0,2496228891,4,0,21
12516.0,cluster_12013799525_12013799526_2496228894,2,0,15
12516.0,cluster_12013799529_12013799530_473195061,4,0,21
12517.0,2496228891,4,0,21
12517.0,cluster_12013799525_12013799526_2496228894,2,0,15
12518.0,2496228891,4,0,21
12518.0,cluster_12013799525_12013799526_2496228894,2,0,15
12519.0,2496228891,6,0,23
12519.0,cluster_12013799525_12013799526_2496228894,1,0,15
12519.0,cluster_12013799527_12013799528_2190601967,3,2,15
12520.0,2496228891,6,0,21
12520.0,cluster_12013799525_12013799526_2496228894,1,0,15
12520.0,cluster_12013799527_12013799528_2190601967,3,2,15
12520.0,cluster_12013799529_12013799530_473195061,5,2,21
12521.0,cluster_12013799525_12013799526_2496228894,1,0,15
12521.0,cluster_12013799527_12013799528_2190601967,3,2,15
12521.0,cluster_12013799529_12013799530_473195061,6,2,23
12522.0,cluster_12013799525_12013799526_2496228894,1,0,15
12522.0,cluster_12013799527_12013799528_2190601967,4,2,23
12522.0,cluster_12013799529_12013799530_473195061,6,2,21
12523.0,cluster_12013799525_12013799526_2496228894,1,0,15
12523.0,cluster_12013799527_12013799528_2190601967,4,2,23
12523.0,cluster_12013799529_12013799530_473195061,6,2,21
12524.0,2496228891,3,2,15
12524.0,cluster_12013799527_12013799528_2190601967,2,2,15
12524.0,cluster_12013799529_12013799530_473195061,6,2,21
12525.0,2496228891,2,2,15
12525.0,cluster_12013799527_12013799528_2190601967,2,2,15
12525.0,cluster_12013799529_12013799530_473195061,8,2,24
12526.0,2496228891,2,2,15
12526.0,cluster_12013799527_12013799528_2190601967,3,2,15
12526.0,cluster_12013799529_12013799530_473195061,8,2,21
12527.0,2496228891,2,2,15
12527.0,cluster_12013799525_12013799526_2496228894,3,2,15
12527.0,cluster_12013799527_12013799528_2190601967,3,2,15
12527.0,cluster_12013799529_12013799530_473195061,8,2,21
12528.0,2496228891,2,2,15
12528.0,cluster_12013799525_12013799526_2496228894,2,2,15
12528.0,cluster_12013799527_12013799528_2190601967,1,2,15
12528.0,cluster_12013799529_12013799530_473195061,8,2,21
12529.0,2496228891,1,2,15
12529.0,cluster_12013799525_12013799526_2496228894,2,2,15
12529.0,cluster_12013799527_12013799528_2190601967,2,2,15
12529.0,cluster_12013799529_12013799530_473195061,8,2,21
12530.0,2496228891,1,2,15
12530.0,cluster_12013799525_12013799526_2496228894,2,2,15
12530.0,cluster_12013799527_12013799528_2190601967,2,2,15
12530.0,cluster_12013799529_12013799530_473195061,8,2,21
12531.0,2496228891,0,2,15
12531.0,cluster_12013799525_12013799526_2496228894,2,2,15
12531.0,cluster_12013799527_12013799528_2190601967,2,2,15
12531.0,cluster_12013799529_12013799530_473195061,8,2,21
12532.0,2496228891,0,2,15
12532.0,cluster_12013799525_12013799526_2496228894,2,2,15
12532.0,cluster_12013799527_12013799528_2190601967,3,2,15
12532.0,cluster_12013799529_12013799530_473195061,8,2,21
12533.0,2496228891,0,2,15
12533.0,cluster_12013799525_12013799526_2496228894,2,2,15
12533.0,cluster_12013799527_12013799528_2190601967,3,2,15
12533.0,cluster_12013799529_12013799530_473195061,8,2,21
12534.0,2496228891,0,2,15
12534.0,cluster_12013799525_12013799526_2496228894,3,2,15
12534.0,cluster_12013799527_12013799528_2190601967,2,2,15
12534.0,cluster_12013799529_12013799530_473195061,8,2,21
12535.0,2496228891,0,2,15
12535.0,cluster_12013799525_12013799526_2496228894,3,2,15
12535.0,cluster_12013799529_12013799530_473195061,7,2,21
12536.0,2496228891,0,2,15
12536.0,cluster_12013799525_12013799526_2496228894,3,2,15
12536.0,cluster_12013799529_12013799530_473195061,8,2,24
12537.0,2496228891,0,2,15
12537.0,cluster_12013799525_12013799526_2496228894,3,2,15
12537.0,cluster_12013799529_12013799530_473195061,8,2,21
12538.0,2496228891,0,2,15
12538.0,cluster_12013799525_12013799526_2496228894,3,2,15
12538.0,cluster_12013799527_12013799528_2190601967,7,0,21
12538.0,cluster_12013799529_12013799530_473195061,8,2,21
12539.0,2496228891,0,2,15
12539.0,cluster_12013799525_12013799526_2496228894,3,2,15
12539.0,cluster_12013799527_12013799528_2190601967,6,0,21
12539.0,cluster_12013799529_12013799530_473195061,7,2,21
12540.0,cluster_12013799525_12013799526_2496228894,2,2,15
12540.0,cluster_12013799527_12013799528_2190601967,6,0,21
12540.0,cluster_12013799529_12013799530_473195061,7,2,21
12541.0,cluster_12013799525_12013799526_2496228894,2,2,15
12541.0,cluster_12013799527_12013799528_2190601967,6,0,21
12541.0,cluster_12013799529_12013799530_473195061,7,2,21
12542.0,cluster_12013799525_12013799526_2496228894,1,2,15
12542.0,cluster_12013799527_12013799528_2190601967,6,0,21
12543.0,2496228891,4,0,21
12543.0,cluster_12013799527_12013799528_2190601967,5,0,21
12544.0,2496228891,4,0,21
12544.0,cluster_12013799527_12013799528_2190601967,5,0,21
12545.0,2496228891,4,0,21
12545.0,cluster_12013799527_12013799528_2190601967,5,0,21
12545.0,cluster_12013799529_12013799530_473195061,4,0,21
12546.0,2496228891,3,0,15
12546.0,cluster_12013799525_12013799526_2496228894,0,0,15
12546.0,cluster_12013799527_12013799528_2190601967,4,0,21
12546.0,cluster_12013799529_12013799530_473195061,3,0,15
12547.0,2496228891,3,0,15
12547.0,cluster_12013799525_12013799526_2496228894,0,0,15
12547.0,cluster_12013799527_12013799528_2190601967,4,0,21
12547.0,cluster_12013799529_12013799530_473195061,3,0,15
12548.0,2496228891,3,0,15
12548.0,cluster_12013799525_12013799526_2496228894,0,0,15
12548.0,cluster_12013799527_12013799528_2190601967,3,0,15
12548.0,cluster_12013799529_12013799530_473195061,3,0,15
12549.0,2496228891,3,0,15
12549.0,cluster_12013799525_12013799526_2496228894,0,0,15
12549.0,cluster_12013799527_12013799528_2190601967,3,0,15
12549.0,cluster_12013799529_12013799530_473195061,3,0,15
12550.0,2496228891,4,0,23
12550.0,cluster_12013799525_12013799526_2496228894,0,0,15
12550.0,cluster_12013799527_12013799528_2190601967,2,0,15
12550.0,cluster_12013799529_12013799530_473195061,2,0,15
12551.0,2496228891,4,0,21
12551.0,cluster_12013799525_12013799526_2496228894,0,0,15
12551.0,cluster_12013799527_12013799528_2190601967,2,0,15
12551.0,cluster_12013799529_12013799530_473195061,2,0,15
12552.0,2496228891,3,0,15
12552.0,cluster_12013799525_12013799526_2496228894,0,0,15
12552.0,cluster_12013799527_12013799528_2190601967,2,0,15
12552.0,cluster_12013799529_12013799530_473195061,1,0,15
12553.0,2496228891,3,0,15
12553.0,cluster_12013799525_12013799526_2496228894,0,0,15
12553.0,cluster_12013799527_12013799528_2190601967,1,0,15
12553.0,cluster_12013799529_12013799530_473195061,1,0,15
12554.0,2496228891,3,0,15
12554.0,cluster_12013799525_12013799526_2496228894,0,0,15
12554.0,cluster_12013799527_12013799528_2190601967,1,0,15
12554.0,cluster_12013799529_12013799530_473195061,1,0,15
12555.0,2496228891,0,0,15
12555.0,cluster_12013799525_12013799526_2496228894,0,0,15
12555.0,cluster_12013799527_12013799528_2190601967,0,0,15
12555.0,cluster_12013799529_12013799530_473195061,0,0,15
12556.0,2496228891,0,0,15
12556.0,cluster_12013799525_12013799526_2496228894,0,0,15
12556.0,cluster_12013799527_12013799528_2190601967,0,0,15
12556.0,cluster_12013799529_12013799530_473195061,0,0,15
12557.0,2496228891,1,0,15
12557.0,cluster_12013799525_12013799526_2496228894,0,0,15
12557.0,cluster_12013799527_12013799528_2190601967,0,0,15
12557.0,cluster_12013799529_12013799530_473195061,0,0,15
12558.0,2496228891,2,0,15
12558.0,cluster_12013799525_12013799526_2496228894,0,0,15
12558.0,cluster_12013799527_12013799528_2190601967,0,0,15
12558.0,cluster_12013799529_12013799530_473195061,0,0,15
12559.0,2496228891,2,0,15
12559.0,cluster_12013799525_12013799526_2496228894,0,0,15
12559.0,cluster_12013799527_12013799528_2190601967,0,0,15
12559.0,cluster_12013799529_12013799530_473195061,0,0,15
12560.0,2496228891,2,0,15
12560.0,cluster_12013799525_12013799526_2496228894,0,0,15
12560.0,cluster_12013799529_12013799530_473195061,0,0,15
12561.0,2496228891,3,0,15
12561.0,cluster_12013799525_12013799526_2496228894,0,0,15
12561.0,cluster_12013799529_12013799530_473195061,0,0,15
12562.0,2496228891,3,0,15
12562.0,cluster_12013799529_12013799530_473195061,0,0,15
12563.0,2496228891,3,0,15
12563.0,cluster_12013799527_12013799528_2190601967,2,2,15
12563.0,cluster_12013799529_12013799530_473195061,0,0,15
12564.0,2496228891,3,0,15
12564.0,cluster_12013799527_12013799528_2190601967,1,2,15
12564.0,cluster_12013799529_12013799530_473195061,0,0,15
12565.0,cluster_12013799525_12013799526_2496228894,1,2,15
12565.0,cluster_12013799527_12013799528_2190601967,1,2,15
12565.0,cluster_12013799529_12013799530_473195061,0,0,15
12566.0,cluster_12013799525_12013799526_2496228894,1,2,15
12566.0,cluster_12013799527_12013799528_2190601967,1,2,15
12566.0,cluster_12013799529_12013799530_473195061,0,0,15
12567.0,cluster_12013799525_12013799526_2496228894,1,2,15
12567.0,cluster_12013799527_12013799528_2190601967,1,2,15
12568.0,2496228891,0,2,15
12568.0,cluster_12013799525_12013799526_2496228894,1,2,15
12568.0,cluster_12013799527_12013799528_2190601967,0,2,15
12569.0,2496228891,0,2,15
12569.0,cluster_12013799525_12013799526_2496228894,1,2,15
12569.0,cluster_12013799527_12013799528_2190601967,0,2,15
12570.0,2496228891,0,2,15
12570.0,cluster_12013799525_12013799526_2496228894,1,2,15
12570.0,cluster_12013799527_12013799528_2190601967,1,2,15
12570.0,cluster_12013799529_12013799530_473195061,7,2,21
12571.0,2496228891,0,2,15
12571.0,cluster_12013799525_12013799526_2496228894,1,2,15
12571.0,cluster_12013799527_12013799528_2190601967,1,2,15
12571.0,cluster_12013799529_12013799530_473195061,6,2,21
12572.0,2496228891,0,2,15
12572.0,cluster_12013799525_12013799526_2496228894,1,2,15
12572.0,cluster_12013799527_12013799528_2190601967,1,2,15
12572.0,cluster_12013799529_12013799530_473195061,6,2,21
12573.0,2496228891,0,2,15
12573.0,cluster_12013799525_12013799526_2496228894,1,2,15
12573.0,cluster_12013799527_12013799528_2190601967,1,2,15
12573.0,cluster_12013799529_12013799530_473195061,6,2,21
12574.0,2496228891,0,2,15
12574.0,cluster_12013799525_12013799526_2496228894,1,2,15
12574.0,cluster_12013799527_12013799528_2190601967,1,2,15
12574.0,cluster_12013799529_12013799530_473195061,5,2,21
12575.0,2496228891,0,2,15
12575.0,cluster_12013799525_12013799526_2496228894,1,2,15
12575.0,cluster_12013799527_12013799528_2190601967,1,2,15
12575.0,cluster_12013799529_12013799530_473195061,4,2,21
12576.0,2496228891,0,2,15
12576.0,cluster_12013799525_12013799526_2496228894,1,2,15
12576.0,cluster_12013799527_12013799528_2190601967,1,2,15
12576.0,cluster_12013799529_12013799530_473195061,4,2,21
12577.0,2496228891,0,2,15
12577.0,cluster_12013799525_12013799526_2496228894,0,2,15
12577.0,cluster_12013799527_12013799528_2190601967,1,2,15
12577.0,cluster_12013799529_12013799530_473195061,4,2,21
12578.0,2496228891,0,2,15
12578.0,cluster_12013799525_12013799526_2496228894,0,2,15
12578.0,cluster_12013799527_12013799528_2190601967,1,2,15
12578.0,cluster_12013799529_12013799530_473195061,3,2,15
12579.0,2496228891,0,2,15
12579.0,cluster_12013799525_12013799526_2496228894,0,2,15
12579.0,cluster_12013799529_12013799530_473195061,3,2,15
12580.0,2496228891,0,2,15
12580.0,cluster_12013799525_12013799526_2496228894,0,2,15
12580.0,cluster_12013799529_12013799530_473195061,2,2,15
12581.0,2496228891,0,2,15
12581.0,cluster_12013799529_12013799530_473195061,2,2,15
12582.0,2496228891,0,2,15
12582.0,cluster_12013799527_12013799528_2190601967,0,0,15
12582.0,cluster_12013799529_12013799530_473195061,2,2,15
12583.0,2496228891,0,2,15
12583.0,cluster_12013799527_12013799528_2190601967,0,0,15
12583.0,cluster_12013799529_12013799530_473195061,1,2,15
12584.0,cluster_12013799525_12013799526_2496228894,0,0,15
12584.0,cluster_12013799527_12013799528_2190601967,0,0,15
12584.0,cluster_12013799529_12013799530_473195061,1,2,15
12585.0,cluster_12013799525_12013799526_2496228894,0,0,15
12585.0,cluster_12013799527_12013799528_2190601967,0,0,15
12585.0,cluster_12013799529_12013799530_473195061,0,2,15
12586.0,cluster_12013799525_12013799526_2496228894,0,0,15
12586.0,cluster_12013799527_12013799528_2190601967,0,0,15
12586.0,cluster_12013799529_12013799530_473195061,0,2,15
12587.0,2496228891,5,0,21
12587.0,cluster_12013799525_12013799526_2496228894,0,0,15
12587.0,cluster_12013799527_12013799528_2190601967,0,0,15
12587.0,cluster_12013799529_12013799530_473195061,0,2,15
12588.0,2496228891,4,0,23
12588.0,cluster_12013799525_12013799526_2496228894,0,0,15
12588.0,cluster_12013799527_12013799528_2190601967,0,0,15
12588.0,cluster_12013799529_12013799530_473195061,0,2,15
12589.0,2496228891,4,0,23
12589.0,cluster_12013799525_12013799526_2496228894,0,0,15
12589.0,cluster_12013799527_12013799528_2190601967,0,0,15
12589.0,cluster_12013799529_12013799530_473195061,0,2,15
12590.0,2496228891,3,0,15
12590.0,cluster_12013799525_12013799526_2496228894,0,0,15
12590.0,cluster_12013799527_12013799528_2190601967,0,0,15
12590.0,cluster_12013799529_12013799530_473195061,0,2,15
12591.0,2496228891,3,0,15
12591.0,cluster_12013799525_12013799526_2496228894,0,0,15
12591.0,cluster_12013799527_12013799528_2190601967,0,0,15
12591.0,cluster_12013799529_12013799530_473195061,0,2,15
12592.0,2496228891,3,0,15
12592.0,cluster_12013799525_12013799526_2496228894,0,0,15
12592.0,cluster_12013799527_12013799528_2190601967,0,0,15
12593.0,2496228891,3,0,15
12593.0,cluster_12013799525_12013799526_2496228894,0,0,15
12593.0,cluster_12013799527_12013799528_2190601967,0,0,15
12594.0,2496228891,2,0,15
12594.0,cluster_12013799525_12013799526_2496228894,0,0,15
12594.0,cluster_12013799527_12013799528_2190601967,0,0,15
12595.0,2496228891,2,0,15
12595.0,cluster_12013799525_12013799526_2496228894,0,0,15
12595.0,cluster_12013799527_12013799528_2190601967,0,0,15
12595.0,cluster_12013799529_12013799530_473195061,0,0,15
12596.0,2496228891,2,0,15
12596.0,cluster_12013799525_12013799526_2496228894,0,0,15
12596.0,cluster_12013799527_12013799528_2190601967,0,0,15
12596.0,cluster_12013799529_12013799530_473195061,0,0,15
12597.0,2496228891,1,0,15
12597.0,cluster_12013799525_12013799526_2496228894,0,0,15
12597.0,cluster_12013799527_12013799528_2190601967,0,0,15
12597.0,cluster_12013799529_12013799530_473195061,0,0,15
12598.0,2496228891,1,0,15
12598.0,cluster_12013799525_12013799526_2496228894,0,0,15
12598.0,cluster_12013799529_12013799530_473195061,0,0,15
12599.0,2496228891,0,0,15
12599.0,cluster_12013799525_12013799526_2496228894,0,0,15
12599.0,cluster_12013799529_12013799530_473195061,0,0,15
12600.0,2496228891,0,0,15
12600.0,cluster_12013799529_12013799530_473195061,0,0,15
12601.0,2496228891,1,0,15
12601.0,cluster_12013799527_12013799528_2190601967,2,2,15
12601.0,cluster_12013799529_12013799530_473195061,1,0,15
12602.0,2496228891,1,0,15
12602.0,cluster_12013799527_12013799528_2190601967,1,2,15
12602.0,cluster_12013799529_12013799530_473195061,1,0,15
12603.0,2496228891,1,0,15
12603.0,cluster_12013799525_12013799526_2496228894,5,2,21
12603.0,cluster_12013799527_12013799528_2190601967,1,2,15
12603.0,cluster_12013799529_12013799530_473195061,1,0,15
12604.0,2496228891,1,0,15
12604.0,cluster_12013799525_12013799526_2496228894,5,2,21
12604.0,cluster_12013799527_12013799528_2190601967,1,2,15
12604.0,cluster_12013799529_12013799530_473195061,1,0,15
12605.0,2496228891,2,0,15
12605.0,cluster_12013799525_12013799526_2496228894,6,2,23
12605.0,cluster_12013799527_12013799528_2190601967,2,2,15
12605.0,cluster_12013799529_12013799530_473195061,2,0,15
12606.0,2496228891,2,0,15
12606.0,cluster_12013799525_12013799526_2496228894,5,2,21
12606.0,cluster_12013799527_12013799528_2190601967,2,2,15
12606.0,cluster_12013799529_12013799530_473195061,2,0,15
12607.0,2496228891,2,0,15
12607.0,cluster_12013799525_12013799526_2496228894,5,2,21
12607.0,cluster_12013799527_12013799528_2190601967,2,2,15
12607.0,cluster_12013799529_12013799530_473195061,2,0,15
12608.0,2496228891,2,0,15
12608.0,cluster_12013799525_12013799526_2496228894,4,2,21
12608.0,cluster_12013799527_12013799528_2190601967,3,2,15
12608.0,cluster_12013799529_12013799530_473195061,2,0,15
12609.0,cluster_12013799525_12013799526_2496228894,4,2,21
12609.0,cluster_12013799527_12013799528_2190601967,4,2,23
12609.0,cluster_12013799529_12013799530_473195061,3,0,15
12610.0,cluster_12013799525_12013799526_2496228894,4,2,23
12610.0,cluster_12013799527_12013799528_2190601967,4,2,21
12610.0,cluster_12013799529_12013799530_473195061,3,0,15
12611.0,cluster_12013799525_12013799526_2496228894,4,2,21
12611.0,cluster_12013799527_12013799528_2190601967,4,2,21
12612.0,2496228891,3,2,15
12612.0,cluster_12013799525_12013799526_2496228894,3,2,15
12612.0,cluster_12013799527_12013799528_2190601967,4,2,21
12613.0,2496228891,3,2,15
12613.0,cluster_12013799525_12013799526_2496228894,3,2,15
12613.0,cluster_12013799527_12013799528_2190601967,5,2,23
12614.0,2496228891,3,2,15
12614.0,cluster_12013799525_12013799526_2496228894,3,2,15
12614.0,cluster_12013799527_12013799528_2190601967,4,2,21
12614.0,cluster_12013799529_12013799530_473195061,5,2,21
12615.0,2496228891,3,2,15
12615.0,cluster_12013799525_12013799526_2496228894,3,2,15
12615.0,cluster_12013799527_12013799528_2190601967,5,2,23
12615.0,cluster_12013799529_12013799530_473195061,5,2,21
12616.0,2496228891,3,2,15
12616.0,cluster_12013799525_12013799526_2496228894,3,2,15
12616.0,cluster_12013799527_12013799528_2190601967,5,2,21
12616.0,cluster_12013799529_12013799530_473195061,5,2,21
12617.0,2496228891,3,2,15
12617.0,cluster_12013799525_12013799526_2496228894,3,2,15
12617.0,cluster_12013799529_12013799530_473195061,6,2,23
12618.0,2496228891,2,2,15
12618.0,cluster_12013799525_12013799526_2496228894,2,2,15
12618.0,cluster_12013799529_12013799530_473195061,5,2,21
12619.0,2496228891,2,2,15
12619.0,cluster_12013799525_12013799526_2496228894,3,2,15
12619.0,cluster_12013799529_12013799530_473195061,5,2,21
12620.0,2496228891,1,2,15
12620.0,cluster_12013799525_12013799526_2496228894,2,2,15
12620.0,cluster_12013799527_12013799528_2190601967,4,0,21
12620.0,cluster_12013799529_12013799530_473195061,4,2,21
12621.0,2496228891,1,2,15
12621.0,cluster_12013799525_12013799526_2496228894,2,2,15
12621.0,cluster_12013799527_12013799528_2190601967,5,0,23
12621.0,cluster_12013799529_12013799530_473195061,5,2,21
12622.0,2496228891,1,2,15
12622.0,cluster_12013799525_12013799526_2496228894,3,2,15
12622.0,cluster_12013799527_12013799528_2190601967,5,0,21
12622.0,cluster_12013799529_12013799530_473195061,5,2,21
12623.0,2496228891,1,2,15
12623.0,cluster_12013799525_12013799526_2496228894,3,2,15
12623.0,cluster_12013799527_12013799528_2190601967,5,0,21
12623.0,cluster_12013799529_12013799530_473195061,5,2,21
12624.0,2496228891,1,2,15
12624.0,cluster_12013799525_12013799526_2496228894,3,2,15
12624.0,cluster_12013799527_12013799528_2190601967,4,0,21
12624.0,cluster_12013799529_12013799530_473195061,4,2,21
12625.0,2496228891,1,2,15
12625.0,cluster_12013799527_12013799528_2190601967,5,0,23
12625.0,cluster_12013799529_12013799530_473195061,5,2,21
12626.0,2496228891,0,2,15
12626.0,cluster_12013799527_12013799528_2190601967,5,0,21
12626.0,cluster_12013799529_12013799530_473195061,6,2,23
12627.0,2496228891,0,2,15
12627.0,cluster_12013799527_12013799528_2190601967,5,0,21
12627.0,cluster_12013799529_12013799530_473195061,6,2,21
12628.0,cluster_12013799525_12013799526_2496228894,4,0,21
12628.0,cluster_12013799527_12013799528_2190601967,4,0,21
12628.0,cluster_12013799529_12013799530_473195061,5,2,21
12629.0,cluster_12013799525_12013799526_2496228894,3,0,15
12629.0,cluster_12013799527_12013799528_2190601967,4,0,21
12629.0,cluster_12013799529_12013799530_473195061,5,2,21
12630.0,cluster_12013799525_12013799526_2496228894,3,0,15
12630.0,cluster_12013799527_12013799528_2190601967,4,0,21
12630.0,cluster_12013799529_12013799530_473195061,5,2,21
12631.0,2496228891,5,0,21
12631.0,cluster_12013799525_12013799526_2496228894,3,0,15
12631.0,cluster_12013799527_12013799528_2190601967,3,0,15
12631.0,cluster_12013799529_12013799530_473195061,5,2,23
12632.0,2496228891,5,0,21
12632.0,cluster_12013799525_12013799526_2496228894,2,0,15
12632.0,cluster_12013799527_12013799528_2190601967,3,0,15
12632.0,cluster_12013799529_12013799530_473195061,5,2,21
12633.0,2496228891,5,0,21
12633.0,cluster_12013799525_12013799526_2496228894,2,0,15
12633.0,cluster_12013799527_12013799528_2190601967,2,0,15
12633.0,cluster_12013799529_12013799530_473195061,5,2,23
12634.0,2496228891,5,0,21
12634.0,cluster_12013799525_12013799526_2496228894,2,0,15
12634.0,cluster_12013799527_12013799528_2190601967,2,0,15
12634.0,cluster_12013799529_12013799530_473195061,5,2,21
12635.0,2496228891,5,0,21
12635.0,cluster_12013799525_12013799526_2496228894,1,0,15
12635.0,cluster_12013799527_12013799528_2190601967,2,0,15
12635.0,cluster_12013799529_12013799530_473195061,6,2,23
12636.0,2496228891,5,0,21
12636.0,cluster_12013799525_12013799526_2496228894,1,0,15
12636.0,cluster_12013799527_12013799528_2190601967,2,0,15
12637.0,2496228891,5,0,21
12637.0,cluster_12013799525_12013799526_2496228894,1,0,15
12637.0,cluster_12013799527_12013799528_2190601967,2,0,15
12638.0,2496228891,5,0,21
12638.0,cluster_12013799525_12013799526_2496228894,0,0,15
12638.0,cluster_12013799527_12013799528_2190601967,2,0,15
12639.0,2496228891,4,0,21
12639.0,cluster_12013799525_12013799526_2496228894,0,0,15
12639.0,cluster_12013799527_12013799528_2190601967,1,0,15
12639.0,cluster_12013799529_12013799530_473195061,4,0,21
12640.0,2496228891,4,0,21
12640.0,cluster_12013799525_12013799526_2496228894,0,0,15
12640.0,cluster_12013799527_12013799528_2190601967,1,0,15
12640.0,cluster_12013799529_12013799530_473195061,4,0,21
12641.0,2496228891,4,0,21
12641.0,cluster_12013799525_12013799526_2496228894,0,0,15
12641.0,cluster_12013799527_12013799528_2190601967,1,0,15
12641.0,cluster_12013799529_12013799530_473195061,4,0,21
12642.0,2496228891,4,0,21
12642.0,cluster_12013799525_12013799526_2496228894,0,0,15
12642.0,cluster_12013799529_12013799530_473195061,4,0,21
12643.0,2496228891,3,0,15
12643.0,cluster_12013799525_12013799526_2496228894,0,0,15
12643.0,cluster_12013799529_12013799530_473195061,3,0,15
12644.0,2496228891,5,0,23
12644.0,cluster_12013799525_12013799526_2496228894,0,0,15
12644.0,cluster_12013799529_12013799530_473195061,3,0,15
12645.0,2496228891,5,0,21
12645.0,cluster_12013799525_12013799526_2496228894,0,0,15
12645.0,cluster_12013799527_12013799528_2190601967,5,2,21
12645.0,cluster_12013799529_12013799530_473195061,3,0,15
12646.0,2496228891,4,0,21
12646.0,cluster_12013799525_12013799526_2496228894,0,0,15
12646.0,cluster_12013799527_12013799528_2190601967,2,2,15
12646.0,cluster_12013799529_12013799530_473195061,2,0,15
12647.0,2496228891,6,0,23
12647.0,cluster_12013799525_12013799526_2496228894,0,0,15
12647.0,cluster_12013799527_12013799528_2190601967,3,2,15
12647.0,cluster_12013799529_12013799530_473195061,2,0,15
12648.0,2496228891,6,0,21
12648.0,cluster_12013799525_12013799526_2496228894,0,0,15
12648.0,cluster_12013799527_12013799528_2190601967,3,2,15
12648.0,cluster_12013799529_12013799530_473195061,2,0,15
12649.0,2496228891,3,0,15
12649.0,cluster_12013799525_12013799526_2496228894,0,0,15
12649.0,cluster_12013799527_12013799528_2190601967,2,2,15
12649.0,cluster_12013799529_12013799530_473195061,1,0,15
12650.0,2496228891,4,0,23
12650.0,cluster_12013799527_12013799528_2190601967,1,2,15
12650.0,cluster_12013799529_12013799530_473195061,1,0,15
12651.0,2496228891,1,0,15
12651.0,cluster_12013799527_12013799528_2190601967,0,2,15
12651.0,cluster_12013799529_12013799530_473195061,0,0,15
12652.0,2496228891,2,0,15
12652.0,cluster_12013799527_12013799528_2190601967,0,2,15
12652.0,cluster_12013799529_12013799530_473195061,0,0,15
12653.0,cluster_12013799525_12013799526_2496228894,2,2,15
12653.0,cluster_12013799527_12013799528_2190601967,0,2,15
12653.0,cluster_12013799529_12013799530_473195061,0,0,15
12654.0,cluster_12013799525_12013799526_2496228894,1,2,15
12654.0,cluster_12013799527_12013799528_2190601967,0,2,15
12654.0,cluster_12013799529_12013799530_473195061,0,0,15
12655.0,cluster_12013799525_12013799526_2496228894,1,2,15
12655.0,cluster_12013799527_12013799528_2190601967,0,2,15
12655.0,cluster_12013799529_12013799530_473195061,0,0,15
12656.0,2496228891,0,2,15
12656.0,cluster_12013799525_12013799526_2496228894,1,2,15
12656.0,cluster_12013799527_12013799528_2190601967,0,2,15
12656.0,cluster_12013799529_12013799530_473195061,0,0,15
12657.0,2496228891,0,2,15
12657.0,cluster_12013799525_12013799526_2496228894,1,2,15
12657.0,cluster_12013799527_12013799528_2190601967,0,2,15
12657.0,cluster_12013799529_12013799530_473195061,0,0,15
12658.0,2496228891,0,2,15
12658.0,cluster_12013799525_12013799526_2496228894,0,2,15
12658.0,cluster_12013799527_12013799528_2190601967,1,2,15
12658.0,cluster_12013799529_12013799530_473195061,0,0,15
12659.0,2496228891,0,2,15
12659.0,cluster_12013799525_12013799526_2496228894,0,2,15
12659.0,cluster_12013799527_12013799528_2190601967,1,2,15
12659.0,cluster_12013799529_12013799530_473195061,0,0,15
12660.0,2496228891,0,2,15
12660.0,cluster_12013799525_12013799526_2496228894,0,2,15
12660.0,cluster_12013799527_12013799528_2190601967,1,2,15
12660.0,cluster_12013799529_12013799530_473195061,0,0,15
12661.0,2496228891,0,2,15
12661.0,cluster_12013799525_12013799526_2496228894,0,2,15
12661.0,cluster_12013799527_12013799528_2190601967,2,2,15
12662.0,2496228891,0,2,15
12662.0,cluster_12013799525_12013799526_2496228894,0,2,15
12662.0,cluster_12013799527_12013799528_2190601967,2,2,15
12663.0,2496228891,0,2,15
12663.0,cluster_12013799525_12013799526_2496228894,0,2,15
12663.0,cluster_12013799527_12013799528_2190601967,2,2,15
12664.0,2496228891,0,2,15
12664.0,cluster_12013799525_12013799526_2496228894,0,2,15
12664.0,cluster_12013799527_12013799528_2190601967,1,2,15
12664.0,cluster_12013799529_12013799530_473195061,7,2,21
12665.0,2496228891,0,2,15
12665.0,cluster_12013799525_12013799526_2496228894,0,2,15
12665.0,cluster_12013799527_12013799528_2190601967,2,2,15
12665.0,cluster_12013799529_12013799530_473195061,7,2,21
12666.0,2496228891,0,2,15
12666.0,cluster_12013799525_12013799526_2496228894,0,2,15
12666.0,cluster_12013799527_12013799528_2190601967,1,2,15
12666.0,cluster_12013799529_12013799530_473195061,7,2,21
12667.0,2496228891,0,2,15
12667.0,cluster_12013799525_12013799526_2496228894,0,2,15
12667.0,cluster_12013799529_12013799530_473195061,7,2,21
12668.0,2496228891,0,2,15
12668.0,cluster_12013799525_12013799526_2496228894,0,2,15
12668.0,cluster_12013799529_12013799530_473195061,6,2,21
12669.0,2496228891,0,2,15
12669.0,cluster_12013799529_12013799530_473195061,5,2,21
12670.0,2496228891,0,2,15
12670.0,cluster_12013799527_12013799528_2190601967,1,0,15
12670.0,cluster_12013799529_12013799530_473195061,5,2,21
12671.0,2496228891,0,2,15
12671.0,cluster_12013799527_12013799528_2190601967,0,0,15
12671.0,cluster_12013799529_12013799530_473195061,2,2,15
12672.0,cluster_12013799525_12013799526_2496228894,0,0,15
12672.0,cluster_12013799527_12013799528_2190601967,0,0,15
12672.0,cluster_12013799529_12013799530_473195061,2,2,15
12673.0,cluster_12013799525_12013799526_2496228894,0,0,15
12673.0,cluster_12013799527_12013799528_2190601967,0,0,15
12673.0,cluster_12013799529_12013799530_473195061,2,2,15
12674.0,cluster_12013799525_12013799526_2496228894,0,0,15
12674.0,cluster_12013799527_12013799528_2190601967,0,0,15
12674.0,cluster_12013799529_12013799530_473195061,1,2,15
12675.0,2496228891,4,0,21
12675.0,cluster_12013799525_12013799526_2496228894,0,0,15
12675.0,cluster_12013799527_12013799528_2190601967,0,0,15
12675.0,cluster_12013799529_12013799530_473195061,1,2,15
12676.0,2496228891,5,0,23
12676.0,cluster_12013799525_12013799526_2496228894,0,0,15
12676.0,cluster_12013799527_12013799528_2190601967,0,0,15
12676.0,cluster_12013799529_12013799530_473195061,1,2,15
12677.0,2496228891,5,0,23
12677.0,cluster_12013799525_12013799526_2496228894,0,0,15
12677.0,cluster_12013799527_12013799528_2190601967,0,0,15
12677.0,cluster_12013799529_12013799530_473195061,1,2,15
12678.0,2496228891,6,0,23
12678.0,cluster_12013799525_12013799526_2496228894,0,0,15
12678.0,cluster_12013799527_12013799528_2190601967,0,0,15
12678.0,cluster_12013799529_12013799530_473195061,1,2,15
12679.0,2496228891,6,0,21
12679.0,cluster_12013799525_12013799526_2496228894,0,0,15
12679.0,cluster_12013799527_12013799528_2190601967,0,0,15
12679.0,cluster_12013799529_12013799530_473195061,1,2,15
12680.0,2496228891,4,0,23
12680.0,cluster_12013799525_12013799526_2496228894,0,0,15
12680.0,cluster_12013799527_12013799528_2190601967,0,0,15
12680.0,cluster_12013799529_12013799530_473195061,1,2,15
12681.0,2496228891,5,0,23
12681.0,cluster_12013799525_12013799526_2496228894,0,0,15
12681.0,cluster_12013799527_12013799528_2190601967,0,0,15
12681.0,cluster_12013799529_12013799530_473195061,1,2,15
12682.0,2496228891,5,0,23
12682.0,cluster_12013799525_12013799526_2496228894,0,0,15
12682.0,cluster_12013799527_12013799528_2190601967,0,0,15
12682.0,cluster_12013799529_12013799530_473195061,1,2,15
12683.0,2496228891,3,0,15
12683.0,cluster_12013799525_12013799526_2496228894,0,0,15
12683.0,cluster_12013799527_12013799528_2190601967,0,0,15
12683.0,cluster_12013799529_12013799530_473195061,1,2,15
12684.0,2496228891,4,0,23
12684.0,cluster_12013799525_12013799526_2496228894,0,0,15
12684.0,cluster_12013799527_12013799528_2190601967,0,0,15
12684.0,cluster_12013799529_12013799530_473195061,1,2,15
12685.0,2496228891,3,0,15
12685.0,cluster_12013799525_12013799526_2496228894,0,0,15
12685.0,cluster_12013799527_12013799528_2190601967,0,0,15
12685.0,cluster_12013799529_12013799530_473195061,1,2,15
12686.0,2496228891,3,0,15
12686.0,cluster_12013799525_12013799526_2496228894,0,0,15
12687.0,2496228891,1,0,15
12687.0,cluster_12013799525_12013799526_2496228894,0,0,15
12688.0,2496228891,1,0,15
12689.0,2496228891,1,0,15
12689.0,cluster_12013799527_12013799528_2190601967,1,2,15
12689.0,cluster_12013799529_12013799530_473195061,0,0,15
12690.0,2496228891,0,0,15
12690.0,cluster_12013799527_12013799528_2190601967,0,2,15
12690.0,cluster_12013799529_12013799530_473195061,0,0,15
12691.0,2496228891,0,0,15
12691.0,cluster_12013799525_12013799526_2496228894,6,2,21
12691.0,cluster_12013799527_12013799528_2190601967,0,2,15
12691.0,cluster_12013799529_12013799530_473195061,0,0,15
12692.0,2496228891,0,0,15
12692.0,cluster_12013799525_12013799526_2496228894,5,2,21
12692.0,cluster_12013799527_12013799528_2190601967,0,2,15
12692.0,cluster_12013799529_12013799530_473195061,0,0,15
12693.0,2496228891,0,0,15
12693.0,cluster_12013799525_12013799526_2496228894,5,2,23
12693.0,cluster_12013799527_12013799528_2190601967,0,2,15
12693.0,cluster_12013799529_12013799530_473195061,0,0,15
12694.0,2496228891,0,0,15
12694.0,cluster_12013799525_12013799526_2496228894,4,2,21
12694.0,cluster_12013799527_12013799528_2190601967,0,2,15
12694.0,cluster_12013799529_12013799530_473195061,0,0,15
12695.0,2496228891,0,0,15
12695.0,cluster_12013799525_12013799526_2496228894,4,2,21
12695.0,cluster_12013799527_12013799528_2190601967,0,2,15
12695.0,cluster_12013799529_12013799530_473195061,0,0,15
12696.0,2496228891,0,0,15
12696.0,cluster_12013799525_12013799526_2496228894,3,2,15
12696.0,cluster_12013799527_12013799528_2190601967,0,2,15
12696.0,cluster_12013799529_12013799530_473195061,0,0,15
12697.0,cluster_12013799525_12013799526_2496228894,3,2,15
12697.0,cluster_12013799527_12013799528_2190601967,0,2,15
12697.0,cluster_12013799529_12013799530_473195061,0,0,15
12698.0,cluster_12013799525_12013799526_2496228894,2,2,15
12698.0,cluster_12013799527_12013799528_2190601967,1,2,15
12698.0,cluster_12013799529_12013799530_473195061,0,0,15
12699.0,cluster_12013799525_12013799526_2496228894,2,2,15
12699.0,cluster_12013799527_12013799528_2190601967,1,2,15
12699.0,cluster_12013799529_12013799530_473195061,0,0,15
12700.0,2496228891,0,2,15
12700.0,cluster_12013799525_12013799526_2496228894,1,2,15
12700.0,cluster_12013799527_12013799528_2190601967,1,2,15
12700.0,cluster_12013799529_12013799530_473195061,0,0,15
12701.0,2496228891,1,2,15
12701.0,cluster_12013799525_12013799526_2496228894,2,2,15
12701.0,cluster_12013799527_12013799528_2190601967,2,2,15
12701.0,cluster_12013799529_12013799530_473195061,1,0,15
12702.0,2496228891,1,2,15
12702.0,cluster_12013799525_12013799526_2496228894,1,2,15
12702.0,cluster_12013799527_12013799528_2190601967,2,2,15
12702.0,cluster_12013799529_12013799530_473195061,1,0,15
12703.0,2496228891,1,2,15
12703.0,cluster_12013799525_12013799526_2496228894,1,2,15
12703.0,cluster_12013799527_12013799528_2190601967,2,2,15
12703.0,cluster_12013799529_12013799530_473195061,1,0,15
12704.0,2496228891,1,2,15
12704.0,cluster_12013799525_12013799526_2496228894,1,2,15
12704.0,cluster_12013799527_12013799528_2190601967,2,2,15
12704.0,cluster_12013799529_12013799530_473195061,1,0,15
12705.0,2496228891,2,2,15
12705.0,cluster_12013799525_12013799526_2496228894,2,2,15
12706.0,2496228891,2,2,15
12706.0,cluster_12013799525_12013799526_2496228894,2,2,15
12707.0,2496228891,2,2,15
12707.0,cluster_12013799525_12013799526_2496228894,2,2,15
12708.0,2496228891,2,2,15
12708.0,cluster_12013799525_12013799526_2496228894,2,2,15
12708.0,cluster_12013799527_12013799528_2190601967,2,0,15
12708.0,cluster_12013799529_12013799530_473195061,2,2,15
12709.0,2496228891,2,2,15
12709.0,cluster_12013799525_12013799526_2496228894,2,2,15
12709.0,cluster_12013799527_12013799528_2190601967,3,0,15
12709.0,cluster_12013799529_12013799530_473195061,3,2,15
12710.0,2496228891,3,2,15
12710.0,cluster_12013799525_12013799526_2496228894,3,2,15
12710.0,cluster_12013799527_12013799528_2190601967,3,0,15
12710.0,cluster_12013799529_12013799530_473195061,3,2,15
12711.0,2496228891,3,2,15
12711.0,cluster_12013799525_12013799526_2496228894,3,2,15
12711.0,cluster_12013799527_12013799528_2190601967,3,0,15
12711.0,cluster_12013799529_12013799530_473195061,3,2,15
12712.0,2496228891,3,2,15
12712.0,cluster_12013799525_12013799526_2496228894,3,2,15
12712.0,cluster_12013799527_12013799528_2190601967,3,0,15
12712.0,cluster_12013799529_12013799530_473195061,3,2,15
12713.0,2496228891,3,2,15
12713.0,cluster_12013799527_12013799528_2190601967,4,0,23
12713.0,cluster_12013799529_12013799530_473195061,4,2,21
12714.0,2496228891,3,2,15
12714.0,cluster_12013799527_12013799528_2190601967,4,0,21
12714.0,cluster_12013799529_12013799530_473195061,4,2,21
12715.0,2496228891,3,2,15
12715.0,cluster_12013799527_12013799528_2190601967,4,0,21
12715.0,cluster_12013799529_12013799530_473195061,4,2,21
12716.0,cluster_12013799525_12013799526_2496228894,4,0,21
12716.0,cluster_12013799527_12013799528_2190601967,4,0,21
12716.0,cluster_12013799529_12013799530_473195061,4,2,21
12717.0,cluster_12013799525_12013799526_2496228894,3,0,15
12717.0,cluster_12013799527_12013799528_2190601967,5,0,23
12717.0,cluster_12013799529_12013799530_473195061,5,2,21
12718.0,cluster_12013799525_12013799526_2496228894,3,0,15
12718.0,cluster_12013799527_12013799528_2190601967,5,0,21
12718.0,cluster_12013799529_12013799530_473195061,5,2,21
12719.0,2496228891,5,0,21
12719.0,cluster_12013799525_12013799526_2496228894,3,0,15
12719.0,cluster_12013799527_12013799528_2190601967,5,0,21
12719.0,cluster_12013799529_12013799530_473195061,5,2,21
12720.0,2496228891,5,0,21
12720.0,cluster_12013799525_12013799526_2496228894,3,0,15
12720.0,cluster_12013799527_12013799528_2190601967,5,0,21
12720.0,cluster_12013799529_12013799530_473195061,5,2,21
12721.0,2496228891,5,0,21
12721.0,cluster_12013799525_12013799526_2496228894,2,0,15
12721.0,cluster_12013799527_12013799528_2190601967,6,0,23
12721.0,cluster_12013799529_12013799530_473195061,6,2,21
12722.0,2496228891,5,0,21
12722.0,cluster_12013799525_12013799526_2496228894,2,0,15
12722.0,cluster_12013799527_12013799528_2190601967,5,0,21
12722.0,cluster_12013799529_12013799530_473195061,5,2,21
12723.0,2496228891,5,0,21
12723.0,cluster_12013799525_12013799526_2496228894,1,0,15
12723.0,cluster_12013799527_12013799528_2190601967,5,0,21
12723.0,cluster_12013799529_12013799530_473195061,5,2,21
12724.0,2496228891,5,0,21
12724.0,cluster_12013799525_12013799526_2496228894,1,0,15
12725.0,2496228891,5,0,21
12725.0,cluster_12013799525_12013799526_2496228894,1,0,15
12726.0,2496228891,5,0,21
12726.0,cluster_12013799525_12013799526_2496228894,0,0,15
12727.0,2496228891,4,0,21
12727.0,cluster_12013799525_12013799526_2496228894,0,0,15
12727.0,cluster_12013799527_12013799528_2190601967,3,2,15
12727.0,cluster_12013799529_12013799530_473195061,4,0,21
12728.0,2496228891,4,0,21
12728.0,cluster_12013799525_12013799526_2496228894,0,0,15
12728.0,cluster_12013799527_12013799528_2190601967,3,2,15
12728.0,cluster_12013799529_12013799530_473195061,4,0,21
12729.0,2496228891,4,0,21
12729.0,cluster_12013799525_12013799526_2496228894,0,0,15
12729.0,cluster_12013799527_12013799528_2190601967,4,2,23
12729.0,cluster_12013799529_12013799530_473195061,4,0,21
12730.0,2496228891,4,0,21
12730.0,cluster_12013799525_12013799526_2496228894,0,0,15
12730.0,cluster_12013799527_12013799528_2190601967,4,2,23
12730.0,cluster_12013799529_12013799530_473195061,4,0,21
12731.0,2496228891,4,0,21
12731.0,cluster_12013799525_12013799526_2496228894,0,0,15
12731.0,cluster_12013799527_12013799528_2190601967,4,2,21
12731.0,cluster_12013799529_12013799530_473195061,4,0,21
12732.0,2496228891,5,0,23
12732.0,cluster_12013799525_12013799526_2496228894,0,0,15
12732.0,cluster_12013799527_12013799528_2190601967,4,2,23
12732.0,cluster_12013799529_12013799530_473195061,3,0,15
12733.0,2496228891,5,0,21
12733.0,cluster_12013799525_12013799526_2496228894,0,0,15
12733.0,cluster_12013799527_12013799528_2190601967,4,2,21
12733.0,cluster_12013799529_12013799530_473195061,3,0,15
12734.0,2496228891,5,0,21
12734.0,cluster_12013799525_12013799526_2496228894,0,0,15
12734.0,cluster_12013799527_12013799528_2190601967,3,2,15
12734.0,cluster_12013799529_12013799530_473195061,3,0,15
12735.0,2496228891,6,0,23
12735.0,cluster_12013799525_12013799526_2496228894,0,0,15
12735.0,cluster_12013799527_12013799528_2190601967,2,2,15
12735.0,cluster_12013799529_12013799530_473195061,2,0,15
12736.0,2496228891,6,0,21
12736.0,cluster_12013799525_12013799526_2496228894,0,0,15
12736.0,cluster_12013799527_12013799528_2190601967,2,2,15
12736.0,cluster_12013799529_12013799530_473195061,2,0,15
12737.0,2496228891,3,0,15
12737.0,cluster_12013799525_12013799526_2496228894,0,0,15
12737.0,cluster_12013799527_12013799528_2190601967,1,2,15
12737.0,cluster_12013799529_12013799530_473195061,1,0,15
12738.0,2496228891,4,0,23
12738.0,cluster_12013799527_12013799528_2190601967,1,2,15
12738.0,cluster_12013799529_12013799530_473195061,1,0,15
12739.0,2496228891,3,0,15
12739.0,cluster_12013799527_12013799528_2190601967,0,2,15
12739.0,cluster_12013799529_12013799530_473195061,0,0,15
12740.0,2496228891,1,0,15
12740.0,cluster_12013799527_12013799528_2190601967,0,2,15
12740.0,cluster_12013799529_12013799530_473195061,0,0,15
12741.0,cluster_12013799525_12013799526_2496228894,3,2,15
12741.0,cluster_12013799527_12013799528_2190601967,0,2,15
12741.0,cluster_12013799529_12013799530_473195061,0,0,15
12742.0,cluster_12013799525_12013799526_2496228894,3,2,15
12742.0,cluster_12013799527_12013799528_2190601967,0,2,15
12742.0,cluster_12013799529_12013799530_473195061,0,0,15
12743.0,cluster_12013799525_12013799526_2496228894,3,2,15
12743.0,cluster_12013799529_12013799530_473195061,0,0,15
12744.0,2496228891,2,2,15
12744.0,cluster_12013799525_12013799526_2496228894,2,2,15
12744.0,cluster_12013799529_12013799530_473195061,0,0,15
12745.0,2496228891,2,2,15
12745.0,cluster_12013799525_12013799526_2496228894,2,2,15
12745.0,cluster_12013799529_12013799530_473195061,0,0,15
12746.0,2496228891,2,2,15
12746.0,cluster_12013799525_12013799526_2496228894,2,2,15
12746.0,cluster_12013799527_12013799528_2190601967,6,0,21
12746.0,cluster_12013799529_12013799530_473195061,0,0,15
12747.0,2496228891,2,2,15
12747.0,cluster_12013799525_12013799526_2496228894,2,2,15
12747.0,cluster_12013799527_12013799528_2190601967,5,0,21
12747.0,cluster_12013799529_12013799530_473195061,0,0,15
12748.0,2496228891,2,2,15
12748.0,cluster_12013799525_12013799526_2496228894,3,2,15
12748.0,cluster_12013799527_12013799528_2190601967,5,0,21
12748.0,cluster_12013799529_12013799530_473195061,0,0,15
12749.0,2496228891,1,2,15
12749.0,cluster_12013799525_12013799526_2496228894,2,2,15
12749.0,cluster_12013799527_12013799528_2190601967,5,0,21
12750.0,2496228891,1,2,15
12750.0,cluster_12013799525_12013799526_2496228894,2,2,15
12750.0,cluster_12013799527_12013799528_2190601967,5,0,21
12751.0,2496228891,1,2,15
12751.0,cluster_12013799525_12013799526_2496228894,3,2,15
12751.0,cluster_12013799527_12013799528_2190601967,4,0,21
12752.0,2496228891,0,2,15
12752.0,cluster_12013799525_12013799526_2496228894,2,2,15
12752.0,cluster_12013799527_12013799528_2190601967,4,0,21
12752.0,cluster_12013799529_12013799530_473195061,7,2,21
12753.0,2496228891,0,2,15
12753.0,cluster_12013799525_12013799526_2496228894,2,2,15
12753.0,cluster_12013799527_12013799528_2190601967,4,0,21
12753.0,cluster_12013799529_12013799530_473195061,6,2,21
12754.0,2496228891,0,2,15
12754.0,cluster_12013799525_12013799526_2496228894,3,2,15
12754.0,cluster_12013799527_12013799528_2190601967,3,0,15
12754.0,cluster_12013799529_12013799530_473195061,6,2,23
12755.0,2496228891,0,2,15
12755.0,cluster_12013799525_12013799526_2496228894,3,2,15
12755.0,cluster_12013799527_12013799528_2190601967,3,0,15
12755.0,cluster_12013799529_12013799530_473195061,6,2,21
12756.0,2496228891,0,2,15
12756.0,cluster_12013799525_12013799526_2496228894,3,2,15
12756.0,cluster_12013799527_12013799528_2190601967,2,0,15
12756.0,cluster_12013799529_12013799530_473195061,6,2,23
12757.0,2496228891,0,2,15
12757.0,cluster_12013799527_12013799528_2190601967,2,0,15
12757.0,cluster_12013799529_12013799530_473195061,5,2,21
12758.0,2496228891,0,2,15
12758.0,cluster_12013799527_12013799528_2190601967,1,0,15
12758.0,cluster_12013799529_12013799530_473195061,4,2,21
12759.0,2496228891,0,2,15
12759.0,cluster_12013799527_12013799528_2190601967,1,0,15
12759.0,cluster_12013799529_12013799530_473195061,5,2,23
12760.0,cluster_12013799525_12013799526_2496228894,0,0,15
12760.0,cluster_12013799527_12013799528_2190601967,1,0,15
12760.0,cluster_12013799529_12013799530_473195061,6,2,23
12761.0,cluster_12013799525_12013799526_2496228894,0,0,15
12761.0,cluster_12013799527_12013799528_2190601967,0,0,15
12761.0,cluster_12013799529_12013799530_473195061,5,2,21
12762.0,cluster_12013799525_12013799526_2496228894,0,0,15
12762.0,cluster_12013799527_12013799528_2190601967,0,0,15
12762.0,cluster_12013799529_12013799530_473195061,4,2,21
12763.0,2496228891,4,0,21
12763.0,cluster_12013799525_12013799526_2496228894,0,0,15
12763.0,cluster_12013799527_12013799528_2190601967,0,0,15
12763.0,cluster_12013799529_12013799530_473195061,5,2,23
12764.0,2496228891,3,0,15
12764.0,cluster_12013799525_12013799526_2496228894,0,0,15
12764.0,cluster_12013799527_12013799528_2190601967,0,0,15
12764.0,cluster_12013799529_12013799530_473195061,4,2,21
12765.0,2496228891,6,0,23
12765.0,cluster_12013799525_12013799526_2496228894,0,0,15
12765.0,cluster_12013799527_12013799528_2190601967,0,0,15
12765.0,cluster_12013799529_12013799530_473195061,4,2,21
12766.0,2496228891,6,0,21
12766.0,cluster_12013799525_12013799526_2496228894,0,0,15
12766.0,cluster_12013799527_12013799528_2190601967,0,0,15
12766.0,cluster_12013799529_12013799530_473195061,4,2,21
12767.0,2496228891,5,0,21
12767.0,cluster_12013799525_12013799526_2496228894,0,0,15
12767.0,cluster_12013799527_12013799528_2190601967,0,0,15
12767.0,cluster_12013799529_12013799530_473195061,4,2,21
12768.0,2496228891,5,0,23
12768.0,cluster_12013799525_12013799526_2496228894,0,0,15
12768.0,cluster_12013799529_12013799530_473195061,3,2,15
12769.0,2496228891,4,0,23
12769.0,cluster_12013799525_12013799526_2496228894,0,0,15
12769.0,cluster_12013799529_12013799530_473195061,3,2,15
12770.0,2496228891,1,0,15
12770.0,cluster_12013799525_12013799526_2496228894,0,0,15
12770.0,cluster_12013799529_12013799530_473195061,1,2,15
12771.0,2496228891,2,0,15
12771.0,cluster_12013799525_12013799526_2496228894,0,0,15
12771.0,cluster_12013799527_12013799528_2190601967,0,2,15
12771.0,cluster_12013799529_12013799530_473195061,1,2,15
12772.0,2496228891,2,0,15
12772.0,cluster_12013799525_12013799526_2496228894,0,0,15
12772.0,cluster_12013799527_12013799528_2190601967,0,2,15
12772.0,cluster_12013799529_12013799530_473195061,1,2,15
12773.0,2496228891,1,0,15
12773.0,cluster_12013799525_12013799526_2496228894,0,0,15
12773.0,cluster_12013799527_12013799528_2190601967,0,2,15
12773.0,cluster_12013799529_12013799530_473195061,1,2,15
12774.0,2496228891,1,0,15
12774.0,cluster_12013799525_12013799526_2496228894,0,0,15
12774.0,cluster_12013799527_12013799528_2190601967,0,2,15
12775.0,2496228891,1,0,15
12775.0,cluster_12013799525_12013799526_2496228894,0,0,15
12775.0,cluster_12013799527_12013799528_2190601967,0,2,15
12776.0,2496228891,0,0,15
12776.0,cluster_12013799527_12013799528_2190601967,0,2,15
12777.0,2496228891,1,0,15
12777.0,cluster_12013799527_12013799528_2190601967,0,2,15
12777.0,cluster_12013799529_12013799530_473195061,0,0,15
12778.0,2496228891,1,0,15
12778.0,cluster_12013799527_12013799528_2190601967,0,2,15
12778.0,cluster_12013799529_12013799530_473195061,0,0,15
12779.0,2496228891,2,0,15
12779.0,cluster_12013799525_12013799526_2496228894,6,2,21
12779.0,cluster_12013799527_12013799528_2190601967,0,2,15
12779.0,cluster_12013799529_12013799530_473195061,0,0,15
12780.0,2496228891,2,0,15
12780.0,cluster_12013799525_12013799526_2496228894,5,2,21
12780.0,cluster_12013799527_12013799528_2190601967,0,2,15
12780.0,cluster_12013799529_12013799530_473195061,0,0,15
12781.0,2496228891,2,0,15
12781.0,cluster_12013799525_12013799526_2496228894,5,2,21
12781.0,cluster_12013799527_12013799528_2190601967,0,2,15
12781.0,cluster_12013799529_12013799530_473195061,0,0,15
12782.0,2496228891,2,0,15
12782.0,cluster_12013799525_12013799526_2496228894,5,2,21
12782.0,cluster_12013799527_12013799528_2190601967,0,2,15
12782.0,cluster_12013799529_12013799530_473195061,0,0,15
12783.0,2496228891,2,0,15
12783.0,cluster_12013799525_12013799526_2496228894,4,2,21
12783.0,cluster_12013799527_12013799528_2190601967,0,2,15
12783.0,cluster_12013799529_12013799530_473195061,0,0,15
12784.0,2496228891,1,0,15
12784.0,cluster_12013799525_12013799526_2496228894,3,2,15
12784.0,cluster_12013799527_12013799528_2190601967,1,2,15
12784.0,cluster_12013799529_12013799530_473195061,0,0,15
12785.0,cluster_12013799525_12013799526_2496228894,4,2,23
12785.0,cluster_12013799527_12013799528_2190601967,1,2,15
12785.0,cluster_12013799529_12013799530_473195061,0,0,15
12786.0,cluster_12013799525_12013799526_2496228894,3,2,15
12786.0,cluster_12013799527_12013799528_2190601967,2,2,15
12786.0,cluster_12013799529_12013799530_473195061,0,0,15
12787.0,cluster_12013799525_12013799526_2496228894,3,2,15
12787.0,cluster_12013799529_12013799530_473195061,0,0,15
12788.0,2496228891,0,2,15
12788.0,cluster_12013799525_12013799526_2496228894,2,2,15
12788.0,cluster_12013799529_12013799530_473195061,0,0,15
12789.0,2496228891,0,2,15
12789.0,cluster_12013799525_12013799526_2496228894,2,2,15
12789.0,cluster_12013799529_12013799530_473195061,0,0,15
12790.0,2496228891,0,2,15
12790.0,cluster_12013799525_12013799526_2496228894,2,2,15
12790.0,cluster_12013799527_12013799528_2190601967,0,0,15
12790.0,cluster_12013799529_12013799530_473195061,0,0,15
12791.0,2496228891,0,2,15
12791.0,cluster_12013799525_12013799526_2496228894,1,2,15
12791.0,cluster_12013799527_12013799528_2190601967,0,0,15
12791.0,cluster_12013799529_12013799530_473195061,0,0,15
12792.0,2496228891,0,2,15
12792.0,cluster_12013799525_12013799526_2496228894,1,2,15
12792.0,cluster_12013799527_12013799528_2190601967,0,0,15
12792.0,cluster_12013799529_12013799530_473195061,0,0,15
12793.0,2496228891,0,2,15
12793.0,cluster_12013799525_12013799526_2496228894,1,2,15
12793.0,cluster_12013799527_12013799528_2190601967,0,0,15
12794.0,2496228891,0,2,15
12794.0,cluster_12013799525_12013799526_2496228894,1,2,15
12794.0,cluster_12013799527_12013799528_2190601967,0,0,15
12795.0,2496228891,0,2,15
12795.0,cluster_12013799525_12013799526_2496228894,1,2,15
12795.0,cluster_12013799527_12013799528_2190601967,0,0,15
12796.0,2496228891,0,2,15
12796.0,cluster_12013799525_12013799526_2496228894,1,2,15
12796.0,cluster_12013799527_12013799528_2190601967,0,0,15
12796.0,cluster_12013799529_12013799530_473195061,0,2,15
12797.0,2496228891,0,2,15
12797.0,cluster_12013799525_12013799526_2496228894,0,2,15
12797.0,cluster_12013799527_12013799528_2190601967,0,0,15
12797.0,cluster_12013799529_12013799530_473195061,0,2,15
12798.0,2496228891,0,2,15
12798.0,cluster_12013799525_12013799526_2496228894,0,2,15
12798.0,cluster_12013799527_12013799528_2190601967,0,0,15
12798.0,cluster_12013799529_12013799530_473195061,0,2,15
12799.0,2496228891,0,2,15
12799.0,cluster_12013799525_12013799526_2496228894,0,2,15
12799.0,cluster_12013799527_12013799528_2190601967,0,0,15
12799.0,cluster_12013799529_12013799530_473195061,0,2,15
12800.0,2496228891,0,2,15
12800.0,cluster_12013799525_12013799526_2496228894,0,2,15
12800.0,cluster_12013799527_12013799528_2190601967,0,0,15
12800.0,cluster_12013799529_12013799530_473195061,0,2,15
12801.0,2496228891,1,2,15
12801.0,cluster_12013799527_12013799528_2190601967,1,0,15
12801.0,cluster_12013799529_12013799530_473195061,1,2,15
12802.0,2496228891,1,2,15
12802.0,cluster_12013799527_12013799528_2190601967,1,0,15
12802.0,cluster_12013799529_12013799530_473195061,1,2,15
12803.0,2496228891,1,2,15
12803.0,cluster_12013799527_12013799528_2190601967,1,0,15
12803.0,cluster_12013799529_12013799530_473195061,1,2,15
12804.0,cluster_12013799525_12013799526_2496228894,1,0,15
12804.0,cluster_12013799527_12013799528_2190601967,1,0,15
12804.0,cluster_12013799529_12013799530_473195061,1,2,15
12805.0,cluster_12013799525_12013799526_2496228894,2,0,15
12805.0,cluster_12013799527_12013799528_2190601967,2,0,15
12805.0,cluster_12013799529_12013799530_473195061,2,2,15
12806.0,cluster_12013799525_12013799526_2496228894,2,0,15
12806.0,cluster_12013799529_12013799530_473195061,2,2,15
12807.0,2496228891,2,0,15
12807.0,cluster_12013799525_12013799526_2496228894,2,0,15
12807.0,cluster_12013799529_12013799530_473195061,2,2,15
12808.0,2496228891,2,0,15
12808.0,cluster_12013799525_12013799526_2496228894,2,0,15
12808.0,cluster_12013799529_12013799530_473195061,2,2,15
12809.0,2496228891,3,0,15
12809.0,cluster_12013799525_12013799526_2496228894,3,0,15
12809.0,cluster_12013799527_12013799528_2190601967,5,2,21
12809.0,cluster_12013799529_12013799530_473195061,3,2,15
12810.0,2496228891,3,0,15
12810.0,cluster_12013799525_12013799526_2496228894,2,0,15
12810.0,cluster_12013799527_12013799528_2190601967,3,2,15
12810.0,cluster_12013799529_12013799530_473195061,3,2,15
12811.0,2496228891,3,0,15
12811.0,cluster_12013799525_12013799526_2496228894,2,0,15
12811.0,cluster_12013799527_12013799528_2190601967,3,2,15
12811.0,cluster_12013799529_12013799530_473195061,3,2,15
12812.0,2496228891,3,0,15
12812.0,cluster_12013799525_12013799526_2496228894,2,0,15
12812.0,cluster_12013799527_12013799528_2190601967,4,2,23
12813.0,2496228891,3,0,15
12813.0,cluster_12013799525_12013799526_2496228894,3,0,15
12813.0,cluster_12013799527_12013799528_2190601967,5,2,21
12814.0,2496228891,4,0,23
12814.0,cluster_12013799525_12013799526_2496228894,3,0,15
12814.0,cluster_12013799527_12013799528_2190601967,4,2,21
12815.0,2496228891,4,0,21
12815.0,cluster_12013799525_12013799526_2496228894,2,0,15
12815.0,cluster_12013799527_12013799528_2190601967,3,2,15
12815.0,cluster_12013799529_12013799530_473195061,4,0,21
12816.0,2496228891,4,0,21
12816.0,cluster_12013799525_12013799526_2496228894,2,0,15
12816.0,cluster_12013799527_12013799528_2190601967,3,2,15
12816.0,cluster_12013799529_12013799530_473195061,4,0,21
12817.0,2496228891,3,0,15
12817.0,cluster_12013799525_12013799526_2496228894,2,0,15
12817.0,cluster_12013799527_12013799528_2190601967,4,2,23
12817.0,cluster_12013799529_12013799530_473195061,3,0,15
12818.0,2496228891,4,0,23
12818.0,cluster_12013799525_12013799526_2496228894,2,0,15
12818.0,cluster_12013799527_12013799528_2190601967,3,2,15
12818.0,cluster_12013799529_12013799530_473195061,4,0,21
12819.0,2496228891,4,0,21
12819.0,cluster_12013799525_12013799526_2496228894,1,0,15
12819.0,cluster_12013799527_12013799528_2190601967,3,2,15
12819.0,cluster_12013799529_12013799530_473195061,4,0,21
12820.0,2496228891,6,0,23
12820.0,cluster_12013799527_12013799528_2190601967,3,2,15
12820.0,cluster_12013799529_12013799530_473195061,4,0,21
12821.0,2496228891,6,0,21
12821.0,cluster_12013799527_12013799528_2190601967,3,2,15
12821.0,cluster_12013799529_12013799530_473195061,4,0,21
12822.0,2496228891,6,0,21
12822.0,cluster_12013799527_12013799528_2190601967,4,2,23
12822.0,cluster_12013799529_12013799530_473195061,4,0,21
12823.0,cluster_12013799525_12013799526_2496228894,3,2,15
12823.0,cluster_12013799527_12013799528_2190601967,3,2,15
12823.0,cluster_12013799529_12013799530_473195061,3,0,15
12824.0,cluster_12013799525_12013799526_2496228894,3,2,15
12824.0,cluster_12013799527_12013799528_2190601967,3,2,15
12824.0,cluster_12013799529_12013799530_473195061,3,0,15
12825.0,cluster_12013799525_12013799526_2496228894,3,2,15
12825.0,cluster_12013799527_12013799528_2190601967,3,2,15
12825.0,cluster_12013799529_12013799530_473195061,3,0,15
12826.0,2496228891,2,2,15
12826.0,cluster_12013799525_12013799526_2496228894,2,2,15
12826.0,cluster_12013799527_12013799528_2190601967,3,2,15
12826.0,cluster_12013799529_12013799530_473195061,3,0,15
12827.0,2496228891,2,2,15
12827.0,cluster_12013799525_12013799526_2496228894,2,2,15
12827.0,cluster_12013799527_12013799528_2190601967,3,2,15
12827.0,cluster_12013799529_12013799530_473195061,2,0,15
12828.0,2496228891,2,2,15
12828.0,cluster_12013799525_12013799526_2496228894,2,2,15
12828.0,cluster_12013799527_12013799528_2190601967,3,2,15
12828.0,cluster_12013799529_12013799530_473195061,2,0,15
12829.0,2496228891,2,2,15
12829.0,cluster_12013799525_12013799526_2496228894,2,2,15
12829.0,cluster_12013799527_12013799528_2190601967,1,2,15
12829.0,cluster_12013799529_12013799530_473195061,2,0,15
12830.0,2496228891,1,2,15
12830.0,cluster_12013799525_12013799526_2496228894,2,2,15
12830.0,cluster_12013799527_12013799528_2190601967,2,2,15
12830.0,cluster_12013799529_12013799530_473195061,1,0,15
12831.0,2496228891,1,2,15
12831.0,cluster_12013799525_12013799526_2496228894,2,2,15
12831.0,cluster_12013799529_12013799530_473195061,1,0,15
12832.0,2496228891,1,2,15
12832.0,cluster_12013799525_12013799526_2496228894,2,2,15
12832.0,cluster_12013799529_12013799530_473195061,1,0,15
12833.0,2496228891,0,2,15
12833.0,cluster_12013799525_12013799526_2496228894,2,2,15
12833.0,cluster_12013799529_12013799530_473195061,1,0,15
12834.0,2496228891,0,2,15
12834.0,cluster_12013799525_12013799526_2496228894,2,2,15
12834.0,cluster_12013799527_12013799528_2190601967,6,0,21
12834.0,cluster_12013799529_12013799530_473195061,0,0,15
12835.0,2496228891,0,2,15
12835.0,cluster_12013799525_12013799526_2496228894,2,2,15
12835.0,cluster_12013799527_12013799528_2190601967,6,0,21
12835.0,cluster_12013799529_12013799530_473195061,0,0,15
12836.0,2496228891,0,2,15
12836.0,cluster_12013799525_12013799526_2496228894,3,2,15
12836.0,cluster_12013799527_12013799528_2190601967,6,0,21
12836.0,cluster_12013799529_12013799530_473195061,0,0,15
12837.0,2496228891,0,2,15
12837.0,cluster_12013799525_12013799526_2496228894,3,2,15
12837.0,cluster_12013799527_12013799528_2190601967,6,0,21
12838.0,2496228891,0,2,15
12838.0,cluster_12013799525_12013799526_2496228894,3,2,15
12838.0,cluster_12013799527_12013799528_2190601967,5,0,21
12839.0,2496228891,0,2,15
12839.0,cluster_12013799527_12013799528_2190601967,5,0,21
12840.0,2496228891,0,2,15
12840.0,cluster_12013799527_12013799528_2190601967,5,0,21
12840.0,cluster_12013799529_12013799530_473195061,7,2,21
12841.0,2496228891,0,2,15
12841.0,cluster_12013799527_12013799528_2190601967,4,0,21
12841.0,cluster_12013799529_12013799530_473195061,4,2,21
12842.0,cluster_12013799525_12013799526_2496228894,0,0,15
12842.0,cluster_12013799527_12013799528_2190601967,4,0,21
12842.0,cluster_12013799529_12013799530_473195061,5,2,23
12843.0,cluster_12013799525_12013799526_2496228894,0,0,15
12843.0,cluster_12013799527_12013799528_2190601967,4,0,21
12843.0,cluster_12013799529_12013799530_473195061,5,2,21
12844.0,cluster_12013799525_12013799526_2496228894,0,0,15
12844.0,cluster_12013799527_12013799528_2190601967,3,0,15
12844.0,cluster_12013799529_12013799530_473195061,5,2,23
12845.0,2496228891,3,0,15
12845.0,cluster_12013799525_12013799526_2496228894,0,0,15
12845.0,cluster_12013799527_12013799528_2190601967,3,0,15
12845.0,cluster_12013799529_12013799530_473195061,5,2,21
12846.0,2496228891,2,0,15
12846.0,cluster_12013799525_12013799526_2496228894,0,0,15
12846.0,cluster_12013799527_12013799528_2190601967,2,0,15
12846.0,cluster_12013799529_12013799530_473195061,5,2,23
12847.0,2496228891,2,0,15
12847.0,cluster_12013799525_12013799526_2496228894,0,0,15
12847.0,cluster_12013799527_12013799528_2190601967,2,0,15
12847.0,cluster_12013799529_12013799530_473195061,5,2,21
12848.0,2496228891,2,0,15
12848.0,cluster_12013799525_12013799526_2496228894,0,0,15
12848.0,cluster_12013799527_12013799528_2190601967,1,0,15
12848.0,cluster_12013799529_12013799530_473195061,5,2,23
12849.0,2496228891,1,0,15
12849.0,cluster_12013799525_12013799526_2496228894,0,0,15
12849.0,cluster_12013799527_12013799528_2190601967,1,0,15
12849.0,cluster_12013799529_12013799530_473195061,5,2,21
12850.0,2496228891,1,0,15
12850.0,cluster_12013799525_12013799526_2496228894,0,0,15
12850.0,cluster_12013799527_12013799528_2190601967,0,0,15
12850.0,cluster_12013799529_12013799530_473195061,4,2,21
12851.0,2496228891,1,0,15
12851.0,cluster_12013799525_12013799526_2496228894,0,0,15
12851.0,cluster_12013799527_12013799528_2190601967,0,0,15
12851.0,cluster_12013799529_12013799530_473195061,5,2,23
12852.0,2496228891,0,0,15
12852.0,cluster_12013799525_12013799526_2496228894,0,0,15
12852.0,cluster_12013799527_12013799528_2190601967,0,0,15
12852.0,cluster_12013799529_12013799530_473195061,5,2,21
12853.0,2496228891,0,0,15
12853.0,cluster_12013799525_12013799526_2496228894,0,0,15
12853.0,cluster_12013799527_12013799528_2190601967,0,0,15
12853.0,cluster_12013799529_12013799530_473195061,5,2,23
12854.0,2496228891,0,0,15
12854.0,cluster_12013799525_12013799526_2496228894,0,0,15
12854.0,cluster_12013799527_12013799528_2190601967,0,0,15
12854.0,cluster_12013799529_12013799530_473195061,5,2,21
12855.0,2496228891,0,0,15
12855.0,cluster_12013799525_12013799526_2496228894,0,0,15
12855.0,cluster_12013799527_12013799528_2190601967,0,0,15
12855.0,cluster_12013799529_12013799530_473195061,4,2,21
12856.0,2496228891,0,0,15
12856.0,cluster_12013799525_12013799526_2496228894,0,0,15
12856.0,cluster_12013799529_12013799530_473195061,4,2,21
12857.0,2496228891,2,0,15
12857.0,cluster_12013799525_12013799526_2496228894,0,0,15
12857.0,cluster_12013799529_12013799530_473195061,3,2,15
12858.0,2496228891,2,0,15
12858.0,cluster_12013799529_12013799530_473195061,3,2,15
12859.0,2496228891,2,0,15
12859.0,cluster_12013799527_12013799528_2190601967,2,2,15
12859.0,cluster_12013799529_12013799530_473195061,2,2,15
12860.0,2496228891,2,0,15
12860.0,cluster_12013799527_12013799528_2190601967,1,2,15
12860.0,cluster_12013799529_12013799530_473195061,2,2,15
12861.0,cluster_12013799525_12013799526_2496228894,5,2,21
12861.0,cluster_12013799527_12013799528_2190601967,1,2,15
12861.0,cluster_12013799529_12013799530_473195061,2,2,15
12862.0,cluster_12013799525_12013799526_2496228894,4,2,21
12862.0,cluster_12013799527_12013799528_2190601967,1,2,15
12863.0,cluster_12013799525_12013799526_2496228894,4,2,21
12863.0,cluster_12013799527_12013799528_2190601967,0,2,15
12864.0,2496228891,0,2,15
12864.0,cluster_12013799525_12013799526_2496228894,4,2,21
12864.0,cluster_12013799527_12013799528_2190601967,0,2,15
12865.0,2496228891,0,2,15
12865.0,cluster_12013799525_12013799526_2496228894,4,2,21
12865.0,cluster_12013799527_12013799528_2190601967,0,2,15
12865.0,cluster_12013799529_12013799530_473195061,0,0,15
12866.0,2496228891,0,2,15
12866.0,cluster_12013799525_12013799526_2496228894,2,2,15
12866.0,cluster_12013799527_12013799528_2190601967,1,2,15
12866.0,cluster_12013799529_12013799530_473195061,0,0,15
12867.0,2496228891,0,2,15
12867.0,cluster_12013799525_12013799526_2496228894,2,2,15
12867.0,cluster_12013799527_12013799528_2190601967,1,2,15
12867.0,cluster_12013799529_12013799530_473195061,0,0,15
12868.0,2496228891,0,2,15
12868.0,cluster_12013799525_12013799526_2496228894,1,2,15
12868.0,cluster_12013799527_12013799528_2190601967,1,2,15
12868.0,cluster_12013799529_12013799530_473195061,0,0,15
12869.0,2496228891,0,2,15
12869.0,cluster_12013799525_12013799526_2496228894,1,2,15
12869.0,cluster_12013799527_12013799528_2190601967,2,2,15
12869.0,cluster_12013799529_12013799530_473195061,0,0,15
12870.0,2496228891,0,2,15
12870.0,cluster_12013799525_12013799526_2496228894,1,2,15
12870.0,cluster_12013799527_12013799528_2190601967,2,2,15
12870.0,cluster_12013799529_12013799530_473195061,0,0,15
12871.0,2496228891,0,2,15
12871.0,cluster_12013799525_12013799526_2496228894,0,2,15
12871.0,cluster_12013799527_12013799528_2190601967,2,2,15
12871.0,cluster_12013799529_12013799530_473195061,0,0,15
12872.0,2496228891,0,2,15
12872.0,cluster_12013799525_12013799526_2496228894,0,2,15
12872.0,cluster_12013799527_12013799528_2190601967,2,2,15
12872.0,cluster_12013799529_12013799530_473195061,0,0,15
12873.0,2496228891,0,2,15
12873.0,cluster_12013799525_12013799526_2496228894,0,2,15
12873.0,cluster_12013799527_12013799528_2190601967,3,2,15
12873.0,cluster_12013799529_12013799530_473195061,0,0,15
12874.0,2496228891,0,2,15
12874.0,cluster_12013799525_12013799526_2496228894,0,2,15
12874.0,cluster_12013799527_12013799528_2190601967,3,2,15
12874.0,cluster_12013799529_12013799530_473195061,0,0,15
12875.0,2496228891,0,2,15
12875.0,cluster_12013799525_12013799526_2496228894,0,2,15
12875.0,cluster_12013799529_12013799530_473195061,0,0,15
12876.0,2496228891,0,2,15
12876.0,cluster_12013799525_12013799526_2496228894,0,2,15
12876.0,cluster_12013799529_12013799530_473195061,0,0,15
12877.0,2496228891,0,2,15
12877.0,cluster_12013799525_12013799526_2496228894,0,2,15
12877.0,cluster_12013799529_12013799530_473195061,0,0,15
12878.0,2496228891,0,2,15
12878.0,cluster_12013799525_12013799526_2496228894,0,2,15
12878.0,cluster_12013799527_12013799528_2190601967,0,0,15
12878.0,cluster_12013799529_12013799530_473195061,0,0,15
12879.0,2496228891,0,2,15
12879.0,cluster_12013799525_12013799526_2496228894,0,2,15
12879.0,cluster_12013799527_12013799528_2190601967,0,0,15
12879.0,cluster_12013799529_12013799530_473195061,0,0,15
12880.0,cluster_12013799525_12013799526_2496228894,0,2,15
12880.0,cluster_12013799527_12013799528_2190601967,0,0,15
12880.0,cluster_12013799529_12013799530_473195061,0,0,15
12881.0,cluster_12013799525_12013799526_2496228894,0,2,15
12881.0,cluster_12013799527_12013799528_2190601967,0,0,15
12882.0,cluster_12013799525_12013799526_2496228894,0,2,15
12882.0,cluster_12013799527_12013799528_2190601967,0,0,15
12883.0,2496228891,1,0,15
12883.0,cluster_12013799527_12013799528_2190601967,0,0,15
12884.0,2496228891,1,0,15
12884.0,cluster_12013799527_12013799528_2190601967,0,0,15
12884.0,cluster_12013799529_12013799530_473195061,3,2,15
12885.0,2496228891,1,0,15
12885.0,cluster_12013799527_12013799528_2190601967,0,0,15
12885.0,cluster_12013799529_12013799530_473195061,2,2,15
12886.0,2496228891,1,0,15
12886.0,cluster_12013799525_12013799526_2496228894,0,0,15
12886.0,cluster_12013799527_12013799528_2190601967,0,0,15
12886.0,cluster_12013799529_12013799530_473195061,2,2,15
12887.0,2496228891,1,0,15
12887.0,cluster_12013799525_12013799526_2496228894,0,0,15
12887.0,cluster_12013799527_12013799528_2190601967,0,0,15
12887.0,cluster_12013799529_12013799530_473195061,2,2,15
12888.0,2496228891,0,0,15
12888.0,cluster_12013799525_12013799526_2496228894,0,0,15
12888.0,cluster_12013799527_12013799528_2190601967,0,0,15
12888.0,cluster_12013799529_12013799530_473195061,2,2,15
12889.0,2496228891,0,0,15
12889.0,cluster_12013799525_12013799526_2496228894,0,0,15
12889.0,cluster_12013799527_12013799528_2190601967,0,0,15
12889.0,cluster_12013799529_12013799530_473195061,1,2,15
12890.0,2496228891,0,0,15
12890.0,cluster_12013799525_12013799526_2496228894,0,0,15
12890.0,cluster_12013799527_12013799528_2190601967,0,0,15
12890.0,cluster_12013799529_12013799530_473195061,1,2,15
12891.0,2496228891,0,0,15
12891.0,cluster_12013799525_12013799526_2496228894,0,0,15
12891.0,cluster_12013799527_12013799528_2190601967,0,0,15
12891.0,cluster_12013799529_12013799530_473195061,1,2,15
12892.0,2496228891,0,0,15
12892.0,cluster_12013799525_12013799526_2496228894,0,0,15
12892.0,cluster_12013799527_12013799528_2190601967,0,0,15
12892.0,cluster_12013799529_12013799530_473195061,0,2,15
12893.0,2496228891,2,0,15
12893.0,cluster_12013799525_12013799526_2496228894,0,0,15
12893.0,cluster_12013799527_12013799528_2190601967,0,0,15
12893.0,cluster_12013799529_12013799530_473195061,0,2,15
12894.0,2496228891,2,0,15
12894.0,cluster_12013799525_12013799526_2496228894,0,0,15
12894.0,cluster_12013799529_12013799530_473195061,0,2,15
12895.0,2496228891,2,0,15
12895.0,cluster_12013799525_12013799526_2496228894,0,0,15
12895.0,cluster_12013799529_12013799530_473195061,0,2,15
12896.0,2496228891,2,0,15
12896.0,cluster_12013799525_12013799526_2496228894,0,0,15
12896.0,cluster_12013799529_12013799530_473195061,0,2,15
12897.0,2496228891,2,0,15
12897.0,cluster_12013799525_12013799526_2496228894,0,0,15
12897.0,cluster_12013799527_12013799528_2190601967,2,2,15
12897.0,cluster_12013799529_12013799530_473195061,0,2,15
12898.0,2496228891,0,0,15
12898.0,cluster_12013799525_12013799526_2496228894,0,0,15
12898.0,cluster_12013799527_12013799528_2190601967,1,2,15
12898.0,cluster_12013799529_12013799530_473195061,0,2,15
12899.0,cluster_12013799525_12013799526_2496228894,0,0,15
12899.0,cluster_12013799527_12013799528_2190601967,1,2,15
12899.0,cluster_12013799529_12013799530_473195061,0,2,15
12900.0,cluster_12013799525_12013799526_2496228894,0,0,15
12900.0,cluster_12013799527_12013799528_2190601967,1,2,15
12901.0,cluster_12013799525_12013799526_2496228894,1,0,15
12901.0,cluster_12013799527_12013799528_2190601967,1,2,15
12902.0,2496228891,1,2,15
12902.0,cluster_12013799527_12013799528_2190601967,1,2,15
12903.0,2496228891,1,2,15
12903.0,cluster_12013799527_12013799528_2190601967,1,2,15
12903.0,cluster_12013799529_12013799530_473195061,1,0,15
12904.0,2496228891,1,2,15
12904.0,cluster_12013799527_12013799528_2190601967,1,2,15
12904.0,cluster_12013799529_12013799530_473195061,1,0,15
12905.0,2496228891,2,2,15
12905.0,cluster_12013799525_12013799526_2496228894,3,2,15
12905.0,cluster_12013799527_12013799528_2190601967,2,2,15
12905.0,cluster_12013799529_12013799530_473195061,2,0,15
12906.0,2496228891,2,2,15
12906.0,cluster_12013799525_12013799526_2496228894,2,2,15
12906.0,cluster_12013799527_12013799528_2190601967,2,2,15
12906.0,cluster_12013799529_12013799530_473195061,2,0,15
12907.0,2496228891,2,2,15
12907.0,cluster_12013799525_12013799526_2496228894,2,2,15
12907.0,cluster_12013799527_12013799528_2190601967,2,2,15
12907.0,cluster_12013799529_12013799530_473195061,2,0,15
12908.0,2496228891,2,2,15
12908.0,cluster_12013799525_12013799526_2496228894,2,2,15
12908.0,cluster_12013799527_12013799528_2190601967,2,2,15
12908.0,cluster_12013799529_12013799530_473195061,2,0,15
12909.0,2496228891,2,2,15
12909.0,cluster_12013799525_12013799526_2496228894,2,2,15
12909.0,cluster_12013799527_12013799528_2190601967,3,2,15
12909.0,cluster_12013799529_12013799530_473195061,3,0,15
12910.0,2496228891,3,2,15
12910.0,cluster_12013799525_12013799526_2496228894,3,2,15
12910.0,cluster_12013799527_12013799528_2190601967,3,2,15
12910.0,cluster_12013799529_12013799530_473195061,3,0,15
12911.0,2496228891,3,2,15
12911.0,cluster_12013799525_12013799526_2496228894,3,2,15
12911.0,cluster_12013799527_12013799528_2190601967,3,2,15
12911.0,cluster_12013799529_12013799530_473195061,3,0,15
12912.0,2496228891,3,2,15
12912.0,cluster_12013799525_12013799526_2496228894,3,2,15
12912.0,cluster_12013799527_12013799528_2190601967,3,2,15
12912.0,cluster_12013799529_12013799530_473195061,3,0,15
12913.0,2496228891,2,2,15
12913.0,cluster_12013799525_12013799526_2496228894,2,2,15
12913.0,cluster_12013799529_12013799530_473195061,4,0,23
12914.0,2496228891,3,2,15
12914.0,cluster_12013799525_12013799526_2496228894,3,2,15
12914.0,cluster_12013799529_12013799530_473195061,4,0,21
12915.0,2496228891,3,2,15
12915.0,cluster_12013799525_12013799526_2496228894,3,2,15
12915.0,cluster_12013799529_12013799530_473195061,4,0,21
12916.0,2496228891,3,2,15
12916.0,cluster_12013799525_12013799526_2496228894,3,2,15
12916.0,cluster_12013799527_12013799528_2190601967,4,0,21
12916.0,cluster_12013799529_12013799530_473195061,4,0,21
12917.0,2496228891,1,2,15
12917.0,cluster_12013799525_12013799526_2496228894,1,2,15
12917.0,cluster_12013799527_12013799528_2190601967,5,0,23
12917.0,cluster_12013799529_12013799530_473195061,5,0,23
12918.0,cluster_12013799525_12013799526_2496228894,3,2,15
12918.0,cluster_12013799527_12013799528_2190601967,5,0,21
12918.0,cluster_12013799529_12013799530_473195061,4,0,21
12919.0,cluster_12013799525_12013799526_2496228894,3,2,15
12919.0,cluster_12013799527_12013799528_2190601967,5,0,21
12920.0,cluster_12013799525_12013799526_2496228894,3,2,15
12920.0,cluster_12013799527_12013799528_2190601967,4,0,21
12921.0,2496228891,8,0,21
12921.0,cluster_12013799527_12013799528_2190601967,5,0,23
12922.0,2496228891,6,0,21
12922.0,cluster_12013799527_12013799528_2190601967,5,0,21
12922.0,cluster_12013799529_12013799530_473195061,5,2,21
12923.0,2496228891,6,0,21
12923.0,cluster_12013799527_12013799528_2190601967,4,0,21
12923.0,cluster_12013799529_12013799530_473195061,4,2,21
12924.0,2496228891,6,0,21
12924.0,cluster_12013799525_12013799526_2496228894,3,0,15
12924.0,cluster_12013799527_12013799528_2190601967,4,0,21
12924.0,cluster_12013799529_12013799530_473195061,4,2,21
12925.0,2496228891,4,0,21
12925.0,cluster_12013799525_12013799526_2496228894,3,0,15
12925.0,cluster_12013799527_12013799528_2190601967,4,0,21
12925.0,cluster_12013799529_12013799530_473195061,5,2,23
12926.0,2496228891,5,0,23
12926.0,cluster_12013799525_12013799526_2496228894,3,0,15
12926.0,cluster_12013799527_12013799528_2190601967,4,0,21
12926.0,cluster_12013799529_12013799530_473195061,5,2,21
12927.0,2496228891,5,0,21
12927.0,cluster_12013799525_12013799526_2496228894,3,0,15
12927.0,cluster_12013799527_12013799528_2190601967,4,0,21
12927.0,cluster_12013799529_12013799530_473195061,6,2,23
12928.0,2496228891,5,0,21
12928.0,cluster_12013799525_12013799526_2496228894,2,0,15
12928.0,cluster_12013799527_12013799528_2190601967,4,0,21
12928.0,cluster_12013799529_12013799530_473195061,6,2,21
12929.0,2496228891,5,0,21
12929.0,cluster_12013799525_12013799526_2496228894,2,0,15
12929.0,cluster_12013799527_12013799528_2190601967,4,0,21
12929.0,cluster_12013799529_12013799530_473195061,6,2,21
12930.0,2496228891,5,0,21
12930.0,cluster_12013799525_12013799526_2496228894,2,0,15
12930.0,cluster_12013799527_12013799528_2190601967,3,0,15
12930.0,cluster_12013799529_12013799530_473195061,5,2,21
12931.0,2496228891,4,0,21
12931.0,cluster_12013799525_12013799526_2496228894,1,0,15
12931.0,cluster_12013799527_12013799528_2190601967,3,0,15
12931.0,cluster_12013799529_12013799530_473195061,5,2,21
12932.0,2496228891,4,0,21
12932.0,cluster_12013799525_12013799526_2496228894,1,0,15
12932.0,cluster_12013799527_12013799528_2190601967,3,0,15
12932.0,cluster_12013799529_12013799530_473195061,6,2,23
12933.0,2496228891,4,0,21
12933.0,cluster_12013799525_12013799526_2496228894,1,0,15
12933.0,cluster_12013799527_12013799528_2190601967,3,0,15
12933.0,cluster_12013799529_12013799530_473195061,6,2,21
12934.0,2496228891,4,0,21
12934.0,cluster_12013799525_12013799526_2496228894,0,0,15
12934.0,cluster_12013799527_12013799528_2190601967,2,0,15
12934.0,cluster_12013799529_12013799530_473195061,5,2,21
12935.0,2496228891,4,0,21
12935.0,cluster_12013799525_12013799526_2496228894,0,0,15
12935.0,cluster_12013799527_12013799528_2190601967,2,0,15
12935.0,cluster_12013799529_12013799530_473195061,4,2,21
12936.0,2496228891,4,0,21
12936.0,cluster_12013799525_12013799526_2496228894,0,0,15
12936.0,cluster_12013799527_12013799528_2190601967,2,0,15
12936.0,cluster_12013799529_12013799530_473195061,4,2,21
12937.0,2496228891,4,0,21
12937.0,cluster_12013799525_12013799526_2496228894,0,0,15
12937.0,cluster_12013799527_12013799528_2190601967,2,0,15
12937.0,cluster_12013799529_12013799530_473195061,4,2,21
12938.0,2496228891,6,0,23
12938.0,cluster_12013799525_12013799526_2496228894,0,0,15
12938.0,cluster_12013799529_12013799530_473195061,4,2,21
12939.0,2496228891,6,0,21
12939.0,cluster_12013799525_12013799526_2496228894,0,0,15
12939.0,cluster_12013799529_12013799530_473195061,4,2,21
12940.0,2496228891,6,0,21
12940.0,cluster_12013799529_12013799530_473195061,4,2,21
12941.0,2496228891,6,0,21
12941.0,cluster_12013799527_12013799528_2190601967,4,2,21
12941.0,cluster_12013799529_12013799530_473195061,4,2,21
12942.0,2496228891,4,0,21
12942.0,cluster_12013799527_12013799528_2190601967,2,2,15
12942.0,cluster_12013799529_12013799530_473195061,3,2,15
12943.0,cluster_12013799525_12013799526_2496228894,2,2,15
12943.0,cluster_12013799527_12013799528_2190601967,3,2,15
12943.0,cluster_12013799529_12013799530_473195061,3,2,15
12944.0,cluster_12013799525_12013799526_2496228894,2,2,15
12944.0,cluster_12013799527_12013799528_2190601967,2,2,15
12945.0,cluster_12013799525_12013799526_2496228894,2,2,15
12945.0,cluster_12013799527_12013799528_2190601967,1,2,15
12946.0,2496228891,2,2,15
12946.0,cluster_12013799525_12013799526_2496228894,2,2,15
12946.0,cluster_12013799527_12013799528_2190601967,1,2,15
12947.0,2496228891,1,2,15
12947.0,cluster_12013799525_12013799526_2496228894,1,2,15
12947.0,cluster_12013799527_12013799528_2190601967,1,2,15
12947.0,cluster_12013799529_12013799530_473195061,4,0,21
12948.0,2496228891,1,2,15
12948.0,cluster_12013799525_12013799526_2496228894,1,2,15
12948.0,cluster_12013799527_12013799528_2190601967,0,2,15
12948.0,cluster_12013799529_12013799530_473195061,3,0,15
12949.0,2496228891,1,2,15
12949.0,cluster_12013799525_12013799526_2496228894,1,2,15
12949.0,cluster_12013799527_12013799528_2190601967,0,2,15
12949.0,cluster_12013799529_12013799530_473195061,3,0,15
12950.0,2496228891,1,2,15
12950.0,cluster_12013799525_12013799526_2496228894,1,2,15
12950.0,cluster_12013799527_12013799528_2190601967,0,2,15
12950.0,cluster_12013799529_12013799530_473195061,3,0,15
12951.0,2496228891,0,2,15
12951.0,cluster_12013799525_12013799526_2496228894,1,2,15
12951.0,cluster_12013799527_12013799528_2190601967,0,2,15
12951.0,cluster_12013799529_12013799530_473195061,2,0,15
12952.0,2496228891,0,2,15
12952.0,cluster_12013799525_12013799526_2496228894,1,2,15
12952.0,cluster_12013799527_12013799528_2190601967,0,2,15
12952.0,cluster_12013799529_12013799530_473195061,2,0,15
12953.0,2496228891,0,2,15
12953.0,cluster_12013799525_12013799526_2496228894,1,2,15
12953.0,cluster_12013799527_12013799528_2190601967,0,2,15
12953.0,cluster_12013799529_12013799530_473195061,2,0,15
12954.0,2496228891,0,2,15
12954.0,cluster_12013799525_12013799526_2496228894,2,2,15
12954.0,cluster_12013799527_12013799528_2190601967,0,2,15
12954.0,cluster_12013799529_12013799530_473195061,1,0,15
12955.0,2496228891,0,2,15
12955.0,cluster_12013799525_12013799526_2496228894,2,2,15
12955.0,cluster_12013799527_12013799528_2190601967,0,2,15
12955.0,cluster_12013799529_12013799530_473195061,1,0,15
12956.0,2496228891,0,2,15
12956.0,cluster_12013799525_12013799526_2496228894,2,2,15
12956.0,cluster_12013799527_12013799528_2190601967,0,2,15
12956.0,cluster_12013799529_12013799530_473195061,1,0,15
12957.0,2496228891,0,2,15
12957.0,cluster_12013799525_12013799526_2496228894,2,2,15
12957.0,cluster_12013799527_12013799528_2190601967,0,2,15
12957.0,cluster_12013799529_12013799530_473195061,0,0,15
12958.0,2496228891,0,2,15
12958.0,cluster_12013799525_12013799526_2496228894,2,2,15
12958.0,cluster_12013799527_12013799528_2190601967,0,2,15
12958.0,cluster_12013799529_12013799530_473195061,0,0,15
12959.0,2496228891,0,2,15
12959.0,cluster_12013799527_12013799528_2190601967,0,2,15
12959.0,cluster_12013799529_12013799530_473195061,0,0,15
12960.0,2496228891,0,2,15
12960.0,cluster_12013799527_12013799528_2190601967,0,2,15
12960.0,cluster_12013799529_12013799530_473195061,0,0,15
12961.0,2496228891,0,2,15
12961.0,cluster_12013799527_12013799528_2190601967,0,2,15
12961.0,cluster_12013799529_12013799530_473195061,0,0,15
12962.0,cluster_12013799525_12013799526_2496228894,0,0,15
12962.0,cluster_12013799527_12013799528_2190601967,0,2,15
12962.0,cluster_12013799529_12013799530_473195061,0,0,15
12963.0,cluster_12013799525_12013799526_2496228894,0,0,15
12963.0,cluster_12013799529_12013799530_473195061,0,0,15
12964.0,cluster_12013799525_12013799526_2496228894,0,0,15
12964.0,cluster_12013799529_12013799530_473195061,0,0,15
12965.0,2496228891,5,0,21
12965.0,cluster_12013799525_12013799526_2496228894,0,0,15
12965.0,cluster_12013799529_12013799530_473195061,0,0,15
12966.0,2496228891,4,0,23
12966.0,cluster_12013799525_12013799526_2496228894,0,0,15
12966.0,cluster_12013799527_12013799528_2190601967,2,0,15
12966.0,cluster_12013799529_12013799530_473195061,0,0,15
12967.0,2496228891,4,0,23
12967.0,cluster_12013799525_12013799526_2496228894,0,0,15
12967.0,cluster_12013799527_12013799528_2190601967,1,0,15
12967.0,cluster_12013799529_12013799530_473195061,0,0,15
12968.0,2496228891,4,0,21
12968.0,cluster_12013799525_12013799526_2496228894,0,0,15
12968.0,cluster_12013799527_12013799528_2190601967,1,0,15
12968.0,cluster_12013799529_12013799530_473195061,0,0,15
12969.0,2496228891,2,0,15
12969.0,cluster_12013799525_12013799526_2496228894,0,0,15
12969.0,cluster_12013799527_12013799528_2190601967,1,0,15
12970.0,2496228891,2,0,15
12970.0,cluster_12013799525_12013799526_2496228894,0,0,15
12970.0,cluster_12013799527_12013799528_2190601967,1,0,15
12971.0,2496228891,2,0,15
12971.0,cluster_12013799525_12013799526_2496228894,0,0,15
12971.0,cluster_12013799527_12013799528_2190601967,0,0,15
12972.0,2496228891,1,0,15
12972.0,cluster_12013799525_12013799526_2496228894,0,0,15
12972.0,cluster_12013799527_12013799528_2190601967,0,0,15
12972.0,cluster_12013799529_12013799530_473195061,4,2,21
12973.0,2496228891,1,0,15
12973.0,cluster_12013799525_12013799526_2496228894,0,0,15
12973.0,cluster_12013799527_12013799528_2190601967,0,0,15
12973.0,cluster_12013799529_12013799530_473195061,3,2,15
12974.0,2496228891,1,0,15
12974.0,cluster_12013799525_12013799526_2496228894,0,0,15
12974.0,cluster_12013799527_12013799528_2190601967,0,0,15
12974.0,cluster_12013799529_12013799530_473195061,3,2,15
12975.0,2496228891,0,0,15
12975.0,cluster_12013799525_12013799526_2496228894,0,0,15
12975.0,cluster_12013799527_12013799528_2190601967,0,0,15
12975.0,cluster_12013799529_12013799530_473195061,4,2,23
12976.0,2496228891,0,0,15
12976.0,cluster_12013799525_12013799526_2496228894,0,0,15
12976.0,cluster_12013799527_12013799528_2190601967,0,0,15
12976.0,cluster_12013799529_12013799530_473195061,3,2,15
12977.0,2496228891,0,0,15
12977.0,cluster_12013799525_12013799526_2496228894,0,0,15
12977.0,cluster_12013799527_12013799528_2190601967,0,0,15
12977.0,cluster_12013799529_12013799530_473195061,3,2,15
12978.0,2496228891,0,0,15
12978.0,cluster_12013799527_12013799528_2190601967,0,0,15
12978.0,cluster_12013799529_12013799530_473195061,3,2,15
12979.0,2496228891,2,0,15
12979.0,cluster_12013799527_12013799528_2190601967,0,0,15
12979.0,cluster_12013799529_12013799530_473195061,2,2,15
12980.0,2496228891,2,0,15
12980.0,cluster_12013799527_12013799528_2190601967,0,0,15
12980.0,cluster_12013799529_12013799530_473195061,2,2,15
12981.0,2496228891,2,0,15
12981.0,cluster_12013799525_12013799526_2496228894,6,2,21
12981.0,cluster_12013799527_12013799528_2190601967,0,0,15
12981.0,cluster_12013799529_12013799530_473195061,2,2,15
12982.0,2496228891,2,0,15
12982.0,cluster_12013799525_12013799526_2496228894,5,2,21
12982.0,cluster_12013799529_12013799530_473195061,2,2,15
12983.0,2496228891,3,0,15
12983.0,cluster_12013799525_12013799526_2496228894,5,2,21
12983.0,cluster_12013799529_12013799530_473195061,1,2,15
12984.0,2496228891,1,0,15
12984.0,cluster_12013799525_12013799526_2496228894,4,2,21
12984.0,cluster_12013799529_12013799530_473195061,1,2,15
12985.0,2496228891,2,0,15
12985.0,cluster_12013799525_12013799526_2496228894,3,2,15
12985.0,cluster_12013799527_12013799528_2190601967,0,2,15
12985.0,cluster_12013799529_12013799530_473195061,0,2,15
12986.0,2496228891,3,0,15
12986.0,cluster_12013799525_12013799526_2496228894,3,2,15
12986.0,cluster_12013799527_12013799528_2190601967,1,2,15
12986.0,cluster_12013799529_12013799530_473195061,0,2,15
12987.0,cluster_12013799525_12013799526_2496228894,3,2,15
12987.0,cluster_12013799527_12013799528_2190601967,1,2,15
12987.0,cluster_12013799529_12013799530_473195061,0,2,15
12988.0,cluster_12013799525_12013799526_2496228894,2,2,15
12988.0,cluster_12013799527_12013799528_2190601967,1,2,15
12988.0,cluster_12013799529_12013799530_473195061,0,2,15
12989.0,cluster_12013799525_12013799526_2496228894,2,2,15
12989.0,cluster_12013799527_12013799528_2190601967,2,2,15
12989.0,cluster_12013799529_12013799530_473195061,0,2,15
12990.0,2496228891,0,2,15
12990.0,cluster_12013799525_12013799526_2496228894,2,2,15
12990.0,cluster_12013799527_12013799528_2190601967,2,2,15
12990.0,cluster_12013799529_12013799530_473195061,0,2,15
12991.0,2496228891,0,2,15
12991.0,cluster_12013799525_12013799526_2496228894,1,2,15
12991.0,cluster_12013799527_12013799528_2190601967,2,2,15
12991.0,cluster_12013799529_12013799530_473195061,0,2,15
12992.0,2496228891,0,2,15
12992.0,cluster_12013799525_12013799526_2496228894,0,2,15
12992.0,cluster_12013799527_12013799528_2190601967,1,2,15
12992.0,cluster_12013799529_12013799530_473195061,0,2,15
12993.0,2496228891,0,2,15
12993.0,cluster_12013799525_12013799526_2496228894,0,2,15
12993.0,cluster_12013799527_12013799528_2190601967,2,2,15
12993.0,cluster_12013799529_12013799530_473195061,0,2,15
12994.0,2496228891,0,2,15
12994.0,cluster_12013799525_12013799526_2496228894,0,2,15
12994.0,cluster_12013799527_12013799528_2190601967,1,2,15
12995.0,2496228891,0,2,15
12995.0,cluster_12013799525_12013799526_2496228894,0,2,15
12995.0,cluster_12013799527_12013799528_2190601967,3,2,15
12996.0,2496228891,0,2,15
12996.0,cluster_12013799525_12013799526_2496228894,0,2,15
12996.0,cluster_12013799527_12013799528_2190601967,3,2,15
12997.0,2496228891,0,2,15
12997.0,cluster_12013799525_12013799526_2496228894,0,2,15
12997.0,cluster_12013799527_12013799528_2190601967,2,2,15
12997.0,cluster_12013799529_12013799530_473195061,0,0,15
12998.0,2496228891,0,2,15
12998.0,cluster_12013799525_12013799526_2496228894,0,2,15
12998.0,cluster_12013799527_12013799528_2190601967,2,2,15
12998.0,cluster_12013799529_12013799530_473195061,0,0,15
12999.0,2496228891,0,2,15
12999.0,cluster_12013799525_12013799526_2496228894,0,2,15
12999.0,cluster_12013799527_12013799528_2190601967,1,2,15
12999.0,cluster_12013799529_12013799530_473195061,0,0,15
13000.0,2496228891,0,2,15
13000.0,cluster_12013799525_12013799526_2496228894,0,2,15
13000.0,cluster_12013799527_12013799528_2190601967,1,2,15
13000.0,cluster_12013799529_12013799530_473195061,0,0,15
13001.0,2496228891,1,2,15
13001.0,cluster_12013799525_12013799526_2496228894,1,2,15
13001.0,cluster_12013799529_12013799530_473195061,1,0,15
13002.0,2496228891,1,2,15
13002.0,cluster_12013799525_12013799526_2496228894,1,2,15
13002.0,cluster_12013799529_12013799530_473195061,1,0,15
13003.0,2496228891,1,2,15
13003.0,cluster_12013799529_12013799530_473195061,1,0,15
13004.0,2496228891,1,2,15
13004.0,cluster_12013799527_12013799528_2190601967,1,0,15
13004.0,cluster_12013799529_12013799530_473195061,1,0,15
13005.0,2496228891,2,2,15
13005.0,cluster_12013799527_12013799528_2190601967,2,0,15
13005.0,cluster_12013799529_12013799530_473195061,2,0,15
13006.0,cluster_12013799525_12013799526_2496228894,2,0,15
13006.0,cluster_12013799527_12013799528_2190601967,2,0,15
13006.0,cluster_12013799529_12013799530_473195061,2,0,15
13007.0,cluster_12013799525_12013799526_2496228894,2,0,15
13007.0,cluster_12013799527_12013799528_2190601967,2,0,15
13007.0,cluster_12013799529_12013799530_473195061,2,0,15
13008.0,cluster_12013799525_12013799526_2496228894,2,0,15
13008.0,cluster_12013799527_12013799528_2190601967,2,0,15
13008.0,cluster_12013799529_12013799530_473195061,2,0,15
13009.0,2496228891,5,0,21
13009.0,cluster_12013799525_12013799526_2496228894,3,0,15
13009.0,cluster_12013799527_12013799528_2190601967,3,0,15
13009.0,cluster_12013799529_12013799530_473195061,3,0,15
13010.0,2496228891,4,0,21
13010.0,cluster_12013799525_12013799526_2496228894,3,0,15
13010.0,cluster_12013799527_12013799528_2190601967,3,0,15
13010.0,cluster_12013799529_12013799530_473195061,3,0,15
13011.0,2496228891,4,0,23
13011.0,cluster_12013799525_12013799526_2496228894,2,0,15
13011.0,cluster_12013799527_12013799528_2190601967,3,0,15
13011.0,cluster_12013799529_12013799530_473195061,3,0,15
13012.0,2496228891,4,0,21
13012.0,cluster_12013799525_12013799526_2496228894,2,0,15
13012.0,cluster_12013799527_12013799528_2190601967,3,0,15
13012.0,cluster_12013799529_12013799530_473195061,3,0,15
13013.0,2496228891,5,0,23
13013.0,cluster_12013799525_12013799526_2496228894,3,0,15
13013.0,cluster_12013799527_12013799528_2190601967,3,0,15
13014.0,2496228891,4,0,21
13014.0,cluster_12013799525_12013799526_2496228894,2,0,15
13014.0,cluster_12013799527_12013799528_2190601967,4,0,23
13015.0,2496228891,4,0,21
13015.0,cluster_12013799525_12013799526_2496228894,2,0,15
13015.0,cluster_12013799527_12013799528_2190601967,4,0,21
13016.0,2496228891,4,0,21
13016.0,cluster_12013799525_12013799526_2496228894,2,0,15
13016.0,cluster_12013799527_12013799528_2190601967,4,0,21
13016.0,cluster_12013799529_12013799530_473195061,5,2,21
13017.0,2496228891,5,0,23
13017.0,cluster_12013799525_12013799526_2496228894,2,0,15
13017.0,cluster_12013799527_12013799528_2190601967,4,0,21
13017.0,cluster_12013799529_12013799530_473195061,4,2,21
13018.0,2496228891,5,0,21
13018.0,cluster_12013799525_12013799526_2496228894,1,0,15
13018.0,cluster_12013799527_12013799528_2190601967,5,0,23
13018.0,cluster_12013799529_12013799530_473195061,5,2,21
13019.0,2496228891,5,0,21
13019.0,cluster_12013799525_12013799526_2496228894,1,0,15
13019.0,cluster_12013799527_12013799528_2190601967,4,0,21
13019.0,cluster_12013799529_12013799530_473195061,4,2,21
13020.0,2496228891,5,0,21
13020.0,cluster_12013799525_12013799526_2496228894,1,0,15
13020.0,cluster_12013799529_12013799530_473195061,4,2,21
13021.0,2496228891,5,0,21
13021.0,cluster_12013799525_12013799526_2496228894,1,0,15
13021.0,cluster_12013799529_12013799530_473195061,4,2,21
13022.0,2496228891,5,0,21
13022.0,cluster_12013799529_12013799530_473195061,5,2,23
13023.0,2496228891,5,0,21
13023.0,cluster_12013799527_12013799528_2190601967,4,2,21
13023.0,cluster_12013799529_12013799530_473195061,5,2,21
13024.0,2496228891,5,0,21
13024.0,cluster_12013799527_12013799528_2190601967,4,2,21
13024.0,cluster_12013799529_12013799530_473195061,5,2,21
13025.0,2496228891,5,0,21
13025.0,cluster_12013799525_12013799526_2496228894,4,2,21
13025.0,cluster_12013799527_12013799528_2190601967,4,2,21
13025.0,cluster_12013799529_12013799530_473195061,5,2,21
13026.0,2496228891,5,0,21
13026.0,cluster_12013799525_12013799526_2496228894,3,2,15
13026.0,cluster_12013799527_12013799528_2190601967,3,2,15
13026.0,cluster_12013799529_12013799530_473195061,6,2,23
13027.0,2496228891,5,0,21
13027.0,cluster_12013799525_12013799526_2496228894,3,2,15
13027.0,cluster_12013799527_12013799528_2190601967,3,2,15
13027.0,cluster_12013799529_12013799530_473195061,6,2,21
13028.0,2496228891,5,0,21
13028.0,cluster_12013799525_12013799526_2496228894,3,2,15
13028.0,cluster_12013799527_12013799528_2190601967,3,2,15
13028.0,cluster_12013799529_12013799530_473195061,6,2,21
13029.0,2496228891,5,0,21
13029.0,cluster_12013799525_12013799526_2496228894,3,2,15
13029.0,cluster_12013799527_12013799528_2190601967,2,2,15
13029.0,cluster_12013799529_12013799530_473195061,6,2,21
13030.0,2496228891,5,0,21
13030.0,cluster_12013799525_12013799526_2496228894,3,2,15
13030.0,cluster_12013799527_12013799528_2190601967,2,2,15
13030.0,cluster_12013799529_12013799530_473195061,7,2,23
13031.0,cluster_12013799525_12013799526_2496228894,3,2,15
13031.0,cluster_12013799527_12013799528_2190601967,2,2,15
13031.0,cluster_12013799529_12013799530_473195061,7,2,21
13032.0,cluster_12013799525_12013799526_2496228894,3,2,15
13032.0,cluster_12013799527_12013799528_2190601967,1,2,15
13032.0,cluster_12013799529_12013799530_473195061,7,2,21
13033.0,cluster_12013799525_12013799526_2496228894,3,2,15
13033.0,cluster_12013799527_12013799528_2190601967,1,2,15
13033.0,cluster_12013799529_12013799530_473195061,7,2,21
13034.0,2496228891,3,2,15
13034.0,cluster_12013799525_12013799526_2496228894,3,2,15
13034.0,cluster_12013799527_12013799528_2190601967,1,2,15
13034.0,cluster_12013799529_12013799530_473195061,8,2,24
13035.0,2496228891,2,2,15
13035.0,cluster_12013799525_12013799526_2496228894,2,2,15
13035.0,cluster_12013799527_12013799528_2190601967,1,2,15
13035.0,cluster_12013799529_12013799530_473195061,8,2,21
13036.0,2496228891,2,2,15
13036.0,cluster_12013799525_12013799526_2496228894,2,2,15
13036.0,cluster_12013799527_12013799528_2190601967,1,2,15
13036.0,cluster_12013799529_12013799530_473195061,8,2,21
13037.0,2496228891,2,2,15
13037.0,cluster_12013799525_12013799526_2496228894,2,2,15
13037.0,cluster_12013799527_12013799528_2190601967,1,2,15
13037.0,cluster_12013799529_12013799530_473195061,8,2,24
13038.0,2496228891,2,2,15
13038.0,cluster_12013799525_12013799526_2496228894,2,2,15
13038.0,cluster_12013799527_12013799528_2190601967,1,2,15
13039.0,2496228891,1,2,15
13039.0,cluster_12013799525_12013799526_2496228894,2,2,15
13039.0,cluster_12013799527_12013799528_2190601967,1,2,15
13040.0,2496228891,1,2,15
13040.0,cluster_12013799525_12013799526_2496228894,2,2,15
13040.0,cluster_12013799527_12013799528_2190601967,1,2,15
13041.0,2496228891,1,2,15
13041.0,cluster_12013799525_12013799526_2496228894,2,2,15
13041.0,cluster_12013799527_12013799528_2190601967,1,2,15
13041.0,cluster_12013799529_12013799530_473195061,4,0,21
13042.0,2496228891,0,2,15
13042.0,cluster_12013799525_12013799526_2496228894,2,2,15
13042.0,cluster_12013799527_12013799528_2190601967,1,2,15
13042.0,cluster_12013799529_12013799530_473195061,4,0,21
13043.0,2496228891,0,2,15
13043.0,cluster_12013799525_12013799526_2496228894,2,2,15
13043.0,cluster_12013799527_12013799528_2190601967,1,2,15
13043.0,cluster_12013799529_12013799530_473195061,4,0,21
13044.0,2496228891,0,2,15
13044.0,cluster_12013799525_12013799526_2496228894,3,2,15
13044.0,cluster_12013799527_12013799528_2190601967,1,2,15
13044.0,cluster_12013799529_12013799530_473195061,4,0,21
13045.0,2496228891,0,2,15
13045.0,cluster_12013799525_12013799526_2496228894,3,2,15
13045.0,cluster_12013799529_12013799530_473195061,3,0,15
13046.0,2496228891,0,2,15
13046.0,cluster_12013799525_12013799526_2496228894,3,2,15
13046.0,cluster_12013799529_12013799530_473195061,3,0,15
13047.0,2496228891,0,2,15
13047.0,cluster_12013799529_12013799530_473195061,3,0,15
13048.0,2496228891,0,2,15
13048.0,cluster_12013799527_12013799528_2190601967,6,0,21
13048.0,cluster_12013799529_12013799530_473195061,2,0,15
13049.0,2496228891,0,2,15
13049.0,cluster_12013799527_12013799528_2190601967,5,0,21
13049.0,cluster_12013799529_12013799530_473195061,2,0,15
13050.0,cluster_12013799525_12013799526_2496228894,0,0,15
13050.0,cluster_12013799527_12013799528_2190601967,5,0,21
13050.0,cluster_12013799529_12013799530_473195061,1,0,15
13051.0,cluster_12013799525_12013799526_2496228894,0,0,15
13051.0,cluster_12013799527_12013799528_2190601967,5,0,21
13051.0,cluster_12013799529_12013799530_473195061,1,0,15
13052.0,cluster_12013799525_12013799526_2496228894,0,0,15
13052.0,cluster_12013799527_12013799528_2190601967,5,0,21
13052.0,cluster_12013799529_12013799530_473195061,1,0,15
13053.0,2496228891,1,0,15
13053.0,cluster_12013799525_12013799526_2496228894,0,0,15
13053.0,cluster_12013799527_12013799528_2190601967,4,0,21
13053.0,cluster_12013799529_12013799530_473195061,0,0,15
13054.0,2496228891,1,0,15
13054.0,cluster_12013799525_12013799526_2496228894,0,0,15
13054.0,cluster_12013799527_12013799528_2190601967,4,0,21
13054.0,cluster_12013799529_12013799530_473195061,0,0,15
13055.0,2496228891,2,0,15
13055.0,cluster_12013799525_12013799526_2496228894,0,0,15
13055.0,cluster_12013799527_12013799528_2190601967,3,0,15
13055.0,cluster_12013799529_12013799530_473195061,0,0,15
13056.0,2496228891,3,0,15
13056.0,cluster_12013799525_12013799526_2496228894,0,0,15
13056.0,cluster_12013799527_12013799528_2190601967,3,0,15
13056.0,cluster_12013799529_12013799530_473195061,0,0,15
13057.0,2496228891,3,0,15
13057.0,cluster_12013799525_12013799526_2496228894,0,0,15
13057.0,cluster_12013799527_12013799528_2190601967,3,0,15
13057.0,cluster_12013799529_12013799530_473195061,0,0,15
13058.0,2496228891,2,0,15
13058.0,cluster_12013799525_12013799526_2496228894,0,0,15
13058.0,cluster_12013799527_12013799528_2190601967,3,0,15
13058.0,cluster_12013799529_12013799530_473195061,0,0,15
13059.0,2496228891,3,0,15
13059.0,cluster_12013799525_12013799526_2496228894,0,0,15
13059.0,cluster_12013799527_12013799528_2190601967,2,0,15
13059.0,cluster_12013799529_12013799530_473195061,0,0,15
13060.0,2496228891,3,0,15
13060.0,cluster_12013799525_12013799526_2496228894,0,0,15
13060.0,cluster_12013799527_12013799528_2190601967,2,0,15
13060.0,cluster_12013799529_12013799530_473195061,0,0,15
13061.0,2496228891,3,0,15
13061.0,cluster_12013799525_12013799526_2496228894,0,0,15
13061.0,cluster_12013799527_12013799528_2190601967,1,0,15
13061.0,cluster_12013799529_12013799530_473195061,0,0,15
13062.0,2496228891,3,0,15
13062.0,cluster_12013799525_12013799526_2496228894,0,0,15
13062.0,cluster_12013799527_12013799528_2190601967,1,0,15
13062.0,cluster_12013799529_12013799530_473195061,0,0,15
13063.0,2496228891,3,0,15
13063.0,cluster_12013799525_12013799526_2496228894,0,0,15
13063.0,cluster_12013799527_12013799528_2190601967,0,0,15
13064.0,2496228891,2,0,15
13064.0,cluster_12013799525_12013799526_2496228894,0,0,15
13064.0,cluster_12013799527_12013799528_2190601967,0,0,15
13065.0,2496228891,2,0,15
13065.0,cluster_12013799525_12013799526_2496228894,0,0,15
13065.0,cluster_12013799527_12013799528_2190601967,0,0,15
13066.0,2496228891,1,0,15
13066.0,cluster_12013799527_12013799528_2190601967,0,0,15
13066.0,cluster_12013799529_12013799530_473195061,7,2,21
13067.0,2496228891,1,0,15
13067.0,cluster_12013799527_12013799528_2190601967,0,0,15
13067.0,cluster_12013799529_12013799530_473195061,6,2,21
13068.0,2496228891,0,0,15
13068.0,cluster_12013799527_12013799528_2190601967,0,0,15
13068.0,cluster_12013799529_12013799530_473195061,6,2,21
13069.0,cluster_12013799525_12013799526_2496228894,4,2,21
13069.0,cluster_12013799527_12013799528_2190601967,0,0,15
13069.0,cluster_12013799529_12013799530_473195061,6,2,21
13070.0,cluster_12013799525_12013799526_2496228894,4,2,23
13070.0,cluster_12013799529_12013799530_473195061,6,2,21
13071.0,cluster_12013799525_12013799526_2496228894,4,2,23
13071.0,cluster_12013799529_12013799530_473195061,4,2,21
13072.0,2496228891,0,2,15
13072.0,cluster_12013799525_12013799526_2496228894,4,2,21
13072.0,cluster_12013799529_12013799530_473195061,4,2,21
13073.0,2496228891,0,2,15
13073.0,cluster_12013799525_12013799526_2496228894,4,2,21
13073.0,cluster_12013799527_12013799528_2190601967,1,2,15
13073.0,cluster_12013799529_12013799530_473195061,2,2,15
13074.0,2496228891,0,2,15
13074.0,cluster_12013799525_12013799526_2496228894,3,2,15
13074.0,cluster_12013799527_12013799528_2190601967,1,2,15
13074.0,cluster_12013799529_12013799530_473195061,2,2,15
13075.0,2496228891,0,2,15
13075.0,cluster_12013799525_12013799526_2496228894,3,2,15
13075.0,cluster_12013799527_12013799528_2190601967,1,2,15
13075.0,cluster_12013799529_12013799530_473195061,2,2,15
13076.0,2496228891,0,2,15
13076.0,cluster_12013799525_12013799526_2496228894,2,2,15
13076.0,cluster_12013799527_12013799528_2190601967,1,2,15
13076.0,cluster_12013799529_12013799530_473195061,1,2,15
13077.0,2496228891,0,2,15
13077.0,cluster_12013799525_12013799526_2496228894,2,2,15
13077.0,cluster_12013799527_12013799528_2190601967,2,2,15
13077.0,cluster_12013799529_12013799530_473195061,1,2,15
13078.0,2496228891,0,2,15
13078.0,cluster_12013799525_12013799526_2496228894,2,2,15
13078.0,cluster_12013799527_12013799528_2190601967,2,2,15
13078.0,cluster_12013799529_12013799530_473195061,1,2,15
13079.0,2496228891,0,2,15
13079.0,cluster_12013799525_12013799526_2496228894,1,2,15
13079.0,cluster_12013799527_12013799528_2190601967,2,2,15
13079.0,cluster_12013799529_12013799530_473195061,1,2,15
13080.0,2496228891,0,2,15
13080.0,cluster_12013799525_12013799526_2496228894,1,2,15
13080.0,cluster_12013799527_12013799528_2190601967,1,2,15
13080.0,cluster_12013799529_12013799530_473195061,1,2,15
13081.0,2496228891,0,2,15
13081.0,cluster_12013799525_12013799526_2496228894,0,2,15
13081.0,cluster_12013799527_12013799528_2190601967,2,2,15
13081.0,cluster_12013799529_12013799530_473195061,1,2,15
13082.0,2496228891,0,2,15
13082.0,cluster_12013799525_12013799526_2496228894,0,2,15
13082.0,cluster_12013799527_12013799528_2190601967,2,2,15
13082.0,cluster_12013799529_12013799530_473195061,1,2,15
13083.0,2496228891,0,2,15
13083.0,cluster_12013799525_12013799526_2496228894,0,2,15
13083.0,cluster_12013799527_12013799528_2190601967,3,2,15
13083.0,cluster_12013799529_12013799530_473195061,1,2,15
13084.0,2496228891,0,2,15
13084.0,cluster_12013799525_12013799526_2496228894,0,2,15
13084.0,cluster_12013799527_12013799528_2190601967,3,2,15
13084.0,cluster_12013799529_12013799530_473195061,1,2,15
13085.0,2496228891,0,2,15
13085.0,cluster_12013799525_12013799526_2496228894,0,2,15
13085.0,cluster_12013799527_12013799528_2190601967,2,2,15
13085.0,cluster_12013799529_12013799530_473195061,1,2,15
13086.0,2496228891,0,2,15
13086.0,cluster_12013799525_12013799526_2496228894,0,2,15
13086.0,cluster_12013799527_12013799528_2190601967,2,2,15
13086.0,cluster_12013799529_12013799530_473195061,1,2,15
13087.0,2496228891,0,2,15
13087.0,cluster_12013799525_12013799526_2496228894,0,2,15
13087.0,cluster_12013799527_12013799528_2190601967,2,2,15
13087.0,cluster_12013799529_12013799530_473195061,1,2,15
13088.0,cluster_12013799525_12013799526_2496228894,0,2,15
13088.0,cluster_12013799527_12013799528_2190601967,1,2,15
13089.0,cluster_12013799525_12013799526_2496228894,0,2,15
13090.0,cluster_12013799525_12013799526_2496228894,0,2,15
13091.0,2496228891,3,0,15
13091.0,cluster_12013799529_12013799530_473195061,0,0,15
13092.0,2496228891,2,0,15
13092.0,cluster_12013799527_12013799528_2190601967,0,0,15
13092.0,cluster_12013799529_12013799530_473195061,0,0,15
13093.0,2496228891,2,0,15
13093.0,cluster_12013799527_12013799528_2190601967,0,0,15
13093.0,cluster_12013799529_12013799530_473195061,0,0,15
13094.0,2496228891,2,0,15
13094.0,cluster_12013799525_12013799526_2496228894,0,0,15
13094.0,cluster_12013799527_12013799528_2190601967,0,0,15
13094.0,cluster_12013799529_12013799530_473195061,0,0,15
13095.0,2496228891,1,0,15
13095.0,cluster_12013799525_12013799526_2496228894,0,0,15
13095.0,cluster_12013799527_12013799528_2190601967,0,0,15
13095.0,cluster_12013799529_12013799530_473195061,0,0,15
13096.0,2496228891,0,0,15
13096.0,cluster_12013799525_12013799526_2496228894,0,0,15
13096.0,cluster_12013799527_12013799528_2190601967,0,0,15
13096.0,cluster_12013799529_12013799530_473195061,0,0,15
13097.0,2496228891,0,0,15
13097.0,cluster_12013799525_12013799526_2496228894,0,0,15
13097.0,cluster_12013799527_12013799528_2190601967,0,0,15
13097.0,cluster_12013799529_12013799530_473195061,0,0,15
13098.0,2496228891,0,0,15
13098.0,cluster_12013799525_12013799526_2496228894,0,0,15
13098.0,cluster_12013799527_12013799528_2190601967,0,0,15
13098.0,cluster_12013799529_12013799530_473195061,0,0,15
13099.0,2496228891,0,0,15
13099.0,cluster_12013799525_12013799526_2496228894,0,0,15
13099.0,cluster_12013799527_12013799528_2190601967,0,0,15
13099.0,cluster_12013799529_12013799530_473195061,0,0,15
13100.0,2496228891,0,0,15
13100.0,cluster_12013799525_12013799526_2496228894,0,0,15
13100.0,cluster_12013799527_12013799528_2190601967,0,0,15
13100.0,cluster_12013799529_12013799530_473195061,0,0,15
13101.0,2496228891,1,0,15
13101.0,cluster_12013799525_12013799526_2496228894,1,0,15
13101.0,cluster_12013799527_12013799528_2190601967,1,0,15
13101.0,cluster_12013799529_12013799530_473195061,1,0,15
13102.0,2496228891,1,0,15
13102.0,cluster_12013799525_12013799526_2496228894,1,0,15
13102.0,cluster_12013799527_12013799528_2190601967,1,0,15
13102.0,cluster_12013799529_12013799530_473195061,1,0,15
13103.0,2496228891,1,0,15
13103.0,cluster_12013799525_12013799526_2496228894,1,0,15
13103.0,cluster_12013799527_12013799528_2190601967,1,0,15
13103.0,cluster_12013799529_12013799530_473195061,1,0,15
13104.0,2496228891,1,0,15
13104.0,cluster_12013799525_12013799526_2496228894,1,0,15
13104.0,cluster_12013799527_12013799528_2190601967,1,0,15
13104.0,cluster_12013799529_12013799530_473195061,1,0,15
13105.0,2496228891,2,0,15
13105.0,cluster_12013799525_12013799526_2496228894,2,0,15
13105.0,cluster_12013799527_12013799528_2190601967,2,0,15
13105.0,cluster_12013799529_12013799530_473195061,2,0,15
13106.0,2496228891,2,0,15
13106.0,cluster_12013799525_12013799526_2496228894,2,0,15
13106.0,cluster_12013799527_12013799528_2190601967,2,0,15
13106.0,cluster_12013799529_12013799530_473195061,2,0,15
13107.0,cluster_12013799525_12013799526_2496228894,2,0,15
13107.0,cluster_12013799527_12013799528_2190601967,2,0,15
13108.0,cluster_12013799525_12013799526_2496228894,2,0,15
13109.0,cluster_12013799525_12013799526_2496228894,3,0,15
13110.0,2496228891,3,2,15
13110.0,cluster_12013799529_12013799530_473195061,4,2,22
13111.0,2496228891,3,2,15
13111.0,cluster_12013799527_12013799528_2190601967,4,2,21
13111.0,cluster_12013799529_12013799530_473195061,3,2,15
13112.0,2496228891,3,2,15
13112.0,cluster_12013799527_12013799528_2190601967,2,2,15
13112.0,cluster_12013799529_12013799530_473195061,3,2,15
13113.0,2496228891,2,2,15
13113.0,cluster_12013799525_12013799526_2496228894,3,2,15
13113.0,cluster_12013799527_12013799528_2190601967,4,2,23
13113.0,cluster_12013799529_12013799530_473195061,4,2,23
13114.0,2496228891,3,2,15
13114.0,cluster_12013799525_12013799526_2496228894,3,2,15
13114.0,cluster_12013799527_12013799528_2190601967,4,2,21
13114.0,cluster_12013799529_12013799530_473195061,4,2,21
13115.0,2496228891,3,2,15
13115.0,cluster_12013799525_12013799526_2496228894,3,2,15
13115.0,cluster_12013799527_12013799528_2190601967,4,2,21
13115.0,cluster_12013799529_12013799530_473195061,4,2,21
13116.0,2496228891,3,2,15
13116.0,cluster_12013799525_12013799526_2496228894,3,2,15
13116.0,cluster_12013799527_12013799528_2190601967,4,2,21
13116.0,cluster_12013799529_12013799530_473195061,5,2,23
13117.0,2496228891,1,2,15
13117.0,cluster_12013799525_12013799526_2496228894,1,2,15
13117.0,cluster_12013799527_12013799528_2190601967,4,2,21
13117.0,cluster_12013799529_12013799530_473195061,6,2,23
13118.0,2496228891,2,2,15
13118.0,cluster_12013799525_12013799526_2496228894,2,2,15
13118.0,cluster_12013799527_12013799528_2190601967,3,2,15
13118.0,cluster_12013799529_12013799530_473195061,6,2,21
13119.0,2496228891,2,2,15
13119.0,cluster_12013799525_12013799526_2496228894,3,2,15
13119.0,cluster_12013799527_12013799528_2190601967,4,2,23
13119.0,cluster_12013799529_12013799530_473195061,6,2,21
13120.0,2496228891,2,2,15
13120.0,cluster_12013799525_12013799526_2496228894,3,2,15
13120.0,cluster_12013799527_12013799528_2190601967,4,2,21
13120.0,cluster_12013799529_12013799530_473195061,6,2,21
13121.0,2496228891,2,2,15
13121.0,cluster_12013799525_12013799526_2496228894,3,2,15
13121.0,cluster_12013799527_12013799528_2190601967,4,2,21
13121.0,cluster_12013799529_12013799530_473195061,7,2,23
13122.0,2496228891,2,2,15
13122.0,cluster_12013799525_12013799526_2496228894,3,2,15
13122.0,cluster_12013799527_12013799528_2190601967,4,2,21
13122.0,cluster_12013799529_12013799530_473195061,7,2,21
13123.0,2496228891,2,2,15
13123.0,cluster_12013799525_12013799526_2496228894,3,2,15
13123.0,cluster_12013799527_12013799528_2190601967,4,2,21
13123.0,cluster_12013799529_12013799530_473195061,7,2,23
13124.0,2496228891,1,2,15
13124.0,cluster_12013799525_12013799526_2496228894,2,2,15
13124.0,cluster_12013799527_12013799528_2190601967,3,2,15
13124.0,cluster_12013799529_12013799530_473195061,7,2,21
13125.0,2496228891,1,2,15
13125.0,cluster_12013799525_12013799526_2496228894,2,2,15
13125.0,cluster_12013799527_12013799528_2190601967,3,2,15
13125.0,cluster_12013799529_12013799530_473195061,8,2,24
13126.0,cluster_12013799525_12013799526_2496228894,2,2,15
13126.0,cluster_12013799527_12013799528_2190601967,3,2,15
13126.0,cluster_12013799529_12013799530_473195061,9,2,25
13127.0,cluster_12013799525_12013799526_2496228894,2,2,15
13127.0,cluster_12013799527_12013799528_2190601967,3,2,15
13127.0,cluster_12013799529_12013799530_473195061,9,2,22
13128.0,cluster_12013799525_12013799526_2496228894,3,2,15
13128.0,cluster_12013799527_12013799528_2190601967,3,2,15
13128.0,cluster_12013799529_12013799530_473195061,8,2,21
13129.0,2496228891,5,0,21
13129.0,cluster_12013799527_12013799528_2190601967,3,2,15
13129.0,cluster_12013799529_12013799530_473195061,8,2,21
13130.0,2496228891,5,0,21
13130.0,cluster_12013799527_12013799528_2190601967,3,2,15
13130.0,cluster_12013799529_12013799530_473195061,8,2,21
13131.0,2496228891,5,0,21
13131.0,cluster_12013799527_12013799528_2190601967,3,2,15
13131.0,cluster_12013799529_12013799530_473195061,8,2,21
13132.0,2496228891,5,0,21
13132.0,cluster_12013799525_12013799526_2496228894,3,0,15
13132.0,cluster_12013799527_12013799528_2190601967,3,2,15
13132.0,cluster_12013799529_12013799530_473195061,8,2,21
13133.0,2496228891,5,0,21
13133.0,cluster_12013799525_12013799526_2496228894,2,0,15
13134.0,2496228891,5,0,21
13134.0,cluster_12013799525_12013799526_2496228894,2,0,15
13135.0,2496228891,5,0,21
13135.0,cluster_12013799525_12013799526_2496228894,2,0,15
13136.0,2496228891,5,0,21
13136.0,cluster_12013799525_12013799526_2496228894,2,0,15
13136.0,cluster_12013799527_12013799528_2190601967,7,0,21
13136.0,cluster_12013799529_12013799530_473195061,5,0,21
13137.0,2496228891,4,0,21
13137.0,cluster_12013799525_12013799526_2496228894,1,0,15
13137.0,cluster_12013799527_12013799528_2190601967,6,0,21
13137.0,cluster_12013799529_12013799530_473195061,4,0,21
13138.0,2496228891,4,0,21
13138.0,cluster_12013799525_12013799526_2496228894,1,0,15
13138.0,cluster_12013799527_12013799528_2190601967,6,0,21
13138.0,cluster_12013799529_12013799530_473195061,4,0,21
13139.0,2496228891,4,0,21
13139.0,cluster_12013799525_12013799526_2496228894,1,0,15
13139.0,cluster_12013799527_12013799528_2190601967,6,0,21
13139.0,cluster_12013799529_12013799530_473195061,4,0,21
13140.0,2496228891,4,0,21
13140.0,cluster_12013799525_12013799526_2496228894,0,0,15
13140.0,cluster_12013799527_12013799528_2190601967,6,0,21
13140.0,cluster_12013799529_12013799530_473195061,4,0,21
13141.0,2496228891,5,0,23
13141.0,cluster_12013799525_12013799526_2496228894,0,0,15
13141.0,cluster_12013799527_12013799528_2190601967,5,0,21
13141.0,cluster_12013799529_12013799530_473195061,3,0,15
13142.0,2496228891,5,0,21
13142.0,cluster_12013799525_12013799526_2496228894,0,0,15
13142.0,cluster_12013799527_12013799528_2190601967,5,0,21
13142.0,cluster_12013799529_12013799530_473195061,3,0,15
13143.0,2496228891,4,0,21
13143.0,cluster_12013799525_12013799526_2496228894,0,0,15
13143.0,cluster_12013799527_12013799528_2190601967,4,0,21
13143.0,cluster_12013799529_12013799530_473195061,2,0,15
13144.0,2496228891,6,0,23
13144.0,cluster_12013799525_12013799526_2496228894,0,0,15
13144.0,cluster_12013799527_12013799528_2190601967,4,0,21
13144.0,cluster_12013799529_12013799530_473195061,2,0,15
13145.0,2496228891,6,0,21
13145.0,cluster_12013799525_12013799526_2496228894,0,0,15
13145.0,cluster_12013799527_12013799528_2190601967,4,0,21
13145.0,cluster_12013799529_12013799530_473195061,2,0,15
13146.0,2496228891,3,0,15
13146.0,cluster_12013799525_12013799526_2496228894,0,0,15
13146.0,cluster_12013799527_12013799528_2190601967,3,0,15
13146.0,cluster_12013799529_12013799530_473195061,1,0,15
13147.0,2496228891,3,0,15
13147.0,cluster_12013799525_12013799526_2496228894,0,0,15
13147.0,cluster_12013799527_12013799528_2190601967,3,0,15
13147.0,cluster_12013799529_12013799530_473195061,1,0,15
13148.0,2496228891,1,0,15
13148.0,cluster_12013799527_12013799528_2190601967,2,0,15
13148.0,cluster_12013799529_12013799530_473195061,0,0,15
13149.0,2496228891,2,0,15
13149.0,cluster_12013799527_12013799528_2190601967,2,0,15
13149.0,cluster_12013799529_12013799530_473195061,0,0,15
13150.0,2496228891,3,0,15
13150.0,cluster_12013799527_12013799528_2190601967,2,0,15
13150.0,cluster_12013799529_12013799530_473195061,0,0,15
13151.0,cluster_12013799525_12013799526_2496228894,2,2,15
13151.0,cluster_12013799527_12013799528_2190601967,1,0,15
13151.0,cluster_12013799529_12013799530_473195061,0,0,15
13152.0,cluster_12013799525_12013799526_2496228894,1,2,15
13152.0,cluster_12013799527_12013799528_2190601967,1,0,15
13152.0,cluster_12013799529_12013799530_473195061,0,0,15
13153.0,cluster_12013799525_12013799526_2496228894,1,2,15
13153.0,cluster_12013799527_12013799528_2190601967,0,0,15
13153.0,cluster_12013799529_12013799530_473195061,0,0,15
13154.0,2496228891,0,2,15
13154.0,cluster_12013799525_12013799526_2496228894,1,2,15
13154.0,cluster_12013799527_12013799528_2190601967,0,0,15
13154.0,cluster_12013799529_12013799530_473195061,0,0,15
13155.0,2496228891,0,2,15
13155.0,cluster_12013799525_12013799526_2496228894,1,2,15
13155.0,cluster_12013799527_12013799528_2190601967,0,0,15
13155.0,cluster_12013799529_12013799530_473195061,0,0,15
13156.0,2496228891,0,2,15
13156.0,cluster_12013799525_12013799526_2496228894,0,2,15
13156.0,cluster_12013799527_12013799528_2190601967,0,0,15
13156.0,cluster_12013799529_12013799530_473195061,0,0,15
13157.0,2496228891,0,2,15
13157.0,cluster_12013799525_12013799526_2496228894,0,2,15
13157.0,cluster_12013799527_12013799528_2190601967,0,0,15
13157.0,cluster_12013799529_12013799530_473195061,0,0,15
13158.0,2496228891,0,2,15
13158.0,cluster_12013799525_12013799526_2496228894,0,2,15
13159.0,2496228891,0,2,15
13159.0,cluster_12013799525_12013799526_2496228894,0,2,15
13160.0,2496228891,0,2,15
13160.0,cluster_12013799525_12013799526_2496228894,0,2,15
13161.0,2496228891,0,2,15
13161.0,cluster_12013799525_12013799526_2496228894,0,2,15
13161.0,cluster_12013799527_12013799528_2190601967,4,2,21
13161.0,cluster_12013799529_12013799530_473195061,7,2,21
13162.0,2496228891,0,2,15
13162.0,cluster_12013799525_12013799526_2496228894,0,2,15
13162.0,cluster_12013799527_12013799528_2190601967,3,2,15
13162.0,cluster_12013799529_12013799530_473195061,5,2,21
13163.0,2496228891,0,2,15
13163.0,cluster_12013799525_12013799526_2496228894,0,2,15
13163.0,cluster_12013799527_12013799528_2190601967,2,2,15
13163.0,cluster_12013799529_12013799530_473195061,5,2,21
13164.0,2496228891,0,2,15
13164.0,cluster_12013799525_12013799526_2496228894,0,2,15
13164.0,cluster_12013799527_12013799528_2190601967,3,2,15
13164.0,cluster_12013799529_12013799530_473195061,5,2,21
13165.0,2496228891,0,2,15
13165.0,cluster_12013799525_12013799526_2496228894,0,2,15
13165.0,cluster_12013799527_12013799528_2190601967,2,2,15
13165.0,cluster_12013799529_12013799530_473195061,6,2,23
13166.0,2496228891,0,2,15
13166.0,cluster_12013799525_12013799526_2496228894,0,2,15
13166.0,cluster_12013799527_12013799528_2190601967,2,2,15
13166.0,cluster_12013799529_12013799530_473195061,4,2,21
13167.0,2496228891,0,2,15
13167.0,cluster_12013799527_12013799528_2190601967,2,2,15
13167.0,cluster_12013799529_12013799530_473195061,4,2,21
13168.0,2496228891,0,2,15
13168.0,cluster_12013799527_12013799528_2190601967,2,2,15
13168.0,cluster_12013799529_12013799530_473195061,4,2,23
13169.0,2496228891,0,2,15
13169.0,cluster_12013799527_12013799528_2190601967,0,2,15
13169.0,cluster_12013799529_12013799530_473195061,3,2,15
13170.0,cluster_12013799525_12013799526_2496228894,0,0,15
13170.0,cluster_12013799527_12013799528_2190601967,0,2,15
13170.0,cluster_12013799529_12013799530_473195061,4,2,23
13171.0,cluster_12013799525_12013799526_2496228894,0,0,15
13171.0,cluster_12013799527_12013799528_2190601967,0,2,15
13171.0,cluster_12013799529_12013799530_473195061,3,2,15
13172.0,cluster_12013799525_12013799526_2496228894,0,0,15
13172.0,cluster_12013799527_12013799528_2190601967,0,2,15
13172.0,cluster_12013799529_12013799530_473195061,3,2,15
13173.0,2496228891,5,0,21
13173.0,cluster_12013799525_12013799526_2496228894,0,0,15
13173.0,cluster_12013799527_12013799528_2190601967,0,2,15
13173.0,cluster_12013799529_12013799530_473195061,3,2,15
13174.0,2496228891,4,0,23
13174.0,cluster_12013799525_12013799526_2496228894,0,0,15
13174.0,cluster_12013799527_12013799528_2190601967,0,2,15
13174.0,cluster_12013799529_12013799530_473195061,3,2,15
13175.0,2496228891,4,0,23
13175.0,cluster_12013799525_12013799526_2496228894,0,0,15
13175.0,cluster_12013799527_12013799528_2190601967,0,2,15
13175.0,cluster_12013799529_12013799530_473195061,3,2,15
13176.0,2496228891,5,0,23
13176.0,cluster_12013799525_12013799526_2496228894,0,0,15
13176.0,cluster_12013799527_12013799528_2190601967,0,2,15
13176.0,cluster_12013799529_12013799530_473195061,2,2,15
13177.0,2496228891,7,0,23
13177.0,cluster_12013799525_12013799526_2496228894,0,0,15
13177.0,cluster_12013799527_12013799528_2190601967,0,2,15
13177.0,cluster_12013799529_12013799530_473195061,2,2,15
13178.0,2496228891,5,0,21
13178.0,cluster_12013799525_12013799526_2496228894,0,0,15
13178.0,cluster_12013799527_12013799528_2190601967,0,2,15
13178.0,cluster_12013799529_12013799530_473195061,1,2,15
13179.0,2496228891,5,0,23
13179.0,cluster_12013799525_12013799526_2496228894,0,0,15
13179.0,cluster_12013799527_12013799528_2190601967,0,2,15
13179.0,cluster_12013799529_12013799530_473195061,1,2,15
13180.0,2496228891,4,0,21
13180.0,cluster_12013799525_12013799526_2496228894,0,0,15
13180.0,cluster_12013799527_12013799528_2190601967,0,2,15
13180.0,cluster_12013799529_12013799530_473195061,0,2,15
13181.0,2496228891,4,0,21
13181.0,cluster_12013799525_12013799526_2496228894,0,0,15
13181.0,cluster_12013799527_12013799528_2190601967,0,2,15
13181.0,cluster_12013799529_12013799530_473195061,0,2,15
13182.0,2496228891,3,0,15
13182.0,cluster_12013799525_12013799526_2496228894,0,0,15
13182.0,cluster_12013799527_12013799528_2190601967,0,2,15
13182.0,cluster_12013799529_12013799530_473195061,0,2,15
13183.0,2496228891,2,0,15
13183.0,cluster_12013799525_12013799526_2496228894,0,0,15
13184.0,2496228891,2,0,15
13184.0,cluster_12013799525_12013799526_2496228894,0,0,15
13185.0,2496228891,1,0,15
13185.0,cluster_12013799525_12013799526_2496228894,0,0,15
13186.0,2496228891,2,0,15
13186.0,cluster_12013799527_12013799528_2190601967,0,0,15
13186.0,cluster_12013799529_12013799530_473195061,0,0,15
13187.0,2496228891,2,0,15
13187.0,cluster_12013799527_12013799528_2190601967,0,0,15
13187.0,cluster_12013799529_12013799530_473195061,0,0,15
13188.0,2496228891,2,0,15
13188.0,cluster_12013799527_12013799528_2190601967,0,0,15
13188.0,cluster_12013799529_12013799530_473195061,0,0,15
13189.0,2496228891,1,0,15
13189.0,cluster_12013799525_12013799526_2496228894,4,2,21
13189.0,cluster_12013799527_12013799528_2190601967,0,0,15
13189.0,cluster_12013799529_12013799530_473195061,0,0,15
13190.0,2496228891,1,0,15
13190.0,cluster_12013799525_12013799526_2496228894,4,2,21
13190.0,cluster_12013799527_12013799528_2190601967,0,0,15
13190.0,cluster_12013799529_12013799530_473195061,0,0,15
13191.0,2496228891,1,0,15
13191.0,cluster_12013799525_12013799526_2496228894,4,2,21
13191.0,cluster_12013799527_12013799528_2190601967,0,0,15
13191.0,cluster_12013799529_12013799530_473195061,0,0,15
13192.0,2496228891,0,0,15
13192.0,cluster_12013799525_12013799526_2496228894,3,2,15
13192.0,cluster_12013799527_12013799528_2190601967,0,0,15
13192.0,cluster_12013799529_12013799530_473195061,0,0,15
13193.0,2496228891,0,0,15
13193.0,cluster_12013799525_12013799526_2496228894,3,2,15
13193.0,cluster_12013799527_12013799528_2190601967,0,0,15
13193.0,cluster_12013799529_12013799530_473195061,0,0,15
13194.0,2496228891,0,0,15
13194.0,cluster_12013799525_12013799526_2496228894,3,2,15
13194.0,cluster_12013799527_12013799528_2190601967,0,0,15
13194.0,cluster_12013799529_12013799530_473195061,0,0,15
13195.0,cluster_12013799525_12013799526_2496228894,2,2,15
13195.0,cluster_12013799527_12013799528_2190601967,0,0,15
13195.0,cluster_12013799529_12013799530_473195061,0,0,15
13196.0,cluster_12013799525_12013799526_2496228894,2,2,15
13196.0,cluster_12013799527_12013799528_2190601967,0,0,15
13196.0,cluster_12013799529_12013799530_473195061,0,0,15
13197.0,cluster_12013799525_12013799526_2496228894,1,2,15
13197.0,cluster_12013799527_12013799528_2190601967,0,0,15
13197.0,cluster_12013799529_12013799530_473195061,0,0,15
13198.0,2496228891,0,2,15
13198.0,cluster_12013799525_12013799526_2496228894,1,2,15
13198.0,cluster_12013799527_12013799528_2190601967,0,0,15
13198.0,cluster_12013799529_12013799530_473195061,0,0,15
13199.0,2496228891,0,2,15
13199.0,cluster_12013799525_12013799526_2496228894,1,2,15
13199.0,cluster_12013799527_12013799528_2190601967,0,0,15
13199.0,cluster_12013799529_12013799530_473195061,0,0,15
13200.0,2496228891,0,2,15
13200.0,cluster_12013799525_12013799526_2496228894,1,2,15
13200.0,cluster_12013799527_12013799528_2190601967,0,0,15
13200.0,cluster_12013799529_12013799530_473195061,0,0,15
13201.0,2496228891,1,2,15
13201.0,cluster_12013799525_12013799526_2496228894,2,2,15
13201.0,cluster_12013799527_12013799528_2190601967,1,0,15
13201.0,cluster_12013799529_12013799530_473195061,1,0,15
13202.0,2496228891,1,2,15
13202.0,cluster_12013799525_12013799526_2496228894,2,2,15
13203.0,2496228891,1,2,15
13203.0,cluster_12013799525_12013799526_2496228894,2,2,15
13204.0,2496228891,1,2,15
13204.0,cluster_12013799525_12013799526_2496228894,1,2,15
13205.0,2496228891,2,2,15
13205.0,cluster_12013799525_12013799526_2496228894,2,2,15
13205.0,cluster_12013799527_12013799528_2190601967,3,2,15
13205.0,cluster_12013799529_12013799530_473195061,2,2,15
13206.0,2496228891,2,2,15
13206.0,cluster_12013799525_12013799526_2496228894,2,2,15
13206.0,cluster_12013799527_12013799528_2190601967,3,2,15
13206.0,cluster_12013799529_12013799530_473195061,2,2,15
13207.0,2496228891,2,2,15
13207.0,cluster_12013799525_12013799526_2496228894,2,2,15
13207.0,cluster_12013799527_12013799528_2190601967,2,2,15
13207.0,cluster_12013799529_12013799530_473195061,2,2,15
13208.0,2496228891,2,2,15
13208.0,cluster_12013799525_12013799526_2496228894,2,2,15
13208.0,cluster_12013799527_12013799528_2190601967,2,2,15
13208.0,cluster_12013799529_12013799530_473195061,2,2,15
13209.0,2496228891,2,2,15
13209.0,cluster_12013799525_12013799526_2496228894,2,2,15
13209.0,cluster_12013799527_12013799528_2190601967,3,2,15
13209.0,cluster_12013799529_12013799530_473195061,3,2,15
13210.0,2496228891,3,2,15
13210.0,cluster_12013799525_12013799526_2496228894,3,2,15
13210.0,cluster_12013799527_12013799528_2190601967,3,2,15
13210.0,cluster_12013799529_12013799530_473195061,3,2,15
13211.0,2496228891,3,2,15
13211.0,cluster_12013799527_12013799528_2190601967,3,2,15
13211.0,cluster_12013799529_12013799530_473195061,3,2,15
13212.0,2496228891,3,2,15
13212.0,cluster_12013799527_12013799528_2190601967,3,2,15
13212.0,cluster_12013799529_12013799530_473195061,3,2,15
13213.0,2496228891,2,2,15
13213.0,cluster_12013799527_12013799528_2190601967,4,2,23
13213.0,cluster_12013799529_12013799530_473195061,4,2,23
13214.0,cluster_12013799525_12013799526_2496228894,4,0,21
13214.0,cluster_12013799527_12013799528_2190601967,4,2,21
13214.0,cluster_12013799529_12013799530_473195061,4,2,21
13215.0,cluster_12013799525_12013799526_2496228894,3,0,15
13215.0,cluster_12013799527_12013799528_2190601967,3,2,15
13215.0,cluster_12013799529_12013799530_473195061,4,2,21
13216.0,cluster_12013799525_12013799526_2496228894,3,0,15
13216.0,cluster_12013799527_12013799528_2190601967,3,2,15
13216.0,cluster_12013799529_12013799530_473195061,4,2,21
13217.0,2496228891,5,0,21
13217.0,cluster_12013799525_12013799526_2496228894,3,0,15
13217.0,cluster_12013799527_12013799528_2190601967,3,2,15
13217.0,cluster_12013799529_12013799530_473195061,5,2,23
13218.0,2496228891,5,0,21
13218.0,cluster_12013799525_12013799526_2496228894,2,0,15
13218.0,cluster_12013799527_12013799528_2190601967,2,2,15
13218.0,cluster_12013799529_12013799530_473195061,5,2,21
13219.0,2496228891,5,0,21
13219.0,cluster_12013799525_12013799526_2496228894,2,0,15
13219.0,cluster_12013799527_12013799528_2190601967,2,2,15
13219.0,cluster_12013799529_12013799530_473195061,5,2,21
13220.0,2496228891,5,0,21
13220.0,cluster_12013799525_12013799526_2496228894,2,0,15
13220.0,cluster_12013799527_12013799528_2190601967,3,2,15
13220.0,cluster_12013799529_12013799530_473195061,5,2,21
13221.0,2496228891,5,0,21
13221.0,cluster_12013799525_12013799526_2496228894,1,0,15
13222.0,2496228891,5,0,21
13222.0,cluster_12013799525_12013799526_2496228894,1,0,15
13223.0,2496228891,5,0,21
13223.0,cluster_12013799525_12013799526_2496228894,0,0,15
13224.0,2496228891,4,0,21
13224.0,cluster_12013799525_12013799526_2496228894,0,0,15
13224.0,cluster_12013799527_12013799528_2190601967,5,0,21
13224.0,cluster_12013799529_12013799530_473195061,4,0,21
13225.0,2496228891,4,0,21
13225.0,cluster_12013799525_12013799526_2496228894,0,0,15
13225.0,cluster_12013799527_12013799528_2190601967,6,0,23
13225.0,cluster_12013799529_12013799530_473195061,4,0,21
13226.0,2496228891,4,0,21
13226.0,cluster_12013799525_12013799526_2496228894,0,0,15
13226.0,cluster_12013799527_12013799528_2190601967,6,0,21
13226.0,cluster_12013799529_12013799530_473195061,4,0,21
13227.0,2496228891,4,0,21
13227.0,cluster_12013799525_12013799526_2496228894,0,0,15
13227.0,cluster_12013799527_12013799528_2190601967,6,0,21
13227.0,cluster_12013799529_12013799530_473195061,4,0,21
13228.0,2496228891,3,0,15
13228.0,cluster_12013799525_12013799526_2496228894,0,0,15
13228.0,cluster_12013799527_12013799528_2190601967,5,0,21
13228.0,cluster_12013799529_12013799530_473195061,3,0,15
13229.0,2496228891,5,0,23
13229.0,cluster_12013799525_12013799526_2496228894,0,0,15
13229.0,cluster_12013799527_12013799528_2190601967,5,0,21
13229.0,cluster_12013799529_12013799530_473195061,3,0,15
13230.0,2496228891,5,0,21
13230.0,cluster_12013799525_12013799526_2496228894,0,0,15
13230.0,cluster_12013799527_12013799528_2190601967,5,0,21
13230.0,cluster_12013799529_12013799530_473195061,3,0,15
13231.0,2496228891,6,0,23
13231.0,cluster_12013799525_12013799526_2496228894,0,0,15
13231.0,cluster_12013799527_12013799528_2190601967,4,0,21
13231.0,cluster_12013799529_12013799530_473195061,2,0,15
13232.0,2496228891,6,0,21
13232.0,cluster_12013799525_12013799526_2496228894,0,0,15
13232.0,cluster_12013799527_12013799528_2190601967,4,0,21
13232.0,cluster_12013799529_12013799530_473195061,2,0,15
13233.0,2496228891,5,0,21
13233.0,cluster_12013799525_12013799526_2496228894,0,0,15
13233.0,cluster_12013799527_12013799528_2190601967,4,0,21
13233.0,cluster_12013799529_12013799530_473195061,1,0,15
13234.0,2496228891,3,0,15
13234.0,cluster_12013799525_12013799526_2496228894,0,0,15
13234.0,cluster_12013799527_12013799528_2190601967,3,0,15
13234.0,cluster_12013799529_12013799530_473195061,1,0,15
13235.0,2496228891,4,0,23
13235.0,cluster_12013799525_12013799526_2496228894,0,0,15
13235.0,cluster_12013799527_12013799528_2190601967,3,0,15
13235.0,cluster_12013799529_12013799530_473195061,1,0,15
13236.0,2496228891,1,0,15
13236.0,cluster_12013799527_12013799528_2190601967,2,0,15
13236.0,cluster_12013799529_12013799530_473195061,0,0,15
13237.0,2496228891,2,0,15
13237.0,cluster_12013799527_12013799528_2190601967,2,0,15
13237.0,cluster_12013799529_12013799530_473195061,0,0,15
13238.0,2496228891,2,0,15
13238.0,cluster_12013799527_12013799528_2190601967,2,0,15
13238.0,cluster_12013799529_12013799530_473195061,0,0,15
13239.0,cluster_12013799525_12013799526_2496228894,3,2,15
13239.0,cluster_12013799527_12013799528_2190601967,1,0,15
13239.0,cluster_12013799529_12013799530_473195061,0,0,15
13240.0,cluster_12013799525_12013799526_2496228894,3,2,15
13240.0,cluster_12013799527_12013799528_2190601967,1,0,15
13240.0,cluster_12013799529_12013799530_473195061,0,0,15
13241.0,cluster_12013799525_12013799526_2496228894,3,2,15
13241.0,cluster_12013799527_12013799528_2190601967,1,0,15
13241.0,cluster_12013799529_12013799530_473195061,0,0,15
13242.0,2496228891,3,2,15
13242.0,cluster_12013799525_12013799526_2496228894,3,2,15
13242.0,cluster_12013799527_12013799528_2190601967,0,0,15
13242.0,cluster_12013799529_12013799530_473195061,0,0,15
13243.0,2496228891,2,2,15
13243.0,cluster_12013799525_12013799526_2496228894,2,2,15
13243.0,cluster_12013799527_12013799528_2190601967,0,0,15
13243.0,cluster_12013799529_12013799530_473195061,0,0,15
13244.0,2496228891,2,2,15
13244.0,cluster_12013799525_12013799526_2496228894,2,2,15
13244.0,cluster_12013799527_12013799528_2190601967,0,0,15
13244.0,cluster_12013799529_12013799530_473195061,0,0,15
13245.0,2496228891,2,2,15
13245.0,cluster_12013799525_12013799526_2496228894,2,2,15
13245.0,cluster_12013799527_12013799528_2190601967,0,0,15
13245.0,cluster_12013799529_12013799530_473195061,0,0,15
13246.0,2496228891,2,2,15
13246.0,cluster_12013799525_12013799526_2496228894,2,2,15
13247.0,2496228891,1,2,15
13247.0,cluster_12013799525_12013799526_2496228894,2,2,15
13248.0,2496228891,1,2,15
13248.0,cluster_12013799525_12013799526_2496228894,2,2,15
13249.0,2496228891,0,2,15
13249.0,cluster_12013799525_12013799526_2496228894,1,2,15
13249.0,cluster_12013799527_12013799528_2190601967,4,2,21
13249.0,cluster_12013799529_12013799530_473195061,4,2,21
13250.0,2496228891,0,2,15
13250.0,cluster_12013799525_12013799526_2496228894,2,2,15
13250.0,cluster_12013799527_12013799528_2190601967,2,2,15
13250.0,cluster_12013799529_12013799530_473195061,4,2,21
13251.0,2496228891,0,2,15
13251.0,cluster_12013799525_12013799526_2496228894,2,2,15
13251.0,cluster_12013799527_12013799528_2190601967,2,2,15
13251.0,cluster_12013799529_12013799530_473195061,4,2,21
13252.0,2496228891,0,2,15
13252.0,cluster_12013799525_12013799526_2496228894,3,2,15
13252.0,cluster_12013799527_12013799528_2190601967,2,2,15
13252.0,cluster_12013799529_12013799530_473195061,4,2,21
13253.0,2496228891,0,2,15
13253.0,cluster_12013799525_12013799526_2496228894,3,2,15
13253.0,cluster_12013799527_12013799528_2190601967,2,2,15
13253.0,cluster_12013799529_12013799530_473195061,3,2,15
13254.0,2496228891,0,2,15
13254.0,cluster_12013799525_12013799526_2496228894,3,2,15
13254.0,cluster_12013799527_12013799528_2190601967,1,2,15
13254.0,cluster_12013799529_12013799530_473195061,3,2,15
13255.0,2496228891,0,2,15
13255.0,cluster_12013799527_12013799528_2190601967,1,2,15
13255.0,cluster_12013799529_12013799530_473195061,3,2,15
13256.0,2496228891,0,2,15
13256.0,cluster_12013799527_12013799528_2190601967,0,2,15
13256.0,cluster_12013799529_12013799530_473195061,3,2,15
13257.0,2496228891,0,2,15
13257.0,cluster_12013799527_12013799528_2190601967,0,2,15
13257.0,cluster_12013799529_12013799530_473195061,3,2,15
13258.0,cluster_12013799525_12013799526_2496228894,0,0,15
13258.0,cluster_12013799527_12013799528_2190601967,0,2,15
13258.0,cluster_12013799529_12013799530_473195061,4,2,23
13259.0,cluster_12013799525_12013799526_2496228894,0,0,15
13259.0,cluster_12013799527_12013799528_2190601967,0,2,15
13259.0,cluster_12013799529_12013799530_473195061,3,2,15
13260.0,cluster_12013799525_12013799526_2496228894,0,0,15
13260.0,cluster_12013799527_12013799528_2190601967,0,2,15
13260.0,cluster_12013799529_12013799530_473195061,3,2,15
13261.0,2496228891,5,0,21
13261.0,cluster_12013799525_12013799526_2496228894,0,0,15
13261.0,cluster_12013799527_12013799528_2190601967,0,2,15
13261.0,cluster_12013799529_12013799530_473195061,3,2,15
13262.0,2496228891,4,0,23
13262.0,cluster_12013799525_12013799526_2496228894,0,0,15
13262.0,cluster_12013799527_12013799528_2190601967,0,2,15
13262.0,cluster_12013799529_12013799530_473195061,3,2,15
13263.0,2496228891,4,0,23
13263.0,cluster_12013799525_12013799526_2496228894,0,0,15
13263.0,cluster_12013799527_12013799528_2190601967,0,2,15
13263.0,cluster_12013799529_12013799530_473195061,2,2,15
13264.0,2496228891,5,0,23
13264.0,cluster_12013799525_12013799526_2496228894,0,0,15
13264.0,cluster_12013799527_12013799528_2190601967,0,2,15
13264.0,cluster_12013799529_12013799530_473195061,2,2,15
13265.0,2496228891,4,0,21
13265.0,cluster_12013799525_12013799526_2496228894,0,0,15
13265.0,cluster_12013799527_12013799528_2190601967,0,2,15
13265.0,cluster_12013799529_12013799530_473195061,2,2,15
13266.0,2496228891,3,0,15
13266.0,cluster_12013799525_12013799526_2496228894,0,0,15
13266.0,cluster_12013799527_12013799528_2190601967,0,2,15
13266.0,cluster_12013799529_12013799530_473195061,2,2,15
13267.0,2496228891,3,0,15
13267.0,cluster_12013799525_12013799526_2496228894,0,0,15
13267.0,cluster_12013799527_12013799528_2190601967,0,2,15
13267.0,cluster_12013799529_12013799530_473195061,2,2,15
13268.0,2496228891,2,0,15
13268.0,cluster_12013799525_12013799526_2496228894,0,0,15
13268.0,cluster_12013799527_12013799528_2190601967,0,2,15
13268.0,cluster_12013799529_12013799530_473195061,1,2,15
13269.0,2496228891,2,0,15
13269.0,cluster_12013799525_12013799526_2496228894,0,0,15
13269.0,cluster_12013799527_12013799528_2190601967,0,2,15
13269.0,cluster_12013799529_12013799530_473195061,1,2,15
13270.0,2496228891,3,0,15
13270.0,cluster_12013799525_12013799526_2496228894,0,0,15
13270.0,cluster_12013799527_12013799528_2190601967,0,2,15
13270.0,cluster_12013799529_12013799530_473195061,0,2,15
13271.0,2496228891,3,0,15
13271.0,cluster_12013799525_12013799526_2496228894,0,0,15
13272.0,2496228891,3,0,15
13272.0,cluster_12013799525_12013799526_2496228894,0,0,15
13273.0,2496228891,2,0,15
13273.0,cluster_12013799525_12013799526_2496228894,0,0,15
13274.0,2496228891,2,0,15
13274.0,cluster_12013799527_12013799528_2190601967,0,0,15
13274.0,cluster_12013799529_12013799530_473195061,0,0,15
13275.0,2496228891,0,0,15
13275.0,cluster_12013799527_12013799528_2190601967,0,0,15
13275.0,cluster_12013799529_12013799530_473195061,0,0,15
13276.0,2496228891,1,0,15
13276.0,cluster_12013799527_12013799528_2190601967,0,0,15
13276.0,cluster_12013799529_12013799530_473195061,0,0,15
13277.0,2496228891,2,0,15
13277.0,cluster_12013799525_12013799526_2496228894,8,2,21
13277.0,cluster_12013799527_12013799528_2190601967,0,0,15
13277.0,cluster_12013799529_12013799530_473195061,0,0,15
13278.0,2496228891,2,0,15
13278.0,cluster_12013799525_12013799526_2496228894,6,2,21
13278.0,cluster_12013799527_12013799528_2190601967,0,0,15
13278.0,cluster_12013799529_12013799530_473195061,0,0,15
13279.0,2496228891,2,0,15
13279.0,cluster_12013799525_12013799526_2496228894,6,2,21
13279.0,cluster_12013799527_12013799528_2190601967,0,0,15
13279.0,cluster_12013799529_12013799530_473195061,0,0,15
13280.0,2496228891,2,0,15
13280.0,cluster_12013799525_12013799526_2496228894,6,2,21
13280.0,cluster_12013799527_12013799528_2190601967,0,0,15
13280.0,cluster_12013799529_12013799530_473195061,0,0,15
13281.0,2496228891,1,0,15
13281.0,cluster_12013799525_12013799526_2496228894,5,2,21
13281.0,cluster_12013799527_12013799528_2190601967,0,0,15
13281.0,cluster_12013799529_12013799530_473195061,0,0,15
13282.0,2496228891,1,0,15
13282.0,cluster_12013799525_12013799526_2496228894,4,2,21
13282.0,cluster_12013799527_12013799528_2190601967,0,0,15
13282.0,cluster_12013799529_12013799530_473195061,0,0,15
13283.0,cluster_12013799525_12013799526_2496228894,4,2,21
13283.0,cluster_12013799527_12013799528_2190601967,0,0,15
13283.0,cluster_12013799529_12013799530_473195061,0,0,15
13284.0,cluster_12013799525_12013799526_2496228894,4,2,21
13284.0,cluster_12013799527_12013799528_2190601967,0,0,15
13284.0,cluster_12013799529_12013799530_473195061,0,0,15
13285.0,cluster_12013799525_12013799526_2496228894,4,2,21
13285.0,cluster_12013799527_12013799528_2190601967,0,0,15
13285.0,cluster_12013799529_12013799530_473195061,0,0,15
13286.0,2496228891,0,2,15
13286.0,cluster_12013799525_12013799526_2496228894,3,2,15
13286.0,cluster_12013799527_12013799528_2190601967,0,0,15
13286.0,cluster_12013799529_12013799530_473195061,0,0,15
13287.0,2496228891,0,2,15
13287.0,cluster_12013799525_12013799526_2496228894,3,2,15
13287.0,cluster_12013799527_12013799528_2190601967,0,0,15
13287.0,cluster_12013799529_12013799530_473195061,0,0,15
13288.0,2496228891,0,2,15
13288.0,cluster_12013799525_12013799526_2496228894,3,2,15
13288.0,cluster_12013799527_12013799528_2190601967,0,0,15
13288.0,cluster_12013799529_12013799530_473195061,0,0,15
13289.0,2496228891,0,2,15
13289.0,cluster_12013799525_12013799526_2496228894,2,2,15
13289.0,cluster_12013799527_12013799528_2190601967,0,0,15
13289.0,cluster_12013799529_12013799530_473195061,0,0,15
13290.0,2496228891,0,2,15
13290.0,cluster_12013799525_12013799526_2496228894,2,2,15
13291.0,2496228891,0,2,15
13291.0,cluster_12013799525_12013799526_2496228894,1,2,15
13292.0,2496228891,0,2,15
13292.0,cluster_12013799525_12013799526_2496228894,1,2,15
13293.0,2496228891,0,2,15
13293.0,cluster_12013799525_12013799526_2496228894,0,2,15
13293.0,cluster_12013799527_12013799528_2190601967,3,2,15
13293.0,cluster_12013799529_12013799530_473195061,0,2,15
13294.0,2496228891,0,2,15
13294.0,cluster_12013799525_12013799526_2496228894,0,2,15
13294.0,cluster_12013799527_12013799528_2190601967,1,2,15
13294.0,cluster_12013799529_12013799530_473195061,0,2,15
13295.0,2496228891,0,2,15
13295.0,cluster_12013799525_12013799526_2496228894,0,2,15
13295.0,cluster_12013799527_12013799528_2190601967,2,2,15
13295.0,cluster_12013799529_12013799530_473195061,0,2,15
13296.0,2496228891,0,2,15
13296.0,cluster_12013799525_12013799526_2496228894,0,2,15
13296.0,cluster_12013799527_12013799528_2190601967,1,2,15
13296.0,cluster_12013799529_12013799530_473195061,0,2,15
13297.0,2496228891,0,2,15
13297.0,cluster_12013799525_12013799526_2496228894,0,2,15
13297.0,cluster_12013799527_12013799528_2190601967,1,2,15
13297.0,cluster_12013799529_12013799530_473195061,0,2,15
13298.0,2496228891,0,2,15
13298.0,cluster_12013799525_12013799526_2496228894,0,2,15
13298.0,cluster_12013799527_12013799528_2190601967,1,2,15
13298.0,cluster_12013799529_12013799530_473195061,1,2,15
13299.0,2496228891,0,2,15
13299.0,cluster_12013799527_12013799528_2190601967,0,2,15
13299.0,cluster_12013799529_12013799530_473195061,1,2,15
13300.0,2496228891,0,2,15
13300.0,cluster_12013799527_12013799528_2190601967,0,2,15
13300.0,cluster_12013799529_12013799530_473195061,1,2,15
13301.0,2496228891,1,2,15
13301.0,cluster_12013799527_12013799528_2190601967,1,2,15
13301.0,cluster_12013799529_12013799530_473195061,2,2,15
13302.0,cluster_12013799525_12013799526_2496228894,1,0,15
13302.0,cluster_12013799527_12013799528_2190601967,1,2,15
13302.0,cluster_12013799529_12013799530_473195061,2,2,15
13303.0,cluster_12013799525_12013799526_2496228894,1,0,15
13303.0,cluster_12013799527_12013799528_2190601967,1,2,15
13303.0,cluster_12013799529_12013799530_473195061,2,2,15
13304.0,cluster_12013799525_12013799526_2496228894,1,0,15
13304.0,cluster_12013799527_12013799528_2190601967,1,2,15
13304.0,cluster_12013799529_12013799530_473195061,2,2,15
13305.0,2496228891,2,0,15
13305.0,cluster_12013799525_12013799526_2496228894,2,0,15
13305.0,cluster_12013799527_12013799528_2190601967,2,2,15
13305.0,cluster_12013799529_12013799530_473195061,3,2,15
13306.0,2496228891,2,0,15
13306.0,cluster_12013799525_12013799526_2496228894,2,0,15
13306.0,cluster_12013799527_12013799528_2190601967,2,2,15
13306.0,cluster_12013799529_12013799530_473195061,3,2,15
13307.0,2496228891,2,0,15
13307.0,cluster_12013799525_12013799526_2496228894,2,0,15
13307.0,cluster_12013799527_12013799528_2190601967,2,2,15
13307.0,cluster_12013799529_12013799530_473195061,3,2,15
13308.0,2496228891,2,0,15
13308.0,cluster_12013799525_12013799526_2496228894,2,0,15
13308.0,cluster_12013799527_12013799528_2190601967,2,2,15
13308.0,cluster_12013799529_12013799530_473195061,2,2,15
13309.0,2496228891,3,0,15
13309.0,cluster_12013799525_12013799526_2496228894,3,0,15
13310.0,2496228891,3,0,15
13310.0,cluster_12013799525_12013799526_2496228894,3,0,15
13311.0,2496228891,3,0,15
13311.0,cluster_12013799525_12013799526_2496228894,2,0,15
13312.0,2496228891,3,0,15
13312.0,cluster_12013799525_12013799526_2496228894,2,0,15
13312.0,cluster_12013799527_12013799528_2190601967,3,0,15
13312.0,cluster_12013799529_12013799530_473195061,3,0,15
13313.0,2496228891,4,0,23
13313.0,cluster_12013799525_12013799526_2496228894,3,0,15
13313.0,cluster_12013799527_12013799528_2190601967,4,0,23
13313.0,cluster_12013799529_12013799530_473195061,4,0,21
13314.0,2496228891,4,0,21
13314.0,cluster_12013799525_12013799526_2496228894,3,0,15
13314.0,cluster_12013799527_12013799528_2190601967,4,0,21
13314.0,cluster_12013799529_12013799530_473195061,4,0,21
13315.0,2496228891,4,0,21
13315.0,cluster_12013799525_12013799526_2496228894,2,0,15
13315.0,cluster_12013799527_12013799528_2190601967,4,0,21
13315.0,cluster_12013799529_12013799530_473195061,4,0,21
13316.0,2496228891,4,0,21
13316.0,cluster_12013799525_12013799526_2496228894,2,0,15
13316.0,cluster_12013799527_12013799528_2190601967,4,0,21
13316.0,cluster_12013799529_12013799530_473195061,4,0,21
13317.0,2496228891,4,0,21
13317.0,cluster_12013799525_12013799526_2496228894,2,0,15
13317.0,cluster_12013799527_12013799528_2190601967,5,0,23
13317.0,cluster_12013799529_12013799530_473195061,4,0,21
13318.0,2496228891,4,0,21
13318.0,cluster_12013799527_12013799528_2190601967,5,0,21
13318.0,cluster_12013799529_12013799530_473195061,4,0,21
13319.0,2496228891,6,0,23
13319.0,cluster_12013799527_12013799528_2190601967,4,0,21
13319.0,cluster_12013799529_12013799530_473195061,4,0,21
13320.0,2496228891,6,0,21
13320.0,cluster_12013799527_12013799528_2190601967,4,0,21
13320.0,cluster_12013799529_12013799530_473195061,4,0,21
13321.0,cluster_12013799525_12013799526_2496228894,3,2,15
13321.0,cluster_12013799527_12013799528_2190601967,5,0,23
13321.0,cluster_12013799529_12013799530_473195061,4,0,21
13322.0,cluster_12013799525_12013799526_2496228894,3,2,15
13322.0,cluster_12013799527_12013799528_2190601967,4,0,21
13322.0,cluster_12013799529_12013799530_473195061,3,0,15
13323.0,cluster_12013799525_12013799526_2496228894,3,2,15
13323.0,cluster_12013799527_12013799528_2190601967,4,0,21
13323.0,cluster_12013799529_12013799530_473195061,3,0,15
13324.0,2496228891,3,2,15
13324.0,cluster_12013799525_12013799526_2496228894,3,2,15
13324.0,cluster_12013799527_12013799528_2190601967,4,0,21
13324.0,cluster_12013799529_12013799530_473195061,3,0,15
13325.0,2496228891,2,2,15
13325.0,cluster_12013799525_12013799526_2496228894,2,2,15
13325.0,cluster_12013799527_12013799528_2190601967,5,0,23
13325.0,cluster_12013799529_12013799530_473195061,3,0,15
13326.0,2496228891,2,2,15
13326.0,cluster_12013799525_12013799526_2496228894,2,2,15
13326.0,cluster_12013799527_12013799528_2190601967,4,0,21
13326.0,cluster_12013799529_12013799530_473195061,3,0,15
13327.0,2496228891,2,2,15
13327.0,cluster_12013799525_12013799526_2496228894,2,2,15
13327.0,cluster_12013799527_12013799528_2190601967,4,0,21
13327.0,cluster_12013799529_12013799530_473195061,2,0,15
13328.0,2496228891,1,2,15
13328.0,cluster_12013799525_12013799526_2496228894,1,2,15
13329.0,2496228891,1,2,15
13329.0,cluster_12013799525_12013799526_2496228894,2,2,15
13330.0,2496228891,1,2,15
13330.0,cluster_12013799525_12013799526_2496228894,2,2,15
13331.0,2496228891,0,2,15
13331.0,cluster_12013799525_12013799526_2496228894,2,2,15
13331.0,cluster_12013799527_12013799528_2190601967,2,2,15
13331.0,cluster_12013799529_12013799530_473195061,6,2,21
13332.0,2496228891,0,2,15
13332.0,cluster_12013799525_12013799526_2496228894,2,2,15
13332.0,cluster_12013799527_12013799528_2190601967,2,2,15
13332.0,cluster_12013799529_12013799530_473195061,6,2,21
13333.0,2496228891,0,2,15
13333.0,cluster_12013799525_12013799526_2496228894,3,2,15
13333.0,cluster_12013799527_12013799528_2190601967,2,2,15
13333.0,cluster_12013799529_12013799530_473195061,6,2,21
13334.0,2496228891,0,2,15
13334.0,cluster_12013799525_12013799526_2496228894,3,2,15
13334.0,cluster_12013799527_12013799528_2190601967,2,2,15
13334.0,cluster_12013799529_12013799530_473195061,5,2,21
13335.0,2496228891,0,2,15
13335.0,cluster_12013799525_12013799526_2496228894,3,2,15
13335.0,cluster_12013799527_12013799528_2190601967,2,2,15
13335.0,cluster_12013799529_12013799530_473195061,6,2,23
13336.0,2496228891,0,2,15
13336.0,cluster_12013799525_12013799526_2496228894,3,2,15
13336.0,cluster_12013799527_12013799528_2190601967,2,2,15
13336.0,cluster_12013799529_12013799530_473195061,6,2,21
13337.0,2496228891,0,2,15
13337.0,cluster_12013799527_12013799528_2190601967,2,2,15
13337.0,cluster_12013799529_12013799530_473195061,5,2,21
13338.0,2496228891,0,2,15
13338.0,cluster_12013799527_12013799528_2190601967,2,2,15
13338.0,cluster_12013799529_12013799530_473195061,5,2,21
13339.0,2496228891,0,2,15
13339.0,cluster_12013799527_12013799528_2190601967,2,2,15
13339.0,cluster_12013799529_12013799530_473195061,5,2,21
13340.0,cluster_12013799525_12013799526_2496228894,2,0,15
13340.0,cluster_12013799527_12013799528_2190601967,2,2,15
13340.0,cluster_12013799529_12013799530_473195061,5,2,21
13341.0,cluster_12013799525_12013799526_2496228894,1,0,15
13341.0,cluster_12013799527_12013799528_2190601967,1,2,15
13341.0,cluster_12013799529_12013799530_473195061,5,2,21
13342.0,cluster_12013799525_12013799526_2496228894,1,0,15
13342.0,cluster_12013799527_12013799528_2190601967,1,2,15
13342.0,cluster_12013799529_12013799530_473195061,5,2,21
13343.0,2496228891,3,0,15
13343.0,cluster_12013799525_12013799526_2496228894,1,0,15
13343.0,cluster_12013799527_12013799528_2190601967,1,2,15
13343.0,cluster_12013799529_12013799530_473195061,5,2,21
13344.0,2496228891,3,0,15
13344.0,cluster_12013799525_12013799526_2496228894,1,0,15
13344.0,cluster_12013799527_12013799528_2190601967,1,2,15
13344.0,cluster_12013799529_12013799530_473195061,5,2,21
13345.0,2496228891,3,0,15
13345.0,cluster_12013799525_12013799526_2496228894,0,0,15
13345.0,cluster_12013799527_12013799528_2190601967,0,2,15
13345.0,cluster_12013799529_12013799530_473195061,4,2,21
13346.0,2496228891,3,0,15
13346.0,cluster_12013799525_12013799526_2496228894,0,0,15
13346.0,cluster_12013799527_12013799528_2190601967,1,2,15
13346.0,cluster_12013799529_12013799530_473195061,4,2,21
13347.0,2496228891,3,0,15
13347.0,cluster_12013799525_12013799526_2496228894,0,0,15
13347.0,cluster_12013799529_12013799530_473195061,4,2,21
13348.0,2496228891,3,0,15
13348.0,cluster_12013799525_12013799526_2496228894,0,0,15
13348.0,cluster_12013799529_12013799530_473195061,4,2,21
13349.0,2496228891,2,0,15
13349.0,cluster_12013799525_12013799526_2496228894,0,0,15
13349.0,cluster_12013799529_12013799530_473195061,4,2,21
13350.0,2496228891,2,0,15
13350.0,cluster_12013799525_12013799526_2496228894,0,0,15
13350.0,cluster_12013799527_12013799528_2190601967,4,0,21
13350.0,cluster_12013799529_12013799530_473195061,4,2,21
13351.0,2496228891,2,0,15
13351.0,cluster_12013799525_12013799526_2496228894,0,0,15
13351.0,cluster_12013799527_12013799528_2190601967,3,0,15
13351.0,cluster_12013799529_12013799530_473195061,3,2,15
13352.0,2496228891,2,0,15
13352.0,cluster_12013799525_12013799526_2496228894,0,0,15
13352.0,cluster_12013799527_12013799528_2190601967,3,0,15
13352.0,cluster_12013799529_12013799530_473195061,3,2,15
13353.0,2496228891,2,0,15
13353.0,cluster_12013799525_12013799526_2496228894,0,0,15
13353.0,cluster_12013799527_12013799528_2190601967,3,0,15
13354.0,2496228891,2,0,15
13354.0,cluster_12013799525_12013799526_2496228894,0,0,15
13354.0,cluster_12013799527_12013799528_2190601967,3,0,15
13355.0,2496228891,2,0,15
13355.0,cluster_12013799525_12013799526_2496228894,0,0,15
13355.0,cluster_12013799527_12013799528_2190601967,2,0,15
13356.0,2496228891,2,0,15
13356.0,cluster_12013799527_12013799528_2190601967,2,0,15
13356.0,cluster_12013799529_12013799530_473195061,2,0,15
13357.0,2496228891,1,0,15
13357.0,cluster_12013799527_12013799528_2190601967,2,0,15
13357.0,cluster_12013799529_12013799530_473195061,1,0,15
13358.0,2496228891,1,0,15
13358.0,cluster_12013799527_12013799528_2190601967,1,0,15
13358.0,cluster_12013799529_12013799530_473195061,1,0,15
13359.0,cluster_12013799525_12013799526_2496228894,3,2,15
13359.0,cluster_12013799527_12013799528_2190601967,1,0,15
13359.0,cluster_12013799529_12013799530_473195061,1,0,15
13360.0,cluster_12013799525_12013799526_2496228894,2,2,15
13360.0,cluster_12013799527_12013799528_2190601967,0,0,15
13360.0,cluster_12013799529_12013799530_473195061,0,0,15
13361.0,cluster_12013799525_12013799526_2496228894,2,2,15
13361.0,cluster_12013799527_12013799528_2190601967,0,0,15
13361.0,cluster_12013799529_12013799530_473195061,0,0,15
13362.0,2496228891,0,2,15
13362.0,cluster_12013799525_12013799526_2496228894,2,2,15
13362.0,cluster_12013799527_12013799528_2190601967,0,0,15
13362.0,cluster_12013799529_12013799530_473195061,0,0,15
13363.0,2496228891,0,2,15
13363.0,cluster_12013799525_12013799526_2496228894,1,2,15
13363.0,cluster_12013799527_12013799528_2190601967,0,0,15
13363.0,cluster_12013799529_12013799530_473195061,0,0,15
13364.0,2496228891,0,2,15
13364.0,cluster_12013799525_12013799526_2496228894,1,2,15
13364.0,cluster_12013799527_12013799528_2190601967,0,0,15
13364.0,cluster_12013799529_12013799530_473195061,0,0,15
13365.0,2496228891,0,2,15
13365.0,cluster_12013799525_12013799526_2496228894,1,2,15
13365.0,cluster_12013799527_12013799528_2190601967,0,0,15
13365.0,cluster_12013799529_12013799530_473195061,0,0,15
13366.0,2496228891,0,2,15
13366.0,cluster_12013799525_12013799526_2496228894,0,2,15
13366.0,cluster_12013799527_12013799528_2190601967,0,0,15
13366.0,cluster_12013799529_12013799530_473195061,0,0,15
13367.0,2496228891,0,2,15
13367.0,cluster_12013799525_12013799526_2496228894,0,2,15
13367.0,cluster_12013799527_12013799528_2190601967,0,0,15
13367.0,cluster_12013799529_12013799530_473195061,0,0,15
13368.0,2496228891,0,2,15
13368.0,cluster_12013799525_12013799526_2496228894,0,2,15
13368.0,cluster_12013799527_12013799528_2190601967,0,0,15
13368.0,cluster_12013799529_12013799530_473195061,0,0,15
13369.0,2496228891,0,2,15
13369.0,cluster_12013799525_12013799526_2496228894,0,2,15
13369.0,cluster_12013799527_12013799528_2190601967,0,0,15
13369.0,cluster_12013799529_12013799530_473195061,0,0,15
13370.0,2496228891,0,2,15
13370.0,cluster_12013799525_12013799526_2496228894,0,2,15
13370.0,cluster_12013799527_12013799528_2190601967,0,0,15
13370.0,cluster_12013799529_12013799530_473195061,0,0,15
13371.0,2496228891,0,2,15
13371.0,cluster_12013799525_12013799526_2496228894,0,2,15
13371.0,cluster_12013799527_12013799528_2190601967,0,0,15
13371.0,cluster_12013799529_12013799530_473195061,0,0,15
13372.0,2496228891,0,2,15
13372.0,cluster_12013799525_12013799526_2496228894,0,2,15
13373.0,2496228891,0,2,15
13373.0,cluster_12013799525_12013799526_2496228894,0,2,15
13374.0,2496228891,0,2,15
13374.0,cluster_12013799525_12013799526_2496228894,0,2,15
13375.0,2496228891,0,2,15
13375.0,cluster_12013799527_12013799528_2190601967,3,2,15
13375.0,cluster_12013799529_12013799530_473195061,3,2,15
13376.0,2496228891,0,2,15
13376.0,cluster_12013799527_12013799528_2190601967,2,2,15
13376.0,cluster_12013799529_12013799530_473195061,2,2,15
13377.0,2496228891,0,2,15
13377.0,cluster_12013799527_12013799528_2190601967,2,2,15
13377.0,cluster_12013799529_12013799530_473195061,2,2,15
13378.0,cluster_12013799525_12013799526_2496228894,0,0,15
13378.0,cluster_12013799527_12013799528_2190601967,2,2,15
13378.0,cluster_12013799529_12013799530_473195061,2,2,15
13379.0,cluster_12013799525_12013799526_2496228894,0,0,15
13379.0,cluster_12013799527_12013799528_2190601967,1,2,15
13379.0,cluster_12013799529_12013799530_473195061,2,2,15
13380.0,cluster_12013799525_12013799526_2496228894,0,0,15
13380.0,cluster_12013799527_12013799528_2190601967,1,2,15
13380.0,cluster_12013799529_12013799530_473195061,2,2,15
13381.0,2496228891,2,0,15
13381.0,cluster_12013799525_12013799526_2496228894,0,0,15
13381.0,cluster_12013799527_12013799528_2190601967,1,2,15
13381.0,cluster_12013799529_12013799530_473195061,2,2,15
13382.0,2496228891,1,0,15
13382.0,cluster_12013799525_12013799526_2496228894,0,0,15
13382.0,cluster_12013799527_12013799528_2190601967,1,2,15
13382.0,cluster_12013799529_12013799530_473195061,3,2,15
13383.0,2496228891,1,0,15
13383.0,cluster_12013799525_12013799526_2496228894,0,0,15
13383.0,cluster_12013799527_12013799528_2190601967,0,2,15
13383.0,cluster_12013799529_12013799530_473195061,2,2,15
13384.0,2496228891,1,0,15
13384.0,cluster_12013799525_12013799526_2496228894,0,0,15
13384.0,cluster_12013799527_12013799528_2190601967,0,2,15
13384.0,cluster_12013799529_12013799530_473195061,2,2,15
13385.0,2496228891,1,0,15
13385.0,cluster_12013799525_12013799526_2496228894,0,0,15
13385.0,cluster_12013799527_12013799528_2190601967,0,2,15
13385.0,cluster_12013799529_12013799530_473195061,3,2,15
13386.0,2496228891,1,0,15
13386.0,cluster_12013799525_12013799526_2496228894,0,0,15
13386.0,cluster_12013799527_12013799528_2190601967,0,2,15
13386.0,cluster_12013799529_12013799530_473195061,3,2,15
13387.0,2496228891,1,0,15
13387.0,cluster_12013799525_12013799526_2496228894,0,0,15
13387.0,cluster_12013799527_12013799528_2190601967,0,2,15
13387.0,cluster_12013799529_12013799530_473195061,3,2,15
13388.0,2496228891,1,0,15
13388.0,cluster_12013799525_12013799526_2496228894,0,0,15
13388.0,cluster_12013799527_12013799528_2190601967,0,2,15
13388.0,cluster_12013799529_12013799530_473195061,3,2,15
13389.0,2496228891,2,0,15
13389.0,cluster_12013799525_12013799526_2496228894,0,0,15
13389.0,cluster_12013799527_12013799528_2190601967,0,2,15
13389.0,cluster_12013799529_12013799530_473195061,3,2,15
13390.0,2496228891,2,0,15
13390.0,cluster_12013799525_12013799526_2496228894,0,0,15
13390.0,cluster_12013799527_12013799528_2190601967,0,2,15
13390.0,cluster_12013799529_12013799530_473195061,3,2,15
13391.0,2496228891,2,0,15
13391.0,cluster_12013799525_12013799526_2496228894,0,0,15
13392.0,2496228891,1,0,15
13392.0,cluster_12013799525_12013799526_2496228894,0,0,15
13393.0,2496228891,1,0,15
13393.0,cluster_12013799525_12013799526_2496228894,0,0,15
13394.0,2496228891,1,0,15
13394.0,cluster_12013799527_12013799528_2190601967,0,0,15
13394.0,cluster_12013799529_12013799530_473195061,0,0,15
13395.0,2496228891,0,0,15
13395.0,cluster_12013799527_12013799528_2190601967,0,0,15
13395.0,cluster_12013799529_12013799530_473195061,0,0,15
13396.0,2496228891,0,0,15
13396.0,cluster_12013799527_12013799528_2190601967,0,0,15
13396.0,cluster_12013799529_12013799530_473195061,0,0,15
13397.0,cluster_12013799525_12013799526_2496228894,4,2,21
13397.0,cluster_12013799527_12013799528_2190601967,0,0,15
13397.0,cluster_12013799529_12013799530_473195061,0,0,15
13398.0,cluster_12013799525_12013799526_2496228894,4,2,21
13398.0,cluster_12013799527_12013799528_2190601967,0,0,15
13398.0,cluster_12013799529_12013799530_473195061,0,0,15
13399.0,cluster_12013799525_12013799526_2496228894,3,2,15
13399.0,cluster_12013799527_12013799528_2190601967,0,0,15
13399.0,cluster_12013799529_12013799530_473195061,0,0,15
13400.0,2496228891,0,2,15
13400.0,cluster_12013799525_12013799526_2496228894,2,2,15
13400.0,cluster_12013799527_12013799528_2190601967,0,0,15
13400.0,cluster_12013799529_12013799530_473195061,0,0,15
13401.0,2496228891,1,2,15
13401.0,cluster_12013799525_12013799526_2496228894,3,2,15
13401.0,cluster_12013799527_12013799528_2190601967,1,0,15
13401.0,cluster_12013799529_12013799530_473195061,1,0,15
13402.0,2496228891,1,2,15
13402.0,cluster_12013799525_12013799526_2496228894,3,2,15
13402.0,cluster_12013799527_12013799528_2190601967,1,0,15
13402.0,cluster_12013799529_12013799530_473195061,1,0,15
13403.0,2496228891,1,2,15
13403.0,cluster_12013799525_12013799526_2496228894,2,2,15
13403.0,cluster_12013799527_12013799528_2190601967,1,0,15
13403.0,cluster_12013799529_12013799530_473195061,1,0,15
13404.0,2496228891,1,2,15
13404.0,cluster_12013799525_12013799526_2496228894,2,2,15
13404.0,cluster_12013799527_12013799528_2190601967,1,0,15
13404.0,cluster_12013799529_12013799530_473195061,1,0,15
13405.0,2496228891,2,2,15
13405.0,cluster_12013799525_12013799526_2496228894,3,2,15
13405.0,cluster_12013799527_12013799528_2190601967,2,0,15
13405.0,cluster_12013799529_12013799530_473195061,2,0,15
13406.0,2496228891,2,2,15
13406.0,cluster_12013799525_12013799526_2496228894,3,2,15
13406.0,cluster_12013799527_12013799528_2190601967,2,0,15
13406.0,cluster_12013799529_12013799530_473195061,2,0,15
13407.0,2496228891,2,2,15
13407.0,cluster_12013799525_12013799526_2496228894,3,2,15
13407.0,cluster_12013799527_12013799528_2190601967,2,0,15
13407.0,cluster_12013799529_12013799530_473195061,2,0,15
13408.0,2496228891,2,2,15
13408.0,cluster_12013799525_12013799526_2496228894,2,2,15
13408.0,cluster_12013799527_12013799528_2190601967,2,0,15
13408.0,cluster_12013799529_12013799530_473195061,2,0,15
13409.0,2496228891,3,2,15
13409.0,cluster_12013799525_12013799526_2496228894,3,2,15
13409.0,cluster_12013799527_12013799528_2190601967,3,0,15
13409.0,cluster_12013799529_12013799530_473195061,2,0,15
13410.0,2496228891,2,2,15
13410.0,cluster_12013799525_12013799526_2496228894,2,2,15
13411.0,2496228891,3,2,15
13411.0,cluster_12013799525_12013799526_2496228894,3,2,15
13412.0,2496228891,3,2,15
13412.0,cluster_12013799525_12013799526_2496228894,3,2,15
13413.0,2496228891,3,2,15
13413.0,cluster_12013799525_12013799526_2496228894,3,2,15
13413.0,cluster_12013799527_12013799528_2190601967,4,2,21
13413.0,cluster_12013799529_12013799530_473195061,5,2,21
13414.0,2496228891,3,2,15
13414.0,cluster_12013799525_12013799526_2496228894,3,2,15
13414.0,cluster_12013799527_12013799528_2190601967,4,2,21
13414.0,cluster_12013799529_12013799530_473195061,5,2,21
13415.0,2496228891,3,2,15
13415.0,cluster_12013799525_12013799526_2496228894,3,2,15
13415.0,cluster_12013799527_12013799528_2190601967,4,2,21
13415.0,cluster_12013799529_12013799530_473195061,5,2,21
13416.0,cluster_12013799525_12013799526_2496228894,3,2,15
13416.0,cluster_12013799527_12013799528_2190601967,4,2,21
13416.0,cluster_12013799529_12013799530_473195061,5,2,21
13417.0,cluster_12013799525_12013799526_2496228894,3,2,15
13417.0,cluster_12013799527_12013799528_2190601967,4,2,21
13417.0,cluster_12013799529_12013799530_473195061,6,2,23
13418.0,cluster_12013799525_12013799526_2496228894,2,2,15
13418.0,cluster_12013799527_12013799528_2190601967,4,2,21
13418.0,cluster_12013799529_12013799530_473195061,5,2,21
13419.0,2496228891,5,0,22
13419.0,cluster_12013799527_12013799528_2190601967,4,2,21
13419.0,cluster_12013799529_12013799530_473195061,5,2,21
13420.0,2496228891,7,0,23
13420.0,cluster_12013799527_12013799528_2190601967,4,2,21
13420.0,cluster_12013799529_12013799530_473195061,5,2,21
13421.0,2496228891,7,0,21
13421.0,cluster_12013799527_12013799528_2190601967,4,2,21
13421.0,cluster_12013799529_12013799530_473195061,6,2,23
13422.0,2496228891,7,0,21
13422.0,cluster_12013799525_12013799526_2496228894,4,0,21
13422.0,cluster_12013799527_12013799528_2190601967,4,2,21
13422.0,cluster_12013799529_12013799530_473195061,6,2,21
13423.0,2496228891,7,0,21
13423.0,cluster_12013799525_12013799526_2496228894,3,0,15
13423.0,cluster_12013799527_12013799528_2190601967,3,2,15
13423.0,cluster_12013799529_12013799530_473195061,6,2,21
13424.0,2496228891,5,0,21
13424.0,cluster_12013799525_12013799526_2496228894,3,0,15
13424.0,cluster_12013799527_12013799528_2190601967,3,2,15
13424.0,cluster_12013799529_12013799530_473195061,6,2,21
13425.0,2496228891,5,0,21
13425.0,cluster_12013799525_12013799526_2496228894,3,0,15
13425.0,cluster_12013799527_12013799528_2190601967,3,2,15
13425.0,cluster_12013799529_12013799530_473195061,7,2,23
13426.0,2496228891,6,0,23
13426.0,cluster_12013799525_12013799526_2496228894,2,0,15
13426.0,cluster_12013799527_12013799528_2190601967,2,2,15
13426.0,cluster_12013799529_12013799530_473195061,7,2,21
13427.0,2496228891,7,0,23
13427.0,cluster_12013799525_12013799526_2496228894,2,0,15
13427.0,cluster_12013799527_12013799528_2190601967,2,2,15
13427.0,cluster_12013799529_12013799530_473195061,7,2,21
13428.0,2496228891,7,0,21
13428.0,cluster_12013799525_12013799526_2496228894,2,0,15
13428.0,cluster_12013799527_12013799528_2190601967,3,2,15
13428.0,cluster_12013799529_12013799530_473195061,7,2,21
13429.0,2496228891,7,0,21
13429.0,cluster_12013799525_12013799526_2496228894,1,0,15
13429.0,cluster_12013799527_12013799528_2190601967,2,2,15
13429.0,cluster_12013799529_12013799530_473195061,7,2,21
13430.0,2496228891,7,0,21
13430.0,cluster_12013799525_12013799526_2496228894,1,0,15
13430.0,cluster_12013799527_12013799528_2190601967,3,2,15
13430.0,cluster_12013799529_12013799530_473195061,7,2,21
13431.0,2496228891,7,0,21
13431.0,cluster_12013799525_12013799526_2496228894,1,0,15
13431.0,cluster_12013799527_12013799528_2190601967,3,2,15
13431.0,cluster_12013799529_12013799530_473195061,7,2,21
13432.0,2496228891,7,0,23
13432.0,cluster_12013799525_12013799526_2496228894,0,0,15
13432.0,cluster_12013799527_12013799528_2190601967,3,2,15
13432.0,cluster_12013799529_12013799530_473195061,7,2,21
13433.0,2496228891,6,0,23
13433.0,cluster_12013799525_12013799526_2496228894,0,0,15
13433.0,cluster_12013799527_12013799528_2190601967,2,2,15
13433.0,cluster_12013799529_12013799530_473195061,7,2,21
13434.0,2496228891,5,0,21
13434.0,cluster_12013799525_12013799526_2496228894,0,0,15
13434.0,cluster_12013799527_12013799528_2190601967,3,2,15
13434.0,cluster_12013799529_12013799530_473195061,7,2,21
13435.0,2496228891,5,0,21
13435.0,cluster_12013799525_12013799526_2496228894,0,0,15
13436.0,2496228891,5,0,21
13436.0,cluster_12013799525_12013799526_2496228894,0,0,15
13437.0,2496228891,5,0,21
13437.0,cluster_12013799525_12013799526_2496228894,0,0,15
13438.0,2496228891,4,0,21
13438.0,cluster_12013799525_12013799526_2496228894,0,0,15
13438.0,cluster_12013799527_12013799528_2190601967,6,0,21
13438.0,cluster_12013799529_12013799530_473195061,4,0,21
13439.0,2496228891,4,0,21
13439.0,cluster_12013799525_12013799526_2496228894,0,0,15
13439.0,cluster_12013799527_12013799528_2190601967,6,0,21
13439.0,cluster_12013799529_12013799530_473195061,4,0,21
13440.0,2496228891,4,0,21
13440.0,cluster_12013799525_12013799526_2496228894,0,0,15
13440.0,cluster_12013799527_12013799528_2190601967,6,0,21
13440.0,cluster_12013799529_12013799530_473195061,4,0,21
13441.0,2496228891,4,0,21
13441.0,cluster_12013799525_12013799526_2496228894,0,0,15
13441.0,cluster_12013799527_12013799528_2190601967,6,0,21
13441.0,cluster_12013799529_12013799530_473195061,4,0,21
13442.0,cluster_12013799525_12013799526_2496228894,0,0,15
13442.0,cluster_12013799527_12013799528_2190601967,5,0,21
13442.0,cluster_12013799529_12013799530_473195061,3,0,15
13443.0,cluster_12013799525_12013799526_2496228894,0,0,15
13443.0,cluster_12013799527_12013799528_2190601967,5,0,21
13443.0,cluster_12013799529_12013799530_473195061,3,0,15
13444.0,cluster_12013799527_12013799528_2190601967,5,0,21
13444.0,cluster_12013799529_12013799530_473195061,3,0,15
13445.0,2496228891,3,2,15
13445.0,cluster_12013799527_12013799528_2190601967,4,0,21
13445.0,cluster_12013799529_12013799530_473195061,2,0,15
13446.0,2496228891,2,2,15
13446.0,cluster_12013799527_12013799528_2190601967,4,0,21
13446.0,cluster_12013799529_12013799530_473195061,2,0,15
13447.0,2496228891,2,2,15
13447.0,cluster_12013799525_12013799526_2496228894,2,2,15
13447.0,cluster_12013799527_12013799528_2190601967,3,0,15
13447.0,cluster_12013799529_12013799530_473195061,2,0,15
13448.0,2496228891,2,2,15
13448.0,cluster_12013799525_12013799526_2496228894,2,2,15
13448.0,cluster_12013799527_12013799528_2190601967,3,0,15
13448.0,cluster_12013799529_12013799530_473195061,1,0,15
13449.0,2496228891,1,2,15
13449.0,cluster_12013799525_12013799526_2496228894,1,2,15
13449.0,cluster_12013799527_12013799528_2190601967,3,0,15
13449.0,cluster_12013799529_12013799530_473195061,1,0,15
13450.0,2496228891,1,2,15
13450.0,cluster_12013799525_12013799526_2496228894,2,2,15
13450.0,cluster_12013799527_12013799528_2190601967,2,0,15
13450.0,cluster_12013799529_12013799530_473195061,0,0,15
13451.0,2496228891,1,2,15
13451.0,cluster_12013799525_12013799526_2496228894,2,2,15
13451.0,cluster_12013799527_12013799528_2190601967,2,0,15
13451.0,cluster_12013799529_12013799530_473195061,0,0,15
13452.0,2496228891,0,2,15
13452.0,cluster_12013799525_12013799526_2496228894,2,2,15
13452.0,cluster_12013799527_12013799528_2190601967,1,0,15
13452.0,cluster_12013799529_12013799530_473195061,0,0,15
13453.0,2496228891,0,2,15
13453.0,cluster_12013799525_12013799526_2496228894,2,2,15
13453.0,cluster_12013799527_12013799528_2190601967,1,0,15
13453.0,cluster_12013799529_12013799530_473195061,0,0,15
13454.0,2496228891,0,2,15
13454.0,cluster_12013799525_12013799526_2496228894,3,2,15
13454.0,cluster_12013799527_12013799528_2190601967,1,0,15
13454.0,cluster_12013799529_12013799530_473195061,0,0,15
13455.0,2496228891,0,2,15
13455.0,cluster_12013799525_12013799526_2496228894,3,2,15
13455.0,cluster_12013799527_12013799528_2190601967,0,0,15
13455.0,cluster_12013799529_12013799530_473195061,0,0,15
13456.0,2496228891,0,2,15
13456.0,cluster_12013799525_12013799526_2496228894,3,2,15
13456.0,cluster_12013799527_12013799528_2190601967,0,0,15
13456.0,cluster_12013799529_12013799530_473195061,0,0,15
13457.0,2496228891,0,2,15
13457.0,cluster_12013799525_12013799526_2496228894,3,2,15
13457.0,cluster_12013799527_12013799528_2190601967,0,0,15
13457.0,cluster_12013799529_12013799530_473195061,0,0,15
13458.0,2496228891,0,2,15
13458.0,cluster_12013799525_12013799526_2496228894,3,2,15
13458.0,cluster_12013799527_12013799528_2190601967,0,0,15
13458.0,cluster_12013799529_12013799530_473195061,0,0,15
13459.0,2496228891,0,2,15
13459.0,cluster_12013799525_12013799526_2496228894,3,2,15
13459.0,cluster_12013799527_12013799528_2190601967,0,0,15
13459.0,cluster_12013799529_12013799530_473195061,0,0,15
13460.0,2496228891,0,2,15
13460.0,cluster_12013799525_12013799526_2496228894,2,2,15
13461.0,cluster_12013799525_12013799526_2496228894,2,2,15
13462.0,cluster_12013799525_12013799526_2496228894,2,2,15
13463.0,cluster_12013799527_12013799528_2190601967,4,2,21
13463.0,cluster_12013799529_12013799530_473195061,4,2,21
13464.0,2496228891,4,0,21
13464.0,cluster_12013799527_12013799528_2190601967,2,2,15
13464.0,cluster_12013799529_12013799530_473195061,4,2,21
13465.0,2496228891,2,0,15
13465.0,cluster_12013799527_12013799528_2190601967,3,2,15
13465.0,cluster_12013799529_12013799530_473195061,4,2,21
13466.0,2496228891,2,0,15
13466.0,cluster_12013799525_12013799526_2496228894,0,0,15
13466.0,cluster_12013799527_12013799528_2190601967,3,2,15
13466.0,cluster_12013799529_12013799530_473195061,4,2,21
13467.0,2496228891,2,0,15
13467.0,cluster_12013799525_12013799526_2496228894,0,0,15
13467.0,cluster_12013799527_12013799528_2190601967,2,2,15
13467.0,cluster_12013799529_12013799530_473195061,2,2,15
13468.0,2496228891,1,0,15
13468.0,cluster_12013799525_12013799526_2496228894,0,0,15
13468.0,cluster_12013799527_12013799528_2190601967,2,2,15
13468.0,cluster_12013799529_12013799530_473195061,3,2,15
13469.0,2496228891,3,0,15
13469.0,cluster_12013799525_12013799526_2496228894,0,0,15
13469.0,cluster_12013799527_12013799528_2190601967,2,2,15
13469.0,cluster_12013799529_12013799530_473195061,3,2,15
13470.0,2496228891,3,0,15
13470.0,cluster_12013799525_12013799526_2496228894,0,0,15
13470.0,cluster_12013799527_12013799528_2190601967,0,2,15
13470.0,cluster_12013799529_12013799530_473195061,3,2,15
13471.0,2496228891,2,0,15
13471.0,cluster_12013799525_12013799526_2496228894,0,0,15
13471.0,cluster_12013799527_12013799528_2190601967,1,2,15
13471.0,cluster_12013799529_12013799530_473195061,3,2,15
13472.0,2496228891,2,0,15
13472.0,cluster_12013799525_12013799526_2496228894,0,0,15
13472.0,cluster_12013799527_12013799528_2190601967,1,2,15
13472.0,cluster_12013799529_12013799530_473195061,3,2,15
13473.0,2496228891,0,0,15
13473.0,cluster_12013799525_12013799526_2496228894,0,0,15
13473.0,cluster_12013799527_12013799528_2190601967,1,2,15
13473.0,cluster_12013799529_12013799530_473195061,3,2,15
13474.0,2496228891,1,0,15
13474.0,cluster_12013799525_12013799526_2496228894,0,0,15
13474.0,cluster_12013799527_12013799528_2190601967,1,2,15
13474.0,cluster_12013799529_12013799530_473195061,3,2,15
13475.0,2496228891,1,0,15
13475.0,cluster_12013799525_12013799526_2496228894,0,0,15
13475.0,cluster_12013799527_12013799528_2190601967,1,2,15
13475.0,cluster_12013799529_12013799530_473195061,3,2,15
13476.0,2496228891,2,0,15
13476.0,cluster_12013799525_12013799526_2496228894,0,0,15
13476.0,cluster_12013799527_12013799528_2190601967,0,2,15
13476.0,cluster_12013799529_12013799530_473195061,3,2,15
13477.0,2496228891,2,0,15
13477.0,cluster_12013799525_12013799526_2496228894,0,0,15
13477.0,cluster_12013799527_12013799528_2190601967,0,2,15
13477.0,cluster_12013799529_12013799530_473195061,3,2,15
13478.0,2496228891,3,0,15
13478.0,cluster_12013799525_12013799526_2496228894,0,0,15
13478.0,cluster_12013799527_12013799528_2190601967,0,2,15
13478.0,cluster_12013799529_12013799530_473195061,2,2,15
13479.0,2496228891,3,0,15
13479.0,cluster_12013799525_12013799526_2496228894,0,0,15
13479.0,cluster_12013799527_12013799528_2190601967,0,2,15
13479.0,cluster_12013799529_12013799530_473195061,2,2,15
13480.0,2496228891,2,0,15
13480.0,cluster_12013799525_12013799526_2496228894,0,0,15
13480.0,cluster_12013799527_12013799528_2190601967,0,2,15
13480.0,cluster_12013799529_12013799530_473195061,1,2,15
13481.0,2496228891,2,0,15
13481.0,cluster_12013799525_12013799526_2496228894,0,0,15
13481.0,cluster_12013799527_12013799528_2190601967,0,2,15
13481.0,cluster_12013799529_12013799530_473195061,1,2,15
13482.0,2496228891,3,0,15
13482.0,cluster_12013799527_12013799528_2190601967,0,2,15
13482.0,cluster_12013799529_12013799530_473195061,1,2,15
13483.0,2496228891,3,0,15
13483.0,cluster_12013799527_12013799528_2190601967,0,2,15
13483.0,cluster_12013799529_12013799530_473195061,0,2,15
13484.0,2496228891,3,0,15
13484.0,cluster_12013799527_12013799528_2190601967,0,2,15
13484.0,cluster_12013799529_12013799530_473195061,0,2,15
13485.0,2496228891,3,0,15
13485.0,cluster_12013799525_12013799526_2496228894,4,2,21
13486.0,cluster_12013799525_12013799526_2496228894,3,2,15
13487.0,cluster_12013799525_12013799526_2496228894,3,2,15
13488.0,cluster_12013799525_12013799526_2496228894,4,2,23
13488.0,cluster_12013799527_12013799528_2190601967,0,0,15
13488.0,cluster_12013799529_12013799530_473195061,0,0,15
13489.0,2496228891,0,2,15
13489.0,cluster_12013799525_12013799526_2496228894,3,2,15
13489.0,cluster_12013799527_12013799528_2190601967,0,0,15
13489.0,cluster_12013799529_12013799530_473195061,0,0,15
13490.0,2496228891,0,2,15
13490.0,cluster_12013799525_12013799526_2496228894,2,2,15
13490.0,cluster_12013799527_12013799528_2190601967,0,0,15
13490.0,cluster_12013799529_12013799530_473195061,0,0,15
13491.0,2496228891,0,2,15
13491.0,cluster_12013799525_12013799526_2496228894,2,2,15
13491.0,cluster_12013799527_12013799528_2190601967,0,0,15
13491.0,cluster_12013799529_12013799530_473195061,0,0,15
13492.0,2496228891,0,2,15
13492.0,cluster_12013799525_12013799526_2496228894,2,2,15
13492.0,cluster_12013799527_12013799528_2190601967,0,0,15
13492.0,cluster_12013799529_12013799530_473195061,0,0,15
13493.0,2496228891,0,2,15
13493.0,cluster_12013799525_12013799526_2496228894,2,2,15
13493.0,cluster_12013799527_12013799528_2190601967,0,0,15
13493.0,cluster_12013799529_12013799530_473195061,0,0,15
13494.0,2496228891,0,2,15
13494.0,cluster_12013799525_12013799526_2496228894,2,2,15
13494.0,cluster_12013799527_12013799528_2190601967,0,0,15
13494.0,cluster_12013799529_12013799530_473195061,0,0,15
13495.0,2496228891,0,2,15
13495.0,cluster_12013799525_12013799526_2496228894,1,2,15
13495.0,cluster_12013799527_12013799528_2190601967,0,0,15
13495.0,cluster_12013799529_12013799530_473195061,0,0,15
13496.0,2496228891,0,2,15
13496.0,cluster_12013799525_12013799526_2496228894,1,2,15
13496.0,cluster_12013799527_12013799528_2190601967,0,0,15
13496.0,cluster_12013799529_12013799530_473195061,0,0,15
13497.0,2496228891,0,2,15
13497.0,cluster_12013799525_12013799526_2496228894,1,2,15
13497.0,cluster_12013799527_12013799528_2190601967,0,0,15
13497.0,cluster_12013799529_12013799530_473195061,0,0,15
13498.0,2496228891,0,2,15
13498.0,cluster_12013799525_12013799526_2496228894,1,2,15
13498.0,cluster_12013799527_12013799528_2190601967,0,0,15
13498.0,cluster_12013799529_12013799530_473195061,0,0,15
13499.0,2496228891,0,2,15
13499.0,cluster_12013799525_12013799526_2496228894,1,2,15
13499.0,cluster_12013799527_12013799528_2190601967,0,0,15
13499.0,cluster_12013799529_12013799530_473195061,0,0,15
13500.0,2496228891,0,2,15
13500.0,cluster_12013799525_12013799526_2496228894,0,2,15
13500.0,cluster_12013799527_12013799528_2190601967,0,0,15
13500.0,cluster_12013799529_12013799530_473195061,0,0,15
13501.0,2496228891,1,2,15
13501.0,cluster_12013799525_12013799526_2496228894,1,2,15
13501.0,cluster_12013799527_12013799528_2190601967,1,0,15
13501.0,cluster_12013799529_12013799530_473195061,1,0,15
13502.0,2496228891,1,2,15
13502.0,cluster_12013799525_12013799526_2496228894,1,2,15
13502.0,cluster_12013799527_12013799528_2190601967,1,0,15
13502.0,cluster_12013799529_12013799530_473195061,1,0,15
13503.0,2496228891,1,2,15
13503.0,cluster_12013799525_12013799526_2496228894,1,2,15
13503.0,cluster_12013799527_12013799528_2190601967,1,0,15
13503.0,cluster_12013799529_12013799530_473195061,1,0,15
13504.0,2496228891,1,2,15
13504.0,cluster_12013799525_12013799526_2496228894,1,2,15
13505.0,cluster_12013799525_12013799526_2496228894,2,2,15
13506.0,cluster_12013799525_12013799526_2496228894,2,2,15
13507.0,cluster_12013799527_12013799528_2190601967,4,2,21
13507.0,cluster_12013799529_12013799530_473195061,2,2,15
13508.0,2496228891,4,0,21
13508.0,cluster_12013799527_12013799528_2190601967,2,2,15
13508.0,cluster_12013799529_12013799530_473195061,2,2,15
13509.0,2496228891,3,0,15
13509.0,cluster_12013799527_12013799528_2190601967,3,2,15
13509.0,cluster_12013799529_12013799530_473195061,3,2,15
13510.0,2496228891,3,0,15
13510.0,cluster_12013799525_12013799526_2496228894,3,0,15
13510.0,cluster_12013799527_12013799528_2190601967,3,2,15
13510.0,cluster_12013799529_12013799530_473195061,3,2,15
13511.0,2496228891,3,0,15
13511.0,cluster_12013799525_12013799526_2496228894,2,0,15
13511.0,cluster_12013799527_12013799528_2190601967,2,2,15
13511.0,cluster_12013799529_12013799530_473195061,3,2,15
13512.0,2496228891,3,0,15
13512.0,cluster_12013799525_12013799526_2496228894,2,0,15
13512.0,cluster_12013799527_12013799528_2190601967,2,2,15
13512.0,cluster_12013799529_12013799530_473195061,4,2,23
13513.0,2496228891,4,0,23
13513.0,cluster_12013799525_12013799526_2496228894,3,0,15
13513.0,cluster_12013799527_12013799528_2190601967,3,2,15
13513.0,cluster_12013799529_12013799530_473195061,5,2,23
13514.0,2496228891,4,0,21
13514.0,cluster_12013799525_12013799526_2496228894,3,0,15
13514.0,cluster_12013799527_12013799528_2190601967,4,2,23
13514.0,cluster_12013799529_12013799530_473195061,5,2,21
13515.0,2496228891,4,0,21
13515.0,cluster_12013799525_12013799526_2496228894,2,0,15
13515.0,cluster_12013799527_12013799528_2190601967,3,2,15
13515.0,cluster_12013799529_12013799530_473195061,5,2,21
13516.0,2496228891,4,0,21
13516.0,cluster_12013799525_12013799526_2496228894,2,0,15
13516.0,cluster_12013799527_12013799528_2190601967,3,2,15
13516.0,cluster_12013799529_12013799530_473195061,5,2,21
13517.0,2496228891,5,0,23
13517.0,cluster_12013799525_12013799526_2496228894,2,0,15
13517.0,cluster_12013799527_12013799528_2190601967,4,2,23
13517.0,cluster_12013799529_12013799530_473195061,6,2,23
13518.0,2496228891,5,0,21
13518.0,cluster_12013799525_12013799526_2496228894,2,0,15
13518.0,cluster_12013799527_12013799528_2190601967,4,2,21
13518.0,cluster_12013799529_12013799530_473195061,6,2,21
13519.0,2496228891,5,0,21
13519.0,cluster_12013799525_12013799526_2496228894,1,0,15
13519.0,cluster_12013799527_12013799528_2190601967,3,2,15
13519.0,cluster_12013799529_12013799530_473195061,6,2,21
13520.0,2496228891,5,0,21
13520.0,cluster_12013799525_12013799526_2496228894,1,0,15
13520.0,cluster_12013799527_12013799528_2190601967,3,2,15
13520.0,cluster_12013799529_12013799530_473195061,6,2,21
13521.0,2496228891,5,0,21
13521.0,cluster_12013799525_12013799526_2496228894,1,0,15
13521.0,cluster_12013799527_12013799528_2190601967,3,2,15
13521.0,cluster_12013799529_12013799530_473195061,7,2,23
13522.0,2496228891,5,0,21
13522.0,cluster_12013799525_12013799526_2496228894,1,0,15
13522.0,cluster_12013799527_12013799528_2190601967,4,2,23
13522.0,cluster_12013799529_12013799530_473195061,7,2,21
13523.0,2496228891,5,0,21
13523.0,cluster_12013799525_12013799526_2496228894,0,0,15
13523.0,cluster_12013799527_12013799528_2190601967,2,2,15
13524.0,2496228891,5,0,21
13524.0,cluster_12013799525_12013799526_2496228894,0,0,15
13524.0,cluster_12013799527_12013799528_2190601967,3,2,15
13525.0,2496228891,5,0,21
13525.0,cluster_12013799525_12013799526_2496228894,0,0,15
13525.0,cluster_12013799527_12013799528_2190601967,4,2,23
13526.0,2496228891,4,0,21
13526.0,cluster_12013799527_12013799528_2190601967,4,2,21
13526.0,cluster_12013799529_12013799530_473195061,4,0,21
13527.0,2496228891,4,0,21
13527.0,cluster_12013799527_12013799528_2190601967,3,2,15
13527.0,cluster_12013799529_12013799530_473195061,4,0,21
13528.0,2496228891,4,0,21
13528.0,cluster_12013799527_12013799528_2190601967,2,2,15
13528.0,cluster_12013799529_12013799530_473195061,4,0,21
13529.0,2496228891,4,0,21
13529.0,cluster_12013799525_12013799526_2496228894,3,2,15
13529.0,cluster_12013799529_12013799530_473195061,4,0,21
13530.0,cluster_12013799525_12013799526_2496228894,3,2,15
13530.0,cluster_12013799529_12013799530_473195061,3,0,15
13531.0,cluster_12013799525_12013799526_2496228894,3,2,15
13531.0,cluster_12013799529_12013799530_473195061,3,0,15
13532.0,cluster_12013799525_12013799526_2496228894,3,2,15
13532.0,cluster_12013799527_12013799528_2190601967,7,0,21
13532.0,cluster_12013799529_12013799530_473195061,3,0,15
13533.0,2496228891,2,2,15
13533.0,cluster_12013799525_12013799526_2496228894,2,2,15
13533.0,cluster_12013799527_12013799528_2190601967,6,0,21
13533.0,cluster_12013799529_12013799530_473195061,2,0,15
13534.0,2496228891,2,2,15
13534.0,cluster_12013799525_12013799526_2496228894,2,2,15
13534.0,cluster_12013799527_12013799528_2190601967,6,0,21
13534.0,cluster_12013799529_12013799530_473195061,2,0,15
13535.0,2496228891,2,2,15
13535.0,cluster_12013799525_12013799526_2496228894,2,2,15
13535.0,cluster_12013799527_12013799528_2190601967,6,0,21
13535.0,cluster_12013799529_12013799530_473195061,2,0,15
13536.0,2496228891,2,2,15
13536.0,cluster_12013799525_12013799526_2496228894,2,2,15
13536.0,cluster_12013799527_12013799528_2190601967,5,0,21
13536.0,cluster_12013799529_12013799530_473195061,1,0,15
13537.0,2496228891,1,2,15
13537.0,cluster_12013799525_12013799526_2496228894,2,2,15
13537.0,cluster_12013799527_12013799528_2190601967,5,0,21
13537.0,cluster_12013799529_12013799530_473195061,1,0,15
13538.0,2496228891,1,2,15
13538.0,cluster_12013799525_12013799526_2496228894,2,2,15
13538.0,cluster_12013799527_12013799528_2190601967,5,0,21
13538.0,cluster_12013799529_12013799530_473195061,0,0,15
13539.0,2496228891,1,2,15
13539.0,cluster_12013799525_12013799526_2496228894,2,2,15
13539.0,cluster_12013799527_12013799528_2190601967,4,0,21
13539.0,cluster_12013799529_12013799530_473195061,0,0,15
13540.0,2496228891,0,2,15
13540.0,cluster_12013799525_12013799526_2496228894,2,2,15
13540.0,cluster_12013799527_12013799528_2190601967,4,0,21
13540.0,cluster_12013799529_12013799530_473195061,0,0,15
13541.0,2496228891,0,2,15
13541.0,cluster_12013799525_12013799526_2496228894,2,2,15
13541.0,cluster_12013799527_12013799528_2190601967,4,0,21
13541.0,cluster_12013799529_12013799530_473195061,0,0,15
13542.0,2496228891,0,2,15
13542.0,cluster_12013799525_12013799526_2496228894,2,2,15
13542.0,cluster_12013799527_12013799528_2190601967,3,0,15
13542.0,cluster_12013799529_12013799530_473195061,0,0,15
13543.0,2496228891,0,2,15
13543.0,cluster_12013799525_12013799526_2496228894,3,2,15
13543.0,cluster_12013799527_12013799528_2190601967,3,0,15
13543.0,cluster_12013799529_12013799530_473195061,0,0,15
13544.0,2496228891,0,2,15
13544.0,cluster_12013799525_12013799526_2496228894,3,2,15
13544.0,cluster_12013799527_12013799528_2190601967,2,0,15
13544.0,cluster_12013799529_12013799530_473195061,0,0,15
13545.0,2496228891,0,2,15
13545.0,cluster_12013799527_12013799528_2190601967,2,0,15
13545.0,cluster_12013799529_12013799530_473195061,0,0,15
13546.0,2496228891,0,2,15
13546.0,cluster_12013799527_12013799528_2190601967,1,0,15
13546.0,cluster_12013799529_12013799530_473195061,0,0,15
13547.0,2496228891,0,2,15
13547.0,cluster_12013799527_12013799528_2190601967,1,0,15
13547.0,cluster_12013799529_12013799530_473195061,0,0,15
13548.0,2496228891,0,2,15
13548.0,cluster_12013799525_12013799526_2496228894,0,0,15
13548.0,cluster_12013799527_12013799528_2190601967,0,0,15
13549.0,cluster_12013799525_12013799526_2496228894,0,0,15
13549.0,cluster_12013799527_12013799528_2190601967,0,0,15
13550.0,cluster_12013799525_12013799526_2496228894,0,0,15
13550.0,cluster_12013799527_12013799528_2190601967,0,0,15
13551.0,cluster_12013799525_12013799526_2496228894,0,0,15
13551.0,cluster_12013799527_12013799528_2190601967,0,0,15
13551.0,cluster_12013799529_12013799530_473195061,6,2,21
13552.0,2496228891,2,0,15
13552.0,cluster_12013799525_12013799526_2496228894,0,0,15
13552.0,cluster_12013799527_12013799528_2190601967,0,0,15
13552.0,cluster_12013799529_12013799530_473195061,6,2,21
13553.0,2496228891,2,0,15
13553.0,cluster_12013799525_12013799526_2496228894,0,0,15
13553.0,cluster_12013799527_12013799528_2190601967,0,0,15
13553.0,cluster_12013799529_12013799530_473195061,5,2,21
13554.0,2496228891,2,0,15
13554.0,cluster_12013799525_12013799526_2496228894,0,0,15
13554.0,cluster_12013799529_12013799530_473195061,5,2,21
13555.0,2496228891,2,0,15
13555.0,cluster_12013799525_12013799526_2496228894,0,0,15
13555.0,cluster_12013799529_12013799530_473195061,3,2,15
13556.0,2496228891,3,0,15
13556.0,cluster_12013799525_12013799526_2496228894,0,0,15
13556.0,cluster_12013799529_12013799530_473195061,3,2,15
13557.0,2496228891,3,0,15
13557.0,cluster_12013799525_12013799526_2496228894,0,0,15
13557.0,cluster_12013799527_12013799528_2190601967,2,2,15
13557.0,cluster_12013799529_12013799530_473195061,1,2,15
13558.0,2496228891,3,0,15
13558.0,cluster_12013799525_12013799526_2496228894,0,0,15
13558.0,cluster_12013799527_12013799528_2190601967,1,2,15
13558.0,cluster_12013799529_12013799530_473195061,1,2,15
13559.0,2496228891,2,0,15
13559.0,cluster_12013799525_12013799526_2496228894,0,0,15
13559.0,cluster_12013799527_12013799528_2190601967,1,2,15
13559.0,cluster_12013799529_12013799530_473195061,1,2,15
13560.0,2496228891,0,0,15
13560.0,cluster_12013799525_12013799526_2496228894,0,0,15
13560.0,cluster_12013799527_12013799528_2190601967,1,2,15
13560.0,cluster_12013799529_12013799530_473195061,0,2,15
13561.0,2496228891,1,0,15
13561.0,cluster_12013799525_12013799526_2496228894,0,0,15
13561.0,cluster_12013799527_12013799528_2190601967,1,2,15
13561.0,cluster_12013799529_12013799530_473195061,0,2,15
13562.0,2496228891,1,0,15
13562.0,cluster_12013799525_12013799526_2496228894,0,0,15
13562.0,cluster_12013799527_12013799528_2190601967,0,2,15
13562.0,cluster_12013799529_12013799530_473195061,1,2,15
13563.0,2496228891,2,0,15
13563.0,cluster_12013799525_12013799526_2496228894,0,0,15
13563.0,cluster_12013799527_12013799528_2190601967,0,2,15
13563.0,cluster_12013799529_12013799530_473195061,1,2,15
13564.0,2496228891,2,0,15
13564.0,cluster_12013799527_12013799528_2190601967,0,2,15
13564.0,cluster_12013799529_12013799530_473195061,2,2,15
13565.0,2496228891,3,0,15
13565.0,cluster_12013799527_12013799528_2190601967,0,2,15
13565.0,cluster_12013799529_12013799530_473195061,2,2,15
13566.0,2496228891,3,0,15
13566.0,cluster_12013799527_12013799528_2190601967,0,2,15
13566.0,cluster_12013799529_12013799530_473195061,2,2,15
13567.0,2496228891,2,0,15
13567.0,cluster_12013799525_12013799526_2496228894,5,2,21
13567.0,cluster_12013799527_12013799528_2190601967,0,2,15
13567.0,cluster_12013799529_12013799530_473195061,2,2,15
13568.0,cluster_12013799525_12013799526_2496228894,4,2,21
13568.0,cluster_12013799527_12013799528_2190601967,0,2,15
13568.0,cluster_12013799529_12013799530_473195061,2,2,15
13569.0,cluster_12013799525_12013799526_2496228894,5,2,23
13569.0,cluster_12013799527_12013799528_2190601967,0,2,15
13569.0,cluster_12013799529_12013799530_473195061,2,2,15
13570.0,cluster_12013799525_12013799526_2496228894,5,2,23
13570.0,cluster_12013799527_12013799528_2190601967,0,2,15
13570.0,cluster_12013799529_12013799530_473195061,2,2,15
13571.0,2496228891,0,2,15
13571.0,cluster_12013799525_12013799526_2496228894,4,2,21
13571.0,cluster_12013799527_12013799528_2190601967,0,2,15
13571.0,cluster_12013799529_12013799530_473195061,2,2,15
13572.0,2496228891,0,2,15
13572.0,cluster_12013799525_12013799526_2496228894,4,2,21
13572.0,cluster_12013799527_12013799528_2190601967,1,2,15
13572.0,cluster_12013799529_12013799530_473195061,2,2,15
13573.0,2496228891,0,2,15
13573.0,cluster_12013799525_12013799526_2496228894,4,2,23
13574.0,2496228891,0,2,15
13574.0,cluster_12013799525_12013799526_2496228894,3,2,15
13575.0,2496228891,0,2,15
13575.0,cluster_12013799525_12013799526_2496228894,3,2,15
13576.0,2496228891,0,2,15
13576.0,cluster_12013799525_12013799526_2496228894,3,2,15
13576.0,cluster_12013799527_12013799528_2190601967,0,0,15
13576.0,cluster_12013799529_12013799530_473195061,0,0,15
13577.0,2496228891,0,2,15
13577.0,cluster_12013799525_12013799526_2496228894,2,2,15
13577.0,cluster_12013799527_12013799528_2190601967,0,0,15
13577.0,cluster_12013799529_12013799530_473195061,0,0,15
13578.0,2496228891,0,2,15
13578.0,cluster_12013799525_12013799526_2496228894,2,2,15
13578.0,cluster_12013799527_12013799528_2190601967,0,0,15
13578.0,cluster_12013799529_12013799530_473195061,0,0,15
13579.0,2496228891,0,2,15
13579.0,cluster_12013799525_12013799526_2496228894,1,2,15
13579.0,cluster_12013799527_12013799528_2190601967,0,0,15
13579.0,cluster_12013799529_12013799530_473195061,0,0,15
13580.0,2496228891,0,2,15
13580.0,cluster_12013799525_12013799526_2496228894,1,2,15
13580.0,cluster_12013799527_12013799528_2190601967,0,0,15
13580.0,cluster_12013799529_12013799530_473195061,0,0,15
13581.0,2496228891,0,2,15
13581.0,cluster_12013799525_12013799526_2496228894,0,2,15
13581.0,cluster_12013799527_12013799528_2190601967,0,0,15
13581.0,cluster_12013799529_12013799530_473195061,0,0,15
13582.0,2496228891,0,2,15
13582.0,cluster_12013799525_12013799526_2496228894,0,2,15
13582.0,cluster_12013799527_12013799528_2190601967,0,0,15
13582.0,cluster_12013799529_12013799530_473195061,0,0,15
13583.0,2496228891,0,2,15
13583.0,cluster_12013799525_12013799526_2496228894,0,2,15
13583.0,cluster_12013799527_12013799528_2190601967,0,0,15
13583.0,cluster_12013799529_12013799530_473195061,0,0,15
13584.0,2496228891,0,2,15
13584.0,cluster_12013799525_12013799526_2496228894,0,2,15
13584.0,cluster_12013799527_12013799528_2190601967,0,0,15
13584.0,cluster_12013799529_12013799530_473195061,0,0,15
13585.0,2496228891,0,2,15
13585.0,cluster_12013799525_12013799526_2496228894,0,2,15
13585.0,cluster_12013799527_12013799528_2190601967,0,0,15
13585.0,cluster_12013799529_12013799530_473195061,0,0,15
13586.0,2496228891,0,2,15
13586.0,cluster_12013799525_12013799526_2496228894,0,2,15
13586.0,cluster_12013799527_12013799528_2190601967,0,0,15
13586.0,cluster_12013799529_12013799530_473195061,0,0,15
13587.0,cluster_12013799525_12013799526_2496228894,0,2,15
13587.0,cluster_12013799527_12013799528_2190601967,0,0,15
13587.0,cluster_12013799529_12013799530_473195061,0,0,15
13588.0,cluster_12013799525_12013799526_2496228894,0,2,15
13588.0,cluster_12013799527_12013799528_2190601967,0,0,15
13588.0,cluster_12013799529_12013799530_473195061,0,0,15
13589.0,cluster_12013799527_12013799528_2190601967,0,0,15
13589.0,cluster_12013799529_12013799530_473195061,0,0,15
13590.0,2496228891,1,0,15
13590.0,cluster_12013799527_12013799528_2190601967,0,0,15
13590.0,cluster_12013799529_12013799530_473195061,0,0,15
13591.0,2496228891,0,0,15
13591.0,cluster_12013799527_12013799528_2190601967,0,0,15
13591.0,cluster_12013799529_12013799530_473195061,0,0,15
13592.0,2496228891,0,0,15
13592.0,cluster_12013799525_12013799526_2496228894,0,0,15
13593.0,2496228891,0,0,15
13593.0,cluster_12013799525_12013799526_2496228894,0,0,15
13594.0,2496228891,0,0,15
13594.0,cluster_12013799525_12013799526_2496228894,0,0,15
13595.0,2496228891,0,0,15
13595.0,cluster_12013799525_12013799526_2496228894,0,0,15
13595.0,cluster_12013799527_12013799528_2190601967,3,2,15
13595.0,cluster_12013799529_12013799530_473195061,1,2,15
13596.0,2496228891,0,0,15
13596.0,cluster_12013799525_12013799526_2496228894,0,0,15
13596.0,cluster_12013799527_12013799528_2190601967,1,2,15
13596.0,cluster_12013799529_12013799530_473195061,1,2,15
13597.0,2496228891,0,0,15
13597.0,cluster_12013799525_12013799526_2496228894,0,0,15
13597.0,cluster_12013799527_12013799528_2190601967,1,2,15
13597.0,cluster_12013799529_12013799530_473195061,1,2,15
13598.0,2496228891,0,0,15
13598.0,cluster_12013799525_12013799526_2496228894,0,0,15
13598.0,cluster_12013799527_12013799528_2190601967,1,2,15
13598.0,cluster_12013799529_12013799530_473195061,1,2,15
13599.0,2496228891,0,0,15
13599.0,cluster_12013799525_12013799526_2496228894,0,0,15
13599.0,cluster_12013799527_12013799528_2190601967,1,2,15
13599.0,cluster_12013799529_12013799530_473195061,1,2,15
13600.0,2496228891,0,0,15
13600.0,cluster_12013799525_12013799526_2496228894,0,0,15
13600.0,cluster_12013799527_12013799528_2190601967,0,2,15
13600.0,cluster_12013799529_12013799530_473195061,1,2,15
13601.0,2496228891,3,0,15
13601.0,cluster_12013799525_12013799526_2496228894,1,0,15
13601.0,cluster_12013799527_12013799528_2190601967,1,2,15
13601.0,cluster_12013799529_12013799530_473195061,2,2,15
13602.0,2496228891,3,0,15
13602.0,cluster_12013799525_12013799526_2496228894,1,0,15
13602.0,cluster_12013799527_12013799528_2190601967,1,2,15
13602.0,cluster_12013799529_12013799530_473195061,2,2,15
13603.0,2496228891,3,0,15
13603.0,cluster_12013799525_12013799526_2496228894,1,0,15
13603.0,cluster_12013799527_12013799528_2190601967,1,2,15
13603.0,cluster_12013799529_12013799530_473195061,2,2,15
13604.0,2496228891,3,0,15
13604.0,cluster_12013799525_12013799526_2496228894,1,0,15
13604.0,cluster_12013799527_12013799528_2190601967,1,2,15
13604.0,cluster_12013799529_12013799530_473195061,2,2,15
13605.0,2496228891,2,0,15
13605.0,cluster_12013799525_12013799526_2496228894,2,0,15
13605.0,cluster_12013799527_12013799528_2190601967,2,2,15
13605.0,cluster_12013799529_12013799530_473195061,3,2,15
13606.0,cluster_12013799525_12013799526_2496228894,2,0,15
13606.0,cluster_12013799527_12013799528_2190601967,2,2,15
13606.0,cluster_12013799529_12013799530_473195061,3,2,15
13607.0,cluster_12013799525_12013799526_2496228894,2,0,15
13607.0,cluster_12013799527_12013799528_2190601967,2,2,15
13607.0,cluster_12013799529_12013799530_473195061,3,2,15
13608.0,cluster_12013799527_12013799528_2190601967,2,2,15
13608.0,cluster_12013799529_12013799530_473195061,3,2,15
13609.0,2496228891,2,2,15
13609.0,cluster_12013799527_12013799528_2190601967,3,2,15
13609.0,cluster_12013799529_12013799530_473195061,4,2,23
13610.0,2496228891,3,2,15
13610.0,cluster_12013799527_12013799528_2190601967,3,2,15
13610.0,cluster_12013799529_12013799530_473195061,3,2,15
13611.0,2496228891,3,2,15
13611.0,cluster_12013799525_12013799526_2496228894,4,2,21
13612.0,2496228891,3,2,15
13612.0,cluster_12013799525_12013799526_2496228894,3,2,15
13613.0,2496228891,2,2,15
13613.0,cluster_12013799525_12013799526_2496228894,2,2,15
13614.0,2496228891,3,2,15
13614.0,cluster_12013799525_12013799526_2496228894,3,2,15
13614.0,cluster_12013799527_12013799528_2190601967,4,0,21
13614.0,cluster_12013799529_12013799530_473195061,4,0,21
13615.0,2496228891,3,2,15
13615.0,cluster_12013799525_12013799526_2496228894,3,2,15
13615.0,cluster_12013799527_12013799528_2190601967,4,0,21
13615.0,cluster_12013799529_12013799530_473195061,4,0,21
13616.0,2496228891,3,2,15
13616.0,cluster_12013799525_12013799526_2496228894,3,2,15
13616.0,cluster_12013799527_12013799528_2190601967,4,0,21
13616.0,cluster_12013799529_12013799530_473195061,4,0,21
13617.0,2496228891,2,2,15
13617.0,cluster_12013799525_12013799526_2496228894,2,2,15
13617.0,cluster_12013799527_12013799528_2190601967,4,0,21
13617.0,cluster_12013799529_12013799530_473195061,5,0,23
13618.0,2496228891,2,2,15
13618.0,cluster_12013799525_12013799526_2496228894,2,2,15
13618.0,cluster_12013799527_12013799528_2190601967,4,0,21
13618.0,cluster_12013799529_12013799530_473195061,4,0,21
13619.0,2496228891,2,2,15
13619.0,cluster_12013799525_12013799526_2496228894,3,2,15
13619.0,cluster_12013799527_12013799528_2190601967,4,0,21
13619.0,cluster_12013799529_12013799530_473195061,4,0,21
13620.0,2496228891,2,2,15
13620.0,cluster_12013799525_12013799526_2496228894,3,2,15
13620.0,cluster_12013799527_12013799528_2190601967,4,0,21
13620.0,cluster_12013799529_12013799530_473195061,4,0,21
13621.0,2496228891,2,2,15
13621.0,cluster_12013799525_12013799526_2496228894,3,2,15
13621.0,cluster_12013799527_12013799528_2190601967,5,0,23
13621.0,cluster_12013799529_12013799530_473195061,4,0,21
13622.0,2496228891,1,2,15
13622.0,cluster_12013799525_12013799526_2496228894,2,2,15
13622.0,cluster_12013799527_12013799528_2190601967,5,0,21
13622.0,cluster_12013799529_12013799530_473195061,3,0,15
13623.0,2496228891,1,2,15
13623.0,cluster_12013799525_12013799526_2496228894,2,2,15
13623.0,cluster_12013799527_12013799528_2190601967,4,0,21
13623.0,cluster_12013799529_12013799530_473195061,3,0,15
13624.0,2496228891,1,2,15
13624.0,cluster_12013799525_12013799526_2496228894,3,2,15
13624.0,cluster_12013799527_12013799528_2190601967,4,0,21
13624.0,cluster_12013799529_12013799530_473195061,3,0,15
13625.0,cluster_12013799525_12013799526_2496228894,3,2,15
13625.0,cluster_12013799527_12013799528_2190601967,5,0,23
13625.0,cluster_12013799529_12013799530_473195061,3,0,15
13626.0,cluster_12013799525_12013799526_2496228894,3,2,15
13626.0,cluster_12013799527_12013799528_2190601967,5,0,21
13626.0,cluster_12013799529_12013799530_473195061,3,0,15
13627.0,cluster_12013799525_12013799526_2496228894,3,2,15
13627.0,cluster_12013799527_12013799528_2190601967,5,0,21
13627.0,cluster_12013799529_12013799530_473195061,2,0,15
13628.0,2496228891,6,0,21
13628.0,cluster_12013799525_12013799526_2496228894,3,2,15
13628.0,cluster_12013799527_12013799528_2190601967,5,0,21
13628.0,cluster_12013799529_12013799530_473195061,2,0,15
13629.0,2496228891,3,0,15
13629.0,cluster_12013799525_12013799526_2496228894,2,2,15
13629.0,cluster_12013799527_12013799528_2190601967,4,0,21
13629.0,cluster_12013799529_12013799530_473195061,2,0,15
13630.0,2496228891,2,0,15
13630.0,cluster_12013799525_12013799526_2496228894,2,2,15
13630.0,cluster_12013799527_12013799528_2190601967,4,0,21
13630.0,cluster_12013799529_12013799530_473195061,1,0,15
13631.0,2496228891,2,0,15
13631.0,cluster_12013799525_12013799526_2496228894,3,2,15
13631.0,cluster_12013799527_12013799528_2190601967,3,0,15
13631.0,cluster_12013799529_12013799530_473195061,1,0,15
13632.0,2496228891,2,0,15
13632.0,cluster_12013799525_12013799526_2496228894,3,2,15
13632.0,cluster_12013799527_12013799528_2190601967,3,0,15
13632.0,cluster_12013799529_12013799530_473195061,1,0,15
13633.0,2496228891,2,0,15
13633.0,cluster_12013799527_12013799528_2190601967,3,0,15
13633.0,cluster_12013799529_12013799530_473195061,1,0,15
13634.0,2496228891,1,0,15
13634.0,cluster_12013799527_12013799528_2190601967,3,0,15
13634.0,cluster_12013799529_12013799530_473195061,0,0,15
13635.0,2496228891,0,0,15
13635.0,cluster_12013799527_12013799528_2190601967,3,0,15
13635.0,cluster_12013799529_12013799530_473195061,0,0,15
13636.0,2496228891,1,0,15
13636.0,cluster_12013799525_12013799526_2496228894,3,0,15
13637.0,2496228891,1,0,15
13637.0,cluster_12013799525_12013799526_2496228894,3,0,15
13638.0,2496228891,2,0,15
13638.0,cluster_12013799525_12013799526_2496228894,3,0,15
13639.0,2496228891,2,0,15
13639.0,cluster_12013799525_12013799526_2496228894,3,0,15
13639.0,cluster_12013799527_12013799528_2190601967,3,2,15
13639.0,cluster_12013799529_12013799530_473195061,5,2,21
13640.0,2496228891,2,0,15
13640.0,cluster_12013799525_12013799526_2496228894,2,0,15
13640.0,cluster_12013799527_12013799528_2190601967,2,2,15
13640.0,cluster_12013799529_12013799530_473195061,5,2,21
13641.0,2496228891,3,0,15
13641.0,cluster_12013799525_12013799526_2496228894,2,0,15
13641.0,cluster_12013799527_12013799528_2190601967,2,2,15
13641.0,cluster_12013799529_12013799530_473195061,5,2,21
13642.0,2496228891,2,0,15
13642.0,cluster_12013799525_12013799526_2496228894,2,0,15
13642.0,cluster_12013799527_12013799528_2190601967,3,2,15
13642.0,cluster_12013799529_12013799530_473195061,5,2,21
13643.0,2496228891,2,0,15
13643.0,cluster_12013799525_12013799526_2496228894,1,0,15
13643.0,cluster_12013799527_12013799528_2190601967,2,2,15
13643.0,cluster_12013799529_12013799530_473195061,5,2,21
13644.0,2496228891,2,0,15
13644.0,cluster_12013799525_12013799526_2496228894,1,0,15
13644.0,cluster_12013799527_12013799528_2190601967,3,2,15
13644.0,cluster_12013799529_12013799530_473195061,5,2,21
13645.0,2496228891,1,0,15
13645.0,cluster_12013799525_12013799526_2496228894,1,0,15
13645.0,cluster_12013799527_12013799528_2190601967,3,2,15
13645.0,cluster_12013799529_12013799530_473195061,4,2,21
13646.0,2496228891,1,0,15
13646.0,cluster_12013799525_12013799526_2496228894,0,0,15
13646.0,cluster_12013799527_12013799528_2190601967,2,2,15
13646.0,cluster_12013799529_12013799530_473195061,4,2,21
13647.0,2496228891,2,0,15
13647.0,cluster_12013799525_12013799526_2496228894,0,0,15
13647.0,cluster_12013799527_12013799528_2190601967,3,2,15
13647.0,cluster_12013799529_12013799530_473195061,3,2,15
13648.0,2496228891,2,0,15
13648.0,cluster_12013799525_12013799526_2496228894,0,0,15
13648.0,cluster_12013799527_12013799528_2190601967,3,2,15
13648.0,cluster_12013799529_12013799530_473195061,3,2,15
13649.0,2496228891,2,0,15
13649.0,cluster_12013799525_12013799526_2496228894,0,0,15
13649.0,cluster_12013799527_12013799528_2190601967,3,2,15
13649.0,cluster_12013799529_12013799530_473195061,3,2,15
13650.0,cluster_12013799525_12013799526_2496228894,0,0,15
13650.0,cluster_12013799527_12013799528_2190601967,4,2,23
13650.0,cluster_12013799529_12013799530_473195061,2,2,15
13651.0,cluster_12013799525_12013799526_2496228894,0,0,15
13651.0,cluster_12013799527_12013799528_2190601967,4,2,21
13651.0,cluster_12013799529_12013799530_473195061,2,2,15
13652.0,cluster_12013799527_12013799528_2190601967,4,2,23
13652.0,cluster_12013799529_12013799530_473195061,2,2,15
13653.0,2496228891,1,2,15
13653.0,cluster_12013799527_12013799528_2190601967,3,2,15
13653.0,cluster_12013799529_12013799530_473195061,2,2,15
13654.0,2496228891,0,2,15
13654.0,cluster_12013799527_12013799528_2190601967,1,2,15
13654.0,cluster_12013799529_12013799530_473195061,2,2,15
13655.0,2496228891,0,2,15
13655.0,cluster_12013799525_12013799526_2496228894,3,2,15
13655.0,cluster_12013799529_12013799530_473195061,3,2,15
13656.0,2496228891,0,2,15
13656.0,cluster_12013799525_12013799526_2496228894,3,2,15
13656.0,cluster_12013799529_12013799530_473195061,3,2,15
13657.0,2496228891,0,2,15
13657.0,cluster_12013799525_12013799526_2496228894,3,2,15
13657.0,cluster_12013799529_12013799530_473195061,3,2,15
13658.0,2496228891,0,2,15
13658.0,cluster_12013799525_12013799526_2496228894,4,2,23
13658.0,cluster_12013799527_12013799528_2190601967,2,0,15
13658.0,cluster_12013799529_12013799530_473195061,3,2,15
13659.0,2496228891,0,2,15
13659.0,cluster_12013799525_12013799526_2496228894,3,2,15
13659.0,cluster_12013799527_12013799528_2190601967,1,0,15
13659.0,cluster_12013799529_12013799530_473195061,2,2,15
13660.0,2496228891,0,2,15
13660.0,cluster_12013799525_12013799526_2496228894,2,2,15
13660.0,cluster_12013799527_12013799528_2190601967,1,0,15
13660.0,cluster_12013799529_12013799530_473195061,2,2,15
13661.0,2496228891,0,2,15
13661.0,cluster_12013799525_12013799526_2496228894,1,2,15
13661.0,cluster_12013799527_12013799528_2190601967,1,0,15
13662.0,2496228891,0,2,15
13662.0,cluster_12013799525_12013799526_2496228894,1,2,15
13662.0,cluster_12013799527_12013799528_2190601967,1,0,15
13663.0,2496228891,0,2,15
13663.0,cluster_12013799525_12013799526_2496228894,1,2,15
13663.0,cluster_12013799527_12013799528_2190601967,0,0,15
13664.0,2496228891,0,2,15
13664.0,cluster_12013799525_12013799526_2496228894,1,2,15
13664.0,cluster_12013799527_12013799528_2190601967,0,0,15
13664.0,cluster_12013799529_12013799530_473195061,0,0,15
13665.0,2496228891,0,2,15
13665.0,cluster_12013799525_12013799526_2496228894,1,2,15
13665.0,cluster_12013799527_12013799528_2190601967,0,0,15
13665.0,cluster_12013799529_12013799530_473195061,0,0,15
13666.0,2496228891,0,2,15
13666.0,cluster_12013799525_12013799526_2496228894,1,2,15
13666.0,cluster_12013799527_12013799528_2190601967,0,0,15
13666.0,cluster_12013799529_12013799530_473195061,0,0,15
13667.0,2496228891,0,2,15
13667.0,cluster_12013799525_12013799526_2496228894,1,2,15
13667.0,cluster_12013799527_12013799528_2190601967,0,0,15
13667.0,cluster_12013799529_12013799530_473195061,0,0,15
13668.0,2496228891,0,2,15
13668.0,cluster_12013799525_12013799526_2496228894,1,2,15
13668.0,cluster_12013799527_12013799528_2190601967,0,0,15
13668.0,cluster_12013799529_12013799530_473195061,0,0,15
13669.0,cluster_12013799525_12013799526_2496228894,1,2,15
13669.0,cluster_12013799527_12013799528_2190601967,0,0,15
13669.0,cluster_12013799529_12013799530_473195061,0,0,15
13670.0,cluster_12013799525_12013799526_2496228894,0,2,15
13670.0,cluster_12013799527_12013799528_2190601967,0,0,15
13670.0,cluster_12013799529_12013799530_473195061,0,0,15
13671.0,cluster_12013799527_12013799528_2190601967,0,0,15
13671.0,cluster_12013799529_12013799530_473195061,0,0,15
13672.0,2496228891,3,0,15
13672.0,cluster_12013799527_12013799528_2190601967,0,0,15
13672.0,cluster_12013799529_12013799530_473195061,0,0,15
13673.0,2496228891,1,0,15
13673.0,cluster_12013799527_12013799528_2190601967,0,0,15
13673.0,cluster_12013799529_12013799530_473195061,0,0,15
13674.0,2496228891,1,0,15
13674.0,cluster_12013799525_12013799526_2496228894,0,0,15
13674.0,cluster_12013799529_12013799530_473195061,0,0,15
13675.0,2496228891,1,0,15
13675.0,cluster_12013799525_12013799526_2496228894,0,0,15
13675.0,cluster_12013799529_12013799530_473195061,0,0,15
13676.0,2496228891,1,0,15
13676.0,cluster_12013799525_12013799526_2496228894,0,0,15
13676.0,cluster_12013799529_12013799530_473195061,0,0,15
13677.0,2496228891,0,0,15
13677.0,cluster_12013799525_12013799526_2496228894,0,0,15
13677.0,cluster_12013799527_12013799528_2190601967,5,2,21
13677.0,cluster_12013799529_12013799530_473195061,0,0,15
13678.0,2496228891,0,0,15
13678.0,cluster_12013799525_12013799526_2496228894,0,0,15
13678.0,cluster_12013799527_12013799528_2190601967,3,2,15
13678.0,cluster_12013799529_12013799530_473195061,0,0,15
13679.0,2496228891,0,0,15
13679.0,cluster_12013799525_12013799526_2496228894,0,0,15
13679.0,cluster_12013799527_12013799528_2190601967,3,2,15
13679.0,cluster_12013799529_12013799530_473195061,0,0,15
13680.0,2496228891,0,0,15
13680.0,cluster_12013799525_12013799526_2496228894,0,0,15
13680.0,cluster_12013799527_12013799528_2190601967,3,2,15
13681.0,2496228891,0,0,15
13681.0,cluster_12013799525_12013799526_2496228894,0,0,15
13681.0,cluster_12013799527_12013799528_2190601967,3,2,15
13682.0,2496228891,0,0,15
13682.0,cluster_12013799525_12013799526_2496228894,0,0,15
13682.0,cluster_12013799527_12013799528_2190601967,1,2,15
13683.0,2496228891,0,0,15
13683.0,cluster_12013799525_12013799526_2496228894,0,0,15
13683.0,cluster_12013799527_12013799528_2190601967,1,2,15
13683.0,cluster_12013799529_12013799530_473195061,3,2,15
13684.0,2496228891,0,0,15
13684.0,cluster_12013799525_12013799526_2496228894,0,0,15
13684.0,cluster_12013799527_12013799528_2190601967,1,2,15
13684.0,cluster_12013799529_12013799530_473195061,2,2,15
13685.0,2496228891,0,0,15
13685.0,cluster_12013799525_12013799526_2496228894,0,0,15
13685.0,cluster_12013799527_12013799528_2190601967,1,2,15
13685.0,cluster_12013799529_12013799530_473195061,3,2,15
13686.0,2496228891,0,0,15
13686.0,cluster_12013799525_12013799526_2496228894,0,0,15
13686.0,cluster_12013799527_12013799528_2190601967,0,2,15
13686.0,cluster_12013799529_12013799530_473195061,3,2,15
13687.0,2496228891,0,0,15
13687.0,cluster_12013799525_12013799526_2496228894,0,0,15
13687.0,cluster_12013799527_12013799528_2190601967,0,2,15
13687.0,cluster_12013799529_12013799530_473195061,3,2,15
13688.0,cluster_12013799525_12013799526_2496228894,0,0,15
13688.0,cluster_12013799527_12013799528_2190601967,0,2,15
13688.0,cluster_12013799529_12013799530_473195061,3,2,15
13689.0,cluster_12013799525_12013799526_2496228894,0,0,15
13689.0,cluster_12013799527_12013799528_2190601967,0,2,15
13689.0,cluster_12013799529_12013799530_473195061,3,2,15
13690.0,cluster_12013799527_12013799528_2190601967,0,2,15
13690.0,cluster_12013799529_12013799530_473195061,3,2,15
13691.0,2496228891,0,2,15
13691.0,cluster_12013799527_12013799528_2190601967,0,2,15
13691.0,cluster_12013799529_12013799530_473195061,3,2,15
13692.0,2496228891,0,2,15
13692.0,cluster_12013799527_12013799528_2190601967,0,2,15
13692.0,cluster_12013799529_12013799530_473195061,3,2,15
13693.0,2496228891,0,2,15
13693.0,cluster_12013799525_12013799526_2496228894,1,2,15
13693.0,cluster_12013799527_12013799528_2190601967,0,2,15
13693.0,cluster_12013799529_12013799530_473195061,2,2,15
13694.0,2496228891,0,2,15
13694.0,cluster_12013799525_12013799526_2496228894,0,2,15
13694.0,cluster_12013799527_12013799528_2190601967,0,2,15
13694.0,cluster_12013799529_12013799530_473195061,2,2,15
13695.0,2496228891,0,2,15
13695.0,cluster_12013799525_12013799526_2496228894,0,2,15
13695.0,cluster_12013799527_12013799528_2190601967,0,2,15
13695.0,cluster_12013799529_12013799530_473195061,1,2,15
13696.0,2496228891,0,2,15
13696.0,cluster_12013799525_12013799526_2496228894,0,2,15
13696.0,cluster_12013799527_12013799528_2190601967,0,2,15
13696.0,cluster_12013799529_12013799530_473195061,1,2,15
13697.0,2496228891,0,2,15
13697.0,cluster_12013799525_12013799526_2496228894,0,2,15
13697.0,cluster_12013799527_12013799528_2190601967,0,2,15
13697.0,cluster_12013799529_12013799530_473195061,1,2,15
13698.0,2496228891,0,2,15
13698.0,cluster_12013799525_12013799526_2496228894,0,2,15
13698.0,cluster_12013799527_12013799528_2190601967,0,2,15
13698.0,cluster_12013799529_12013799530_473195061,1,2,15
13699.0,2496228891,0,2,15
13699.0,cluster_12013799525_12013799526_2496228894,0,2,15
13700.0,2496228891,0,2,15
13700.0,cluster_12013799525_12013799526_2496228894,0,2,15
13701.0,2496228891,1,2,15
13701.0,cluster_12013799525_12013799526_2496228894,1,2,15
13702.0,2496228891,1,2,15
13702.0,cluster_12013799525_12013799526_2496228894,1,2,15
13702.0,cluster_12013799527_12013799528_2190601967,1,0,15
13702.0,cluster_12013799529_12013799530_473195061,1,0,15
13703.0,2496228891,1,2,15
13703.0,cluster_12013799525_12013799526_2496228894,1,2,15
13703.0,cluster_12013799527_12013799528_2190601967,1,0,15
13703.0,cluster_12013799529_12013799530_473195061,1,0,15
13704.0,2496228891,1,2,15
13704.0,cluster_12013799525_12013799526_2496228894,1,2,15
13704.0,cluster_12013799527_12013799528_2190601967,1,0,15
13704.0,cluster_12013799529_12013799530_473195061,1,0,15
13705.0,2496228891,2,2,15
13705.0,cluster_12013799525_12013799526_2496228894,2,2,15
13705.0,cluster_12013799527_12013799528_2190601967,2,0,15
13705.0,cluster_12013799529_12013799530_473195061,2,0,15
13706.0,2496228891,2,2,15
13706.0,cluster_12013799525_12013799526_2496228894,2,2,15
13706.0,cluster_12013799527_12013799528_2190601967,2,0,15
13706.0,cluster_12013799529_12013799530_473195061,2,0,15
13707.0,cluster_12013799525_12013799526_2496228894,2,2,15
13707.0,cluster_12013799527_12013799528_2190601967,2,0,15
13707.0,cluster_12013799529_12013799530_473195061,2,0,15
13708.0,cluster_12013799525_12013799526_2496228894,2,2,15
13708.0,cluster_12013799527_12013799528_2190601967,2,0,15
13708.0,cluster_12013799529_12013799530_473195061,2,0,15
13709.0,cluster_12013799527_12013799528_2190601967,3,0,15
13709.0,cluster_12013799529_12013799530_473195061,3,0,15
13710.0,2496228891,5,0,21
13710.0,cluster_12013799527_12013799528_2190601967,3,0,15
13710.0,cluster_12013799529_12013799530_473195061,3,0,15
13711.0,2496228891,3,0,15
13711.0,cluster_12013799527_12013799528_2190601967,3,0,15
13711.0,cluster_12013799529_12013799530_473195061,3,0,15
13712.0,2496228891,3,0,15
13712.0,cluster_12013799525_12013799526_2496228894,2,0,15
13712.0,cluster_12013799527_12013799528_2190601967,3,0,15
13712.0,cluster_12013799529_12013799530_473195061,3,0,15
13713.0,2496228891,4,0,23
13713.0,cluster_12013799525_12013799526_2496228894,3,0,15
13713.0,cluster_12013799527_12013799528_2190601967,4,0,23
13713.0,cluster_12013799529_12013799530_473195061,4,0,21
13714.0,2496228891,4,0,21
13714.0,cluster_12013799525_12013799526_2496228894,3,0,15
13714.0,cluster_12013799527_12013799528_2190601967,4,0,21
13714.0,cluster_12013799529_12013799530_473195061,4,0,21
13715.0,2496228891,4,0,21
13715.0,cluster_12013799525_12013799526_2496228894,2,0,15
13715.0,cluster_12013799527_12013799528_2190601967,4,0,21
13715.0,cluster_12013799529_12013799530_473195061,4,0,21
13716.0,2496228891,4,0,21
13716.0,cluster_12013799525_12013799526_2496228894,2,0,15
13716.0,cluster_12013799527_12013799528_2190601967,4,0,21
13716.0,cluster_12013799529_12013799530_473195061,4,0,21
13717.0,2496228891,5,0,23
13717.0,cluster_12013799525_12013799526_2496228894,2,0,15
13717.0,cluster_12013799527_12013799528_2190601967,5,0,23
13717.0,cluster_12013799529_12013799530_473195061,5,0,21
13718.0,2496228891,5,0,21
13718.0,cluster_12013799525_12013799526_2496228894,1,0,15
13719.0,2496228891,5,0,21
13719.0,cluster_12013799525_12013799526_2496228894,1,0,15
13720.0,2496228891,5,0,21
13720.0,cluster_12013799525_12013799526_2496228894,1,0,15
13721.0,2496228891,5,0,21
13721.0,cluster_12013799525_12013799526_2496228894,1,0,15
13721.0,cluster_12013799527_12013799528_2190601967,4,2,21
13721.0,cluster_12013799529_12013799530_473195061,5,2,21
13722.0,2496228891,5,0,21
13722.0,cluster_12013799525_12013799526_2496228894,0,0,15
13722.0,cluster_12013799527_12013799528_2190601967,3,2,15
13722.0,cluster_12013799529_12013799530_473195061,5,2,21
13723.0,2496228891,5,0,21
13723.0,cluster_12013799525_12013799526_2496228894,0,0,15
13723.0,cluster_12013799527_12013799528_2190601967,3,2,15
13723.0,cluster_12013799529_12013799530_473195061,5,2,21
13724.0,2496228891,5,0,21
13724.0,cluster_12013799525_12013799526_2496228894,0,0,15
13724.0,cluster_12013799527_12013799528_2190601967,3,2,15
13724.0,cluster_12013799529_12013799530_473195061,5,2,21
13725.0,2496228891,5,0,21
13725.0,cluster_12013799525_12013799526_2496228894,0,0,15
13725.0,cluster_12013799527_12013799528_2190601967,3,2,15
13725.0,cluster_12013799529_12013799530_473195061,6,2,23
13726.0,2496228891,5,0,21
13726.0,cluster_12013799525_12013799526_2496228894,0,0,15
13726.0,cluster_12013799527_12013799528_2190601967,3,2,15
13726.0,cluster_12013799529_12013799530_473195061,6,2,21
13727.0,2496228891,5,0,21
13727.0,cluster_12013799525_12013799526_2496228894,0,0,15
13727.0,cluster_12013799527_12013799528_2190601967,3,2,15
13727.0,cluster_12013799529_12013799530_473195061,6,2,21
13728.0,2496228891,5,0,21
13728.0,cluster_12013799527_12013799528_2190601967,3,2,15
13728.0,cluster_12013799529_12013799530_473195061,7,2,23
13729.0,2496228891,5,0,21
13729.0,cluster_12013799527_12013799528_2190601967,3,2,15
13729.0,cluster_12013799529_12013799530_473195061,7,2,21
13730.0,2496228891,5,0,21
13730.0,cluster_12013799527_12013799528_2190601967,3,2,15
13730.0,cluster_12013799529_12013799530_473195061,7,2,21
13731.0,2496228891,5,0,21
13731.0,cluster_12013799525_12013799526_2496228894,3,2,15
13731.0,cluster_12013799527_12013799528_2190601967,1,2,15
13731.0,cluster_12013799529_12013799530_473195061,7,2,21
13732.0,cluster_12013799525_12013799526_2496228894,3,2,15
13732.0,cluster_12013799527_12013799528_2190601967,1,2,15
13732.0,cluster_12013799529_12013799530_473195061,7,2,21
13733.0,cluster_12013799525_12013799526_2496228894,3,2,15
13733.0,cluster_12013799527_12013799528_2190601967,1,2,15
13733.0,cluster_12013799529_12013799530_473195061,8,2,24
13734.0,cluster_12013799525_12013799526_2496228894,3,2,15
13734.0,cluster_12013799527_12013799528_2190601967,1,2,15
13734.0,cluster_12013799529_12013799530_473195061,8,2,21
13735.0,2496228891,3,2,15
13735.0,cluster_12013799525_12013799526_2496228894,3,2,15
13735.0,cluster_12013799527_12013799528_2190601967,1,2,15
13735.0,cluster_12013799529_12013799530_473195061,8,2,21
13736.0,2496228891,2,2,15
13736.0,cluster_12013799525_12013799526_2496228894,2,2,15
13736.0,cluster_12013799527_12013799528_2190601967,0,2,15
13736.0,cluster_12013799529_12013799530_473195061,8,2,21
13737.0,2496228891,2,2,15
13737.0,cluster_12013799525_12013799526_2496228894,2,2,15
13737.0,cluster_12013799527_12013799528_2190601967,0,2,15
13737.0,cluster_12013799529_12013799530_473195061,7,2,21
13738.0,2496228891,2,2,15
13738.0,cluster_12013799525_12013799526_2496228894,2,2,15
13738.0,cluster_12013799527_12013799528_2190601967,0,2,15
13738.0,cluster_12013799529_12013799530_473195061,8,2,24
13739.0,2496228891,2,2,15
13739.0,cluster_12013799525_12013799526_2496228894,2,2,15
13739.0,cluster_12013799527_12013799528_2190601967,0,2,15
13739.0,cluster_12013799529_12013799530_473195061,8,2,21
13740.0,2496228891,1,2,15
13740.0,cluster_12013799525_12013799526_2496228894,1,2,15
13740.0,cluster_12013799527_12013799528_2190601967,0,2,15
13740.0,cluster_12013799529_12013799530_473195061,8,2,21
13741.0,2496228891,1,2,15
13741.0,cluster_12013799525_12013799526_2496228894,2,2,15
13741.0,cluster_12013799527_12013799528_2190601967,0,2,15
13741.0,cluster_12013799529_12013799530_473195061,8,2,21
13742.0,2496228891,1,2,15
13742.0,cluster_12013799525_12013799526_2496228894,3,2,15
13742.0,cluster_12013799527_12013799528_2190601967,0,2,15
13742.0,cluster_12013799529_12013799530_473195061,7,2,21
13743.0,2496228891,0,2,15
13743.0,cluster_12013799525_12013799526_2496228894,2,2,15
13744.0,2496228891,0,2,15
13744.0,cluster_12013799525_12013799526_2496228894,2,2,15
13745.0,2496228891,0,2,15
13745.0,cluster_12013799525_12013799526_2496228894,3,2,15
13746.0,2496228891,0,2,15
13746.0,cluster_12013799525_12013799526_2496228894,3,2,15
13746.0,cluster_12013799527_12013799528_2190601967,6,0,21
13746.0,cluster_12013799529_12013799530_473195061,5,0,21
13747.0,2496228891,0,2,15
13747.0,cluster_12013799527_12013799528_2190601967,5,0,21
13747.0,cluster_12013799529_12013799530_473195061,4,0,21
13748.0,2496228891,0,2,15
13748.0,cluster_12013799527_12013799528_2190601967,5,0,21
13748.0,cluster_12013799529_12013799530_473195061,4,0,21
13749.0,2496228891,0,2,15
13749.0,cluster_12013799527_12013799528_2190601967,5,0,21
13749.0,cluster_12013799529_12013799530_473195061,4,0,21
13750.0,2496228891,0,2,15
13750.0,cluster_12013799525_12013799526_2496228894,0,0,15
13750.0,cluster_12013799527_12013799528_2190601967,5,0,21
13750.0,cluster_12013799529_12013799530_473195061,3,0,15
13751.0,cluster_12013799525_12013799526_2496228894,0,0,15
13751.0,cluster_12013799527_12013799528_2190601967,4,0,21
13751.0,cluster_12013799529_12013799530_473195061,3,0,15
13752.0,cluster_12013799525_12013799526_2496228894,0,0,15
13752.0,cluster_12013799527_12013799528_2190601967,4,0,21
13752.0,cluster_12013799529_12013799530_473195061,3,0,15
13753.0,cluster_12013799525_12013799526_2496228894,0,0,15
13753.0,cluster_12013799527_12013799528_2190601967,4,0,21
13753.0,cluster_12013799529_12013799530_473195061,2,0,15
13754.0,2496228891,7,0,21
13754.0,cluster_12013799525_12013799526_2496228894,0,0,15
13754.0,cluster_12013799527_12013799528_2190601967,3,0,15
13754.0,cluster_12013799529_12013799530_473195061,2,0,15
13755.0,2496228891,6,0,21
13755.0,cluster_12013799525_12013799526_2496228894,0,0,15
13755.0,cluster_12013799527_12013799528_2190601967,3,0,15
13755.0,cluster_12013799529_12013799530_473195061,2,0,15
13756.0,2496228891,3,0,15
13756.0,cluster_12013799525_12013799526_2496228894,0,0,15
13756.0,cluster_12013799527_12013799528_2190601967,2,0,15
13756.0,cluster_12013799529_12013799530_473195061,1,0,15
13757.0,2496228891,3,0,15
13757.0,cluster_12013799525_12013799526_2496228894,0,0,15
13757.0,cluster_12013799527_12013799528_2190601967,2,0,15
13757.0,cluster_12013799529_12013799530_473195061,1,0,15
13758.0,2496228891,1,0,15
13758.0,cluster_12013799525_12013799526_2496228894,0,0,15
13758.0,cluster_12013799527_12013799528_2190601967,1,0,15
13758.0,cluster_12013799529_12013799530_473195061,0,0,15
13759.0,2496228891,1,0,15
13759.0,cluster_12013799525_12013799526_2496228894,0,0,15
13759.0,cluster_12013799527_12013799528_2190601967,1,0,15
13759.0,cluster_12013799529_12013799530_473195061,0,0,15
13760.0,2496228891,2,0,15
13760.0,cluster_12013799525_12013799526_2496228894,0,0,15
13760.0,cluster_12013799527_12013799528_2190601967,0,0,15
13760.0,cluster_12013799529_12013799530_473195061,0,0,15
13761.0,2496228891,2,0,15
13761.0,cluster_12013799525_12013799526_2496228894,0,0,15
13761.0,cluster_12013799527_12013799528_2190601967,0,0,15
13761.0,cluster_12013799529_12013799530_473195061,0,0,15
13762.0,2496228891,3,0,15
13762.0,cluster_12013799525_12013799526_2496228894,0,0,15
13762.0,cluster_12013799527_12013799528_2190601967,0,0,15
13762.0,cluster_12013799529_12013799530_473195061,0,0,15
13763.0,2496228891,2,0,15
13763.0,cluster_12013799525_12013799526_2496228894,0,0,15
13763.0,cluster_12013799527_12013799528_2190601967,0,0,15
13763.0,cluster_12013799529_12013799530_473195061,0,0,15
13764.0,2496228891,3,0,15
13764.0,cluster_12013799525_12013799526_2496228894,0,0,15
13764.0,cluster_12013799527_12013799528_2190601967,0,0,15
13764.0,cluster_12013799529_12013799530_473195061,0,0,15
13765.0,2496228891,3,0,15
13765.0,cluster_12013799525_12013799526_2496228894,0,0,15
13765.0,cluster_12013799527_12013799528_2190601967,0,0,15
13765.0,cluster_12013799529_12013799530_473195061,0,0,15
13766.0,2496228891,2,0,15
13766.0,cluster_12013799527_12013799528_2190601967,0,0,15
13766.0,cluster_12013799529_12013799530_473195061,0,0,15
13767.0,2496228891,3,0,15
13767.0,cluster_12013799527_12013799528_2190601967,0,0,15
13767.0,cluster_12013799529_12013799530_473195061,0,0,15
13768.0,2496228891,2,0,15
13769.0,2496228891,2,0,15
13769.0,cluster_12013799525_12013799526_2496228894,4,2,21
13770.0,2496228891,1,0,15
13770.0,cluster_12013799525_12013799526_2496228894,2,2,15
13771.0,2496228891,1,0,15
13771.0,cluster_12013799525_12013799526_2496228894,3,2,15
13771.0,cluster_12013799527_12013799528_2190601967,0,2,15
13771.0,cluster_12013799529_12013799530_473195061,6,2,21
13772.0,2496228891,0,0,15
13772.0,cluster_12013799525_12013799526_2496228894,3,2,15
13772.0,cluster_12013799527_12013799528_2190601967,0,2,15
13772.0,cluster_12013799529_12013799530_473195061,5,2,21
13773.0,2496228891,0,0,15
13773.0,cluster_12013799525_12013799526_2496228894,4,2,23
13773.0,cluster_12013799527_12013799528_2190601967,0,2,15
13773.0,cluster_12013799529_12013799530_473195061,5,2,21
13774.0,2496228891,0,0,15
13774.0,cluster_12013799525_12013799526_2496228894,3,2,15
13774.0,cluster_12013799527_12013799528_2190601967,1,2,15
13774.0,cluster_12013799529_12013799530_473195061,5,2,21
13775.0,2496228891,0,0,15
13775.0,cluster_12013799525_12013799526_2496228894,3,2,15
13775.0,cluster_12013799527_12013799528_2190601967,1,2,15
13775.0,cluster_12013799529_12013799530_473195061,3,2,15
13776.0,cluster_12013799525_12013799526_2496228894,3,2,15
13776.0,cluster_12013799527_12013799528_2190601967,1,2,15
13776.0,cluster_12013799529_12013799530_473195061,3,2,15
13777.0,cluster_12013799525_12013799526_2496228894,3,2,15
13777.0,cluster_12013799527_12013799528_2190601967,2,2,15
13777.0,cluster_12013799529_12013799530_473195061,3,2,15
13778.0,cluster_12013799525_12013799526_2496228894,3,2,15
13778.0,cluster_12013799527_12013799528_2190601967,2,2,15
13778.0,cluster_12013799529_12013799530_473195061,2,2,15
13779.0,2496228891,0,2,15
13779.0,cluster_12013799525_12013799526_2496228894,2,2,15
13779.0,cluster_12013799527_12013799528_2190601967,2,2,15
13779.0,cluster_12013799529_12013799530_473195061,2,2,15
13780.0,2496228891,0,2,15
13780.0,cluster_12013799525_12013799526_2496228894,2,2,15
13780.0,cluster_12013799527_12013799528_2190601967,2,2,15
13780.0,cluster_12013799529_12013799530_473195061,2,2,15
13781.0,2496228891,0,2,15
13781.0,cluster_12013799525_12013799526_2496228894,1,2,15
13781.0,cluster_12013799527_12013799528_2190601967,1,2,15
13781.0,cluster_12013799529_12013799530_473195061,1,2,15
13782.0,2496228891,0,2,15
13782.0,cluster_12013799525_12013799526_2496228894,1,2,15
13782.0,cluster_12013799527_12013799528_2190601967,1,2,15
13782.0,cluster_12013799529_12013799530_473195061,1,2,15
13783.0,2496228891,0,2,15
13783.0,cluster_12013799525_12013799526_2496228894,0,2,15
13783.0,cluster_12013799527_12013799528_2190601967,2,2,15
13783.0,cluster_12013799529_12013799530_473195061,0,2,15
13784.0,2496228891,0,2,15
13784.0,cluster_12013799525_12013799526_2496228894,0,2,15
13784.0,cluster_12013799527_12013799528_2190601967,2,2,15
13784.0,cluster_12013799529_12013799530_473195061,0,2,15
13785.0,2496228891,0,2,15
13785.0,cluster_12013799525_12013799526_2496228894,0,2,15
13785.0,cluster_12013799527_12013799528_2190601967,3,2,15
13785.0,cluster_12013799529_12013799530_473195061,0,2,15
13786.0,2496228891,0,2,15
13786.0,cluster_12013799525_12013799526_2496228894,0,2,15
13786.0,cluster_12013799527_12013799528_2190601967,3,2,15
13786.0,cluster_12013799529_12013799530_473195061,0,2,15
13787.0,2496228891,0,2,15
13787.0,cluster_12013799525_12013799526_2496228894,0,2,15
13787.0,cluster_12013799529_12013799530_473195061,0,2,15
13788.0,2496228891,0,2,15
13788.0,cluster_12013799525_12013799526_2496228894,0,2,15
13788.0,cluster_12013799529_12013799530_473195061,1,2,15
13789.0,2496228891,0,2,15
13789.0,cluster_12013799525_12013799526_2496228894,0,2,15
13789.0,cluster_12013799529_12013799530_473195061,1,2,15
13790.0,2496228891,0,2,15
13790.0,cluster_12013799525_12013799526_2496228894,0,2,15
13790.0,cluster_12013799527_12013799528_2190601967,0,0,15
13790.0,cluster_12013799529_12013799530_473195061,1,2,15
13791.0,2496228891,0,2,15
13791.0,cluster_12013799527_12013799528_2190601967,0,0,15
13791.0,cluster_12013799529_12013799530_473195061,1,2,15
13792.0,2496228891,0,2,15
13792.0,cluster_12013799527_12013799528_2190601967,0,0,15
13792.0,cluster_12013799529_12013799530_473195061,1,2,15
13793.0,2496228891,0,2,15
13793.0,cluster_12013799527_12013799528_2190601967,0,0,15
13794.0,2496228891,0,2,15
13794.0,cluster_12013799525_12013799526_2496228894,0,0,15
13794.0,cluster_12013799527_12013799528_2190601967,0,0,15
13795.0,cluster_12013799525_12013799526_2496228894,0,0,15
13795.0,cluster_12013799527_12013799528_2190601967,0,0,15
13796.0,cluster_12013799525_12013799526_2496228894,0,0,15
13796.0,cluster_12013799527_12013799528_2190601967,0,0,15
13796.0,cluster_12013799529_12013799530_473195061,0,0,15
13797.0,cluster_12013799525_12013799526_2496228894,0,0,15
13797.0,cluster_12013799527_12013799528_2190601967,0,0,15
13797.0,cluster_12013799529_12013799530_473195061,0,0,15
13798.0,2496228891,4,0,21
13798.0,cluster_12013799525_12013799526_2496228894,0,0,15
13798.0,cluster_12013799527_12013799528_2190601967,0,0,15
13798.0,cluster_12013799529_12013799530_473195061,0,0,15
13799.0,2496228891,2,0,15
13799.0,cluster_12013799525_12013799526_2496228894,0,0,15
13799.0,cluster_12013799527_12013799528_2190601967,0,0,15
13799.0,cluster_12013799529_12013799530_473195061,0,0,15
13800.0,2496228891,2,0,15
13800.0,cluster_12013799525_12013799526_2496228894,0,0,15
13800.0,cluster_12013799527_12013799528_2190601967,0,0,15
13800.0,cluster_12013799529_12013799530_473195061,0,0,15
13801.0,2496228891,3,0,15
13801.0,cluster_12013799525_12013799526_2496228894,1,0,15
13801.0,cluster_12013799527_12013799528_2190601967,1,0,15
13801.0,cluster_12013799529_12013799530_473195061,1,0,15
13802.0,2496228891,3,0,15
13802.0,cluster_12013799525_12013799526_2496228894,1,0,15
13802.0,cluster_12013799527_12013799528_2190601967,1,0,15
13802.0,cluster_12013799529_12013799530_473195061,1,0,15
13803.0,2496228891,2,0,15
13803.0,cluster_12013799525_12013799526_2496228894,1,0,15
13803.0,cluster_12013799527_12013799528_2190601967,1,0,15
13803.0,cluster_12013799529_12013799530_473195061,1,0,15
13804.0,2496228891,2,0,15
13804.0,cluster_12013799525_12013799526_2496228894,1,0,15
13804.0,cluster_12013799527_12013799528_2190601967,1,0,15
13804.0,cluster_12013799529_12013799530_473195061,1,0,15
13805.0,2496228891,3,0,15
13805.0,cluster_12013799525_12013799526_2496228894,2,0,15
13805.0,cluster_12013799527_12013799528_2190601967,2,0,15
13805.0,cluster_12013799529_12013799530_473195061,2,0,15
13806.0,2496228891,2,0,15
13806.0,cluster_12013799525_12013799526_2496228894,2,0,15
13806.0,cluster_12013799529_12013799530_473195061,2,0,15
13807.0,2496228891,2,0,15
13807.0,cluster_12013799525_12013799526_2496228894,2,0,15
13807.0,cluster_12013799529_12013799530_473195061,2,0,15
13808.0,2496228891,2,0,15
13808.0,cluster_12013799525_12013799526_2496228894,2,0,15
13808.0,cluster_12013799529_12013799530_473195061,2,0,15
13809.0,2496228891,3,0,15
13809.0,cluster_12013799525_12013799526_2496228894,3,0,15
13809.0,cluster_12013799527_12013799528_2190601967,5,2,21
13809.0,cluster_12013799529_12013799530_473195061,3,0,15
13810.0,2496228891,3,0,15
13810.0,cluster_12013799527_12013799528_2190601967,3,2,15
13810.0,cluster_12013799529_12013799530_473195061,3,0,15
13811.0,2496228891,3,0,15
13811.0,cluster_12013799527_12013799528_2190601967,3,2,15
13811.0,cluster_12013799529_12013799530_473195061,3,0,15
13812.0,2496228891,3,0,15
13812.0,cluster_12013799527_12013799528_2190601967,4,2,23
13813.0,2496228891,4,0,23
13813.0,cluster_12013799525_12013799526_2496228894,4,2,21
13813.0,cluster_12013799527_12013799528_2190601967,5,2,23
13814.0,2496228891,4,0,21
13814.0,cluster_12013799525_12013799526_2496228894,5,2,23
13814.0,cluster_12013799527_12013799528_2190601967,4,2,21
13815.0,2496228891,4,0,21
13815.0,cluster_12013799525_12013799526_2496228894,5,2,21
13815.0,cluster_12013799527_12013799528_2190601967,4,2,21
13815.0,cluster_12013799529_12013799530_473195061,5,2,21
13816.0,2496228891,4,0,21
13816.0,cluster_12013799525_12013799526_2496228894,4,2,21
13816.0,cluster_12013799527_12013799528_2190601967,4,2,21
13816.0,cluster_12013799529_12013799530_473195061,4,2,21
13817.0,2496228891,5,0,23
13817.0,cluster_12013799525_12013799526_2496228894,3,2,15
13817.0,cluster_12013799527_12013799528_2190601967,4,2,21
13817.0,cluster_12013799529_12013799530_473195061,5,2,23
13818.0,2496228891,5,0,21
13818.0,cluster_12013799525_12013799526_2496228894,3,2,15
13818.0,cluster_12013799527_12013799528_2190601967,4,2,23
13818.0,cluster_12013799529_12013799530_473195061,5,2,21
13819.0,2496228891,5,0,21
13819.0,cluster_12013799525_12013799526_2496228894,3,2,15
13819.0,cluster_12013799527_12013799528_2190601967,4,2,21
13819.0,cluster_12013799529_12013799530_473195061,5,2,21
13820.0,cluster_12013799525_12013799526_2496228894,3,2,15
13820.0,cluster_12013799527_12013799528_2190601967,4,2,21
13820.0,cluster_12013799529_12013799530_473195061,5,2,21
13821.0,cluster_12013799525_12013799526_2496228894,3,2,15
13821.0,cluster_12013799527_12013799528_2190601967,4,2,21
13821.0,cluster_12013799529_12013799530_473195061,6,2,23
13822.0,cluster_12013799525_12013799526_2496228894,3,2,15
13822.0,cluster_12013799527_12013799528_2190601967,4,2,21
13822.0,cluster_12013799529_12013799530_473195061,6,2,21
13823.0,2496228891,3,2,15
13823.0,cluster_12013799525_12013799526_2496228894,3,2,15
13823.0,cluster_12013799527_12013799528_2190601967,3,2,15
13823.0,cluster_12013799529_12013799530_473195061,6,2,21
13824.0,2496228891,2,2,15
13824.0,cluster_12013799525_12013799526_2496228894,2,2,15
13824.0,cluster_12013799527_12013799528_2190601967,3,2,15
13824.0,cluster_12013799529_12013799530_473195061,6,2,21
13825.0,2496228891,2,2,15
13825.0,cluster_12013799525_12013799526_2496228894,2,2,15
13825.0,cluster_12013799527_12013799528_2190601967,3,2,15
13825.0,cluster_12013799529_12013799530_473195061,8,2,24
13826.0,2496228891,2,2,15
13826.0,cluster_12013799525_12013799526_2496228894,2,2,15
13826.0,cluster_12013799527_12013799528_2190601967,3,2,15
13826.0,cluster_12013799529_12013799530_473195061,8,2,21
13827.0,2496228891,2,2,15
13827.0,cluster_12013799525_12013799526_2496228894,2,2,15
13827.0,cluster_12013799527_12013799528_2190601967,3,2,15
13827.0,cluster_12013799529_12013799530_473195061,8,2,21
13828.0,2496228891,1,2,15
13828.0,cluster_12013799525_12013799526_2496228894,2,2,15
13828.0,cluster_12013799527_12013799528_2190601967,3,2,15
13828.0,cluster_12013799529_12013799530_473195061,8,2,21
13829.0,2496228891,1,2,15
13829.0,cluster_12013799525_12013799526_2496228894,2,2,15
13829.0,cluster_12013799527_12013799528_2190601967,3,2,15
13829.0,cluster_12013799529_12013799530_473195061,8,2,21
13830.0,2496228891,1,2,15
13830.0,cluster_12013799525_12013799526_2496228894,3,2,15
13830.0,cluster_12013799527_12013799528_2190601967,3,2,15
13830.0,cluster_12013799529_12013799530_473195061,8,2,21
13831.0,2496228891,0,2,15
13831.0,cluster_12013799525_12013799526_2496228894,2,2,15
13831.0,cluster_12013799529_12013799530_473195061,8,2,21
13832.0,2496228891,0,2,15
13832.0,cluster_12013799525_12013799526_2496228894,2,2,15
13832.0,cluster_12013799529_12013799530_473195061,8,2,21
13833.0,2496228891,0,2,15
13833.0,cluster_12013799525_12013799526_2496228894,3,2,15
13833.0,cluster_12013799529_12013799530_473195061,8,2,21
13834.0,2496228891,0,2,15
13834.0,cluster_12013799525_12013799526_2496228894,3,2,15
13834.0,cluster_12013799527_12013799528_2190601967,6,0,21
13834.0,cluster_12013799529_12013799530_473195061,6,2,21
13835.0,2496228891,0,2,15
13835.0,cluster_12013799527_12013799528_2190601967,6,0,21
13835.0,cluster_12013799529_12013799530_473195061,6,2,21
13836.0,2496228891,0,2,15
13836.0,cluster_12013799527_12013799528_2190601967,6,0,21
13836.0,cluster_12013799529_12013799530_473195061,6,2,21
13837.0,2496228891,0,2,15
13837.0,cluster_12013799527_12013799528_2190601967,6,0,21
13838.0,2496228891,0,2,15
13838.0,cluster_12013799525_12013799526_2496228894,3,0,15
13838.0,cluster_12013799527_12013799528_2190601967,5,0,21
13839.0,cluster_12013799525_12013799526_2496228894,2,0,15
13839.0,cluster_12013799527_12013799528_2190601967,5,0,21
13840.0,cluster_12013799525_12013799526_2496228894,2,0,15
13840.0,cluster_12013799527_12013799528_2190601967,5,0,21
13840.0,cluster_12013799529_12013799530_473195061,5,0,21
13841.0,cluster_12013799525_12013799526_2496228894,2,0,15
13841.0,cluster_12013799527_12013799528_2190601967,4,0,21
13841.0,cluster_12013799529_12013799530_473195061,4,0,21
13842.0,2496228891,4,0,21
13842.0,cluster_12013799525_12013799526_2496228894,1,0,15
13842.0,cluster_12013799527_12013799528_2190601967,4,0,21
13842.0,cluster_12013799529_12013799530_473195061,4,0,21
13843.0,2496228891,4,0,21
13843.0,cluster_12013799525_12013799526_2496228894,1,0,15
13843.0,cluster_12013799527_12013799528_2190601967,4,0,21
13843.0,cluster_12013799529_12013799530_473195061,4,0,21
13844.0,2496228891,4,0,21
13844.0,cluster_12013799525_12013799526_2496228894,1,0,15
13844.0,cluster_12013799527_12013799528_2190601967,3,0,15
13844.0,cluster_12013799529_12013799530_473195061,4,0,21
13845.0,2496228891,3,0,15
13845.0,cluster_12013799525_12013799526_2496228894,0,0,15
13845.0,cluster_12013799527_12013799528_2190601967,3,0,15
13845.0,cluster_12013799529_12013799530_473195061,3,0,15
13846.0,2496228891,5,0,23
13846.0,cluster_12013799525_12013799526_2496228894,0,0,15
13846.0,cluster_12013799527_12013799528_2190601967,2,0,15
13846.0,cluster_12013799529_12013799530_473195061,3,0,15
13847.0,2496228891,4,0,21
13847.0,cluster_12013799525_12013799526_2496228894,0,0,15
13847.0,cluster_12013799527_12013799528_2190601967,2,0,15
13847.0,cluster_12013799529_12013799530_473195061,2,0,15
13848.0,2496228891,6,0,23
13848.0,cluster_12013799525_12013799526_2496228894,0,0,15
13848.0,cluster_12013799527_12013799528_2190601967,2,0,15
13848.0,cluster_12013799529_12013799530_473195061,2,0,15
13849.0,2496228891,6,0,21
13849.0,cluster_12013799525_12013799526_2496228894,0,0,15
13849.0,cluster_12013799527_12013799528_2190601967,1,0,15
13849.0,cluster_12013799529_12013799530_473195061,2,0,15
13850.0,2496228891,3,0,15
13850.0,cluster_12013799525_12013799526_2496228894,0,0,15
13850.0,cluster_12013799527_12013799528_2190601967,1,0,15
13850.0,cluster_12013799529_12013799530_473195061,1,0,15
13851.0,2496228891,4,0,23
13851.0,cluster_12013799525_12013799526_2496228894,0,0,15
13851.0,cluster_12013799527_12013799528_2190601967,0,0,15
13851.0,cluster_12013799529_12013799530_473195061,1,0,15
13852.0,2496228891,3,0,15
13852.0,cluster_12013799525_12013799526_2496228894,0,0,15
13852.0,cluster_12013799527_12013799528_2190601967,0,0,15
13852.0,cluster_12013799529_12013799530_473195061,0,0,15
13853.0,2496228891,1,0,15
13853.0,cluster_12013799525_12013799526_2496228894,0,0,15
13853.0,cluster_12013799527_12013799528_2190601967,0,0,15
13853.0,cluster_12013799529_12013799530_473195061,0,0,15
13854.0,2496228891,2,0,15
13854.0,cluster_12013799527_12013799528_2190601967,0,0,15
13854.0,cluster_12013799529_12013799530_473195061,0,0,15
13855.0,2496228891,2,0,15
13855.0,cluster_12013799527_12013799528_2190601967,0,0,15
13855.0,cluster_12013799529_12013799530_473195061,0,0,15
13856.0,2496228891,1,0,15
13856.0,cluster_12013799529_12013799530_473195061,0,0,15
13857.0,2496228891,2,0,15
13857.0,cluster_12013799525_12013799526_2496228894,3,2,15
13857.0,cluster_12013799529_12013799530_473195061,0,0,15
13858.0,2496228891,3,0,15
13858.0,cluster_12013799525_12013799526_2496228894,1,2,15
13858.0,cluster_12013799529_12013799530_473195061,0,0,15
13859.0,2496228891,2,0,15
13859.0,cluster_12013799525_12013799526_2496228894,1,2,15
13859.0,cluster_12013799527_12013799528_2190601967,1,2,15
13859.0,cluster_12013799529_12013799530_473195061,0,0,15
13860.0,2496228891,3,0,15
13860.0,cluster_12013799525_12013799526_2496228894,1,2,15
13860.0,cluster_12013799527_12013799528_2190601967,1,2,15
13860.0,cluster_12013799529_12013799530_473195061,0,0,15
13861.0,2496228891,3,0,15
13861.0,cluster_12013799525_12013799526_2496228894,1,2,15
13861.0,cluster_12013799527_12013799528_2190601967,1,2,15
13861.0,cluster_12013799529_12013799530_473195061,0,0,15
13862.0,2496228891,3,0,15
13862.0,cluster_12013799525_12013799526_2496228894,0,2,15
13862.0,cluster_12013799527_12013799528_2190601967,2,2,15
13863.0,2496228891,3,0,15
13863.0,cluster_12013799525_12013799526_2496228894,0,2,15
13863.0,cluster_12013799527_12013799528_2190601967,1,2,15
13864.0,cluster_12013799525_12013799526_2496228894,0,2,15
13864.0,cluster_12013799527_12013799528_2190601967,1,2,15
13865.0,cluster_12013799525_12013799526_2496228894,1,2,15
13865.0,cluster_12013799527_12013799528_2190601967,2,2,15
13865.0,cluster_12013799529_12013799530_473195061,8,2,21
13866.0,cluster_12013799525_12013799526_2496228894,1,2,15
13866.0,cluster_12013799527_12013799528_2190601967,2,2,15
13866.0,cluster_12013799529_12013799530_473195061,6,2,21
13867.0,2496228891,0,2,15
13867.0,cluster_12013799525_12013799526_2496228894,1,2,15
13867.0,cluster_12013799527_12013799528_2190601967,2,2,15
13867.0,cluster_12013799529_12013799530_473195061,6,2,21
13868.0,2496228891,0,2,15
13868.0,cluster_12013799525_12013799526_2496228894,1,2,15
13868.0,cluster_12013799527_12013799528_2190601967,1,2,15
13868.0,cluster_12013799529_12013799530_473195061,6,2,21
13869.0,2496228891,0,2,15
13869.0,cluster_12013799525_12013799526_2496228894,1,2,15
13869.0,cluster_12013799527_12013799528_2190601967,2,2,15
13869.0,cluster_12013799529_12013799530_473195061,6,2,21
13870.0,2496228891,0,2,15
13870.0,cluster_12013799525_12013799526_2496228894,1,2,15
13870.0,cluster_12013799527_12013799528_2190601967,1,2,15
13870.0,cluster_12013799529_12013799530_473195061,4,2,21
13871.0,2496228891,0,2,15
13871.0,cluster_12013799525_12013799526_2496228894,1,2,15
13871.0,cluster_12013799527_12013799528_2190601967,2,2,15
13871.0,cluster_12013799529_12013799530_473195061,4,2,21
13872.0,2496228891,0,2,15
13872.0,cluster_12013799525_12013799526_2496228894,1,2,15
13872.0,cluster_12013799527_12013799528_2190601967,2,2,15
13872.0,cluster_12013799529_12013799530_473195061,4,2,21
13873.0,2496228891,0,2,15
13873.0,cluster_12013799527_12013799528_2190601967,2,2,15
13873.0,cluster_12013799529_12013799530_473195061,3,2,15
13874.0,2496228891,0,2,15
13874.0,cluster_12013799527_12013799528_2190601967,1,2,15
13874.0,cluster_12013799529_12013799530_473195061,3,2,15
13875.0,2496228891,0,2,15
13875.0,cluster_12013799529_12013799530_473195061,2,2,15
13876.0,2496228891,0,2,15
13876.0,cluster_12013799525_12013799526_2496228894,0,0,15
13876.0,cluster_12013799529_12013799530_473195061,2,2,15
13877.0,2496228891,0,2,15
13877.0,cluster_12013799525_12013799526_2496228894,0,0,15
13877.0,cluster_12013799529_12013799530_473195061,2,2,15
13878.0,2496228891,0,2,15
13878.0,cluster_12013799525_12013799526_2496228894,0,0,15
13878.0,cluster_12013799527_12013799528_2190601967,0,0,15
13878.0,cluster_12013799529_12013799530_473195061,2,2,15
13879.0,2496228891,0,2,15
13879.0,cluster_12013799525_12013799526_2496228894,0,0,15
13879.0,cluster_12013799527_12013799528_2190601967,0,0,15
13879.0,cluster_12013799529_12013799530_473195061,1,2,15
13880.0,2496228891,0,2,15
13880.0,cluster_12013799525_12013799526_2496228894,0,0,15
13880.0,cluster_12013799527_12013799528_2190601967,0,0,15
13880.0,cluster_12013799529_12013799530_473195061,1,2,15
13881.0,2496228891,0,2,15
13881.0,cluster_12013799525_12013799526_2496228894,0,0,15
13881.0,cluster_12013799527_12013799528_2190601967,0,0,15
13881.0,cluster_12013799529_12013799530_473195061,1,2,15
13882.0,2496228891,0,2,15
13882.0,cluster_12013799525_12013799526_2496228894,0,0,15
13882.0,cluster_12013799527_12013799528_2190601967,0,0,15
13882.0,cluster_12013799529_12013799530_473195061,1,2,15
13883.0,cluster_12013799525_12013799526_2496228894,0,0,15
13883.0,cluster_12013799527_12013799528_2190601967,0,0,15
13883.0,cluster_12013799529_12013799530_473195061,1,2,15
13884.0,cluster_12013799525_12013799526_2496228894,0,0,15
13884.0,cluster_12013799527_12013799528_2190601967,0,0,15
13884.0,cluster_12013799529_12013799530_473195061,1,2,15
13885.0,cluster_12013799525_12013799526_2496228894,0,0,15
13885.0,cluster_12013799527_12013799528_2190601967,0,0,15
13885.0,cluster_12013799529_12013799530_473195061,0,2,15
13886.0,2496228891,6,0,21
13886.0,cluster_12013799525_12013799526_2496228894,0,0,15
13886.0,cluster_12013799527_12013799528_2190601967,0,0,15
13886.0,cluster_12013799529_12013799530_473195061,0,2,15
13887.0,2496228891,5,0,23
13887.0,cluster_12013799525_12013799526_2496228894,0,0,15
13887.0,cluster_12013799527_12013799528_2190601967,0,0,15
13888.0,2496228891,5,0,23
13888.0,cluster_12013799525_12013799526_2496228894,0,0,15
13888.0,cluster_12013799527_12013799528_2190601967,0,0,15
13889.0,2496228891,5,0,21
13889.0,cluster_12013799525_12013799526_2496228894,0,0,15
13889.0,cluster_12013799527_12013799528_2190601967,0,0,15
13890.0,2496228891,5,0,23
13890.0,cluster_12013799525_12013799526_2496228894,0,0,15
13890.0,cluster_12013799527_12013799528_2190601967,0,0,15
13890.0,cluster_12013799529_12013799530_473195061,0,0,15
13891.0,2496228891,3,0,15
13891.0,cluster_12013799525_12013799526_2496228894,0,0,15
13891.0,cluster_12013799527_12013799528_2190601967,0,0,15
13891.0,cluster_12013799529_12013799530_473195061,0,0,15
13892.0,2496228891,3,0,15
13892.0,cluster_12013799527_12013799528_2190601967,0,0,15
13892.0,cluster_12013799529_12013799530_473195061,0,0,15
13893.0,2496228891,3,0,15
13893.0,cluster_12013799527_12013799528_2190601967,0,0,15
13893.0,cluster_12013799529_12013799530_473195061,0,0,15
13894.0,2496228891,2,0,15
13894.0,cluster_12013799529_12013799530_473195061,0,0,15
13895.0,2496228891,2,0,15
13895.0,cluster_12013799525_12013799526_2496228894,3,2,15
13895.0,cluster_12013799529_12013799530_473195061,0,0,15
13896.0,2496228891,1,0,15
13896.0,cluster_12013799525_12013799526_2496228894,3,2,15
13896.0,cluster_12013799529_12013799530_473195061,0,0,15
13897.0,2496228891,1,0,15
13897.0,cluster_12013799525_12013799526_2496228894,3,2,15
13897.0,cluster_12013799527_12013799528_2190601967,0,2,15
13897.0,cluster_12013799529_12013799530_473195061,0,0,15
13898.0,2496228891,1,0,15
13898.0,cluster_12013799525_12013799526_2496228894,4,2,23
13898.0,cluster_12013799527_12013799528_2190601967,0,2,15
13898.0,cluster_12013799529_12013799530_473195061,0,0,15
13899.0,2496228891,0,0,15
13899.0,cluster_12013799525_12013799526_2496228894,4,2,21
13899.0,cluster_12013799527_12013799528_2190601967,0,2,15
13899.0,cluster_12013799529_12013799530_473195061,0,0,15
13900.0,2496228891,0,0,15
13900.0,cluster_12013799525_12013799526_2496228894,4,2,23
13900.0,cluster_12013799527_12013799528_2190601967,0,2,15
13900.0,cluster_12013799529_12013799530_473195061,0,0,15
13901.0,2496228891,1,0,15
13901.0,cluster_12013799525_12013799526_2496228894,5,2,23
13901.0,cluster_12013799527_12013799528_2190601967,1,2,15
13901.0,cluster_12013799529_12013799530_473195061,1,0,15
13902.0,2496228891,1,0,15
13902.0,cluster_12013799525_12013799526_2496228894,5,2,21
13902.0,cluster_12013799527_12013799528_2190601967,1,2,15
13902.0,cluster_12013799529_12013799530_473195061,1,0,15
13903.0,2496228891,1,0,15
13903.0,cluster_12013799525_12013799526_2496228894,4,2,21
13903.0,cluster_12013799527_12013799528_2190601967,1,2,15
13903.0,cluster_12013799529_12013799530_473195061,1,0,15
13904.0,2496228891,1,0,15
13904.0,cluster_12013799525_12013799526_2496228894,4,2,21
13904.0,cluster_12013799527_12013799528_2190601967,2,2,15
13904.0,cluster_12013799529_12013799530_473195061,1,0,15
13905.0,2496228891,2,0,15
13905.0,cluster_12013799525_12013799526_2496228894,5,2,23
13905.0,cluster_12013799527_12013799528_2190601967,3,2,15
13905.0,cluster_12013799529_12013799530_473195061,2,0,15
13906.0,2496228891,2,0,15
13906.0,cluster_12013799525_12013799526_2496228894,5,2,21
13906.0,cluster_12013799527_12013799528_2190601967,3,2,15
13907.0,2496228891,2,0,15
13907.0,cluster_12013799525_12013799526_2496228894,4,2,21
13907.0,cluster_12013799527_12013799528_2190601967,3,2,15
13908.0,cluster_12013799525_12013799526_2496228894,4,2,21
13908.0,cluster_12013799527_12013799528_2190601967,3,2,15
13909.0,cluster_12013799525_12013799526_2496228894,3,2,15
13909.0,cluster_12013799527_12013799528_2190601967,4,2,23
13909.0,cluster_12013799529_12013799530_473195061,3,2,15
13910.0,cluster_12013799525_12013799526_2496228894,2,2,15
13910.0,cluster_12013799527_12013799528_2190601967,4,2,23
13910.0,cluster_12013799529_12013799530_473195061,3,2,15
13911.0,2496228891,3,2,15
13911.0,cluster_12013799527_12013799528_2190601967,4,2,21
13911.0,cluster_12013799529_12013799530_473195061,3,2,15
13912.0,2496228891,3,2,15
13912.0,cluster_12013799527_12013799528_2190601967,4,2,21
13912.0,cluster_12013799529_12013799530_473195061,3,2,15
13913.0,2496228891,3,2,15
13913.0,cluster_12013799529_12013799530_473195061,4,2,23
13914.0,2496228891,2,2,15
13914.0,cluster_12013799525_12013799526_2496228894,3,0,15
13914.0,cluster_12013799529_12013799530_473195061,4,2,21
13915.0,2496228891,3,2,15
13915.0,cluster_12013799525_12013799526_2496228894,3,0,15
13915.0,cluster_12013799529_12013799530_473195061,4,2,21
13916.0,2496228891,3,2,15
13916.0,cluster_12013799525_12013799526_2496228894,3,0,15
13916.0,cluster_12013799527_12013799528_2190601967,4,0,21
13916.0,cluster_12013799529_12013799530_473195061,4,2,21
13917.0,2496228891,3,2,15
13917.0,cluster_12013799525_12013799526_2496228894,3,0,15
13917.0,cluster_12013799527_12013799528_2190601967,5,0,23
13917.0,cluster_12013799529_12013799530_473195061,5,2,21
13918.0,2496228891,2,2,15
13918.0,cluster_12013799525_12013799526_2496228894,2,0,15
13918.0,cluster_12013799527_12013799528_2190601967,5,0,21
13918.0,cluster_12013799529_12013799530_473195061,5,2,21
13919.0,2496228891,3,2,15
13919.0,cluster_12013799525_12013799526_2496228894,2,0,15
13919.0,cluster_12013799527_12013799528_2190601967,4,0,21
13919.0,cluster_12013799529_12013799530_473195061,4,2,21
13920.0,2496228891,3,2,15
13920.0,cluster_12013799525_12013799526_2496228894,2,0,15
13920.0,cluster_12013799527_12013799528_2190601967,4,0,21
13920.0,cluster_12013799529_12013799530_473195061,4,2,21
13921.0,2496228891,2,2,15
13921.0,cluster_12013799525_12013799526_2496228894,1,0,15
13921.0,cluster_12013799527_12013799528_2190601967,5,0,23
13921.0,cluster_12013799529_12013799530_473195061,5,2,21
13922.0,2496228891,2,2,15
13922.0,cluster_12013799525_12013799526_2496228894,1,0,15
13922.0,cluster_12013799527_12013799528_2190601967,5,0,21
13922.0,cluster_12013799529_12013799530_473195061,5,2,21
13923.0,2496228891,1,2,15
13923.0,cluster_12013799525_12013799526_2496228894,0,0,15
13923.0,cluster_12013799527_12013799528_2190601967,5,0,21
13923.0,cluster_12013799529_12013799530_473195061,5,2,21
13924.0,2496228891,1,2,15
13924.0,cluster_12013799525_12013799526_2496228894,0,0,15
13924.0,cluster_12013799527_12013799528_2190601967,4,0,21
13924.0,cluster_12013799529_12013799530_473195061,4,2,21
13925.0,2496228891,1,2,15
13925.0,cluster_12013799525_12013799526_2496228894,0,0,15
13925.0,cluster_12013799527_12013799528_2190601967,5,0,23
13926.0,2496228891,1,2,15
13926.0,cluster_12013799525_12013799526_2496228894,0,0,15
13926.0,cluster_12013799527_12013799528_2190601967,5,0,21
13927.0,cluster_12013799525_12013799526_2496228894,0,0,15
13927.0,cluster_12013799527_12013799528_2190601967,4,0,21
13928.0,cluster_12013799525_12013799526_2496228894,0,0,15
13928.0,cluster_12013799527_12013799528_2190601967,4,0,21
13928.0,cluster_12013799529_12013799530_473195061,5,0,21
13929.0,cluster_12013799525_12013799526_2496228894,0,0,15
13929.0,cluster_12013799527_12013799528_2190601967,4,0,21
13929.0,cluster_12013799529_12013799530_473195061,4,0,21
13930.0,2496228891,4,0,21
13930.0,cluster_12013799527_12013799528_2190601967,4,0,21
13930.0,cluster_12013799529_12013799530_473195061,4,0,21
13931.0,2496228891,4,0,21
13931.0,cluster_12013799527_12013799528_2190601967,4,0,21
13931.0,cluster_12013799529_12013799530_473195061,4,0,21
13932.0,2496228891,4,0,21
13932.0,cluster_12013799527_12013799528_2190601967,3,0,15
13932.0,cluster_12013799529_12013799530_473195061,4,0,21
13933.0,2496228891,3,0,15
13933.0,cluster_12013799525_12013799526_2496228894,3,2,15
13933.0,cluster_12013799527_12013799528_2190601967,3,0,15
13933.0,cluster_12013799529_12013799530_473195061,3,0,15
13934.0,2496228891,5,0,23
13934.0,cluster_12013799525_12013799526_2496228894,3,2,15
13934.0,cluster_12013799527_12013799528_2190601967,3,0,15
13934.0,cluster_12013799529_12013799530_473195061,3,0,15
13935.0,2496228891,5,0,21
13935.0,cluster_12013799525_12013799526_2496228894,2,2,15
13935.0,cluster_12013799527_12013799528_2190601967,2,0,15
13935.0,cluster_12013799529_12013799530_473195061,3,0,15
13936.0,2496228891,6,0,23
13936.0,cluster_12013799525_12013799526_2496228894,1,2,15
13936.0,cluster_12013799527_12013799528_2190601967,2,0,15
13936.0,cluster_12013799529_12013799530_473195061,2,0,15
13937.0,2496228891,6,0,21
13937.0,cluster_12013799525_12013799526_2496228894,1,2,15
13937.0,cluster_12013799527_12013799528_2190601967,2,0,15
13937.0,cluster_12013799529_12013799530_473195061,2,0,15
13938.0,2496228891,3,0,15
13938.0,cluster_12013799525_12013799526_2496228894,0,2,15
13938.0,cluster_12013799529_12013799530_473195061,1,0,15
13939.0,2496228891,3,0,15
13939.0,cluster_12013799525_12013799526_2496228894,0,2,15
13939.0,cluster_12013799529_12013799530_473195061,1,0,15
13940.0,2496228891,3,0,15
13940.0,cluster_12013799525_12013799526_2496228894,0,2,15
13940.0,cluster_12013799529_12013799530_473195061,0,0,15
13941.0,2496228891,2,0,15
13941.0,cluster_12013799525_12013799526_2496228894,0,2,15
13941.0,cluster_12013799527_12013799528_2190601967,7,2,21
13941.0,cluster_12013799529_12013799530_473195061,0,0,15
13942.0,2496228891,2,0,15
13942.0,cluster_12013799525_12013799526_2496228894,0,2,15
13942.0,cluster_12013799527_12013799528_2190601967,5,2,21
13942.0,cluster_12013799529_12013799530_473195061,0,0,15
13943.0,2496228891,2,0,15
13943.0,cluster_12013799525_12013799526_2496228894,0,2,15
13943.0,cluster_12013799527_12013799528_2190601967,5,2,21
13943.0,cluster_12013799529_12013799530_473195061,0,0,15
13944.0,2496228891,1,0,15
13944.0,cluster_12013799525_12013799526_2496228894,0,2,15
13944.0,cluster_12013799527_12013799528_2190601967,5,2,23
13944.0,cluster_12013799529_12013799530_473195061,0,0,15
13945.0,2496228891,2,0,15
13945.0,cluster_12013799525_12013799526_2496228894,0,2,15
13945.0,cluster_12013799527_12013799528_2190601967,3,2,15
13945.0,cluster_12013799529_12013799530_473195061,0,0,15
13946.0,2496228891,2,0,15
13946.0,cluster_12013799525_12013799526_2496228894,0,2,15
13946.0,cluster_12013799527_12013799528_2190601967,3,2,15
13946.0,cluster_12013799529_12013799530_473195061,0,0,15
13947.0,2496228891,3,0,15
13947.0,cluster_12013799525_12013799526_2496228894,0,2,15
13947.0,cluster_12013799527_12013799528_2190601967,3,2,15
13947.0,cluster_12013799529_12013799530_473195061,0,0,15
13948.0,2496228891,4,0,23
13948.0,cluster_12013799525_12013799526_2496228894,0,2,15
13948.0,cluster_12013799527_12013799528_2190601967,2,2,15
13948.0,cluster_12013799529_12013799530_473195061,0,0,15
13949.0,2496228891,3,0,15
13949.0,cluster_12013799527_12013799528_2190601967,2,2,15
13949.0,cluster_12013799529_12013799530_473195061,0,0,15
13950.0,2496228891,3,0,15
13950.0,cluster_12013799527_12013799528_2190601967,1,2,15
13951.0,2496228891,3,0,15
13951.0,cluster_12013799527_12013799528_2190601967,0,2,15
13952.0,cluster_12013799525_12013799526_2496228894,0,0,15
13952.0,cluster_12013799527_12013799528_2190601967,0,2,15
13953.0,cluster_12013799525_12013799526_2496228894,0,0,15
13953.0,cluster_12013799527_12013799528_2190601967,0,2,15
13953.0,cluster_12013799529_12013799530_473195061,10,2,22
13954.0,cluster_12013799525_12013799526_2496228894,0,0,15
13954.0,cluster_12013799527_12013799528_2190601967,0,2,15
13954.0,cluster_12013799529_12013799530_473195061,8,2,21
13955.0,2496228891,0,2,15
13955.0,cluster_12013799525_12013799526_2496228894,0,0,15
13955.0,cluster_12013799527_12013799528_2190601967,0,2,15
13955.0,cluster_12013799529_12013799530_473195061,8,2,21
13956.0,2496228891,0,2,15
13956.0,cluster_12013799525_12013799526_2496228894,0,0,15
13956.0,cluster_12013799527_12013799528_2190601967,0,2,15
13956.0,cluster_12013799529_12013799530_473195061,8,2,21
13957.0,2496228891,0,2,15
13957.0,cluster_12013799525_12013799526_2496228894,0,0,15
13957.0,cluster_12013799527_12013799528_2190601967,0,2,15
13957.0,cluster_12013799529_12013799530_473195061,7,2,21
13958.0,2496228891,0,2,15
13958.0,cluster_12013799525_12013799526_2496228894,0,0,15
13958.0,cluster_12013799527_12013799528_2190601967,0,2,15
13958.0,cluster_12013799529_12013799530_473195061,6,2,21
13959.0,2496228891,0,2,15
13959.0,cluster_12013799525_12013799526_2496228894,0,0,15
13959.0,cluster_12013799527_12013799528_2190601967,0,2,15
13959.0,cluster_12013799529_12013799530_473195061,6,2,23
13960.0,2496228891,0,2,15
13960.0,cluster_12013799525_12013799526_2496228894,0,0,15
13960.0,cluster_12013799527_12013799528_2190601967,0,2,15
13960.0,cluster_12013799529_12013799530_473195061,6,2,23
13961.0,2496228891,0,2,15
13961.0,cluster_12013799525_12013799526_2496228894,0,0,15
13961.0,cluster_12013799527_12013799528_2190601967,0,2,15
13961.0,cluster_12013799529_12013799530_473195061,5,2,21
13962.0,2496228891,0,2,15
13962.0,cluster_12013799525_12013799526_2496228894,0,0,15
13962.0,cluster_12013799527_12013799528_2190601967,0,2,15
13962.0,cluster_12013799529_12013799530_473195061,5,2,21
13963.0,2496228891,0,2,15
13963.0,cluster_12013799525_12013799526_2496228894,0,0,15
13963.0,cluster_12013799529_12013799530_473195061,4,2,21
13964.0,2496228891,0,2,15
13964.0,cluster_12013799525_12013799526_2496228894,0,0,15
13964.0,cluster_12013799529_12013799530_473195061,4,2,21
13965.0,2496228891,0,2,15
13965.0,cluster_12013799525_12013799526_2496228894,0,0,15
13965.0,cluster_12013799529_12013799530_473195061,4,2,21
13966.0,2496228891,0,2,15
13966.0,cluster_12013799525_12013799526_2496228894,0,0,15
13966.0,cluster_12013799527_12013799528_2190601967,1,0,15
13966.0,cluster_12013799529_12013799530_473195061,3,2,15
13967.0,2496228891,0,2,15
13967.0,cluster_12013799525_12013799526_2496228894,0,0,15
13967.0,cluster_12013799527_12013799528_2190601967,0,0,15
13967.0,cluster_12013799529_12013799530_473195061,1,2,15
13968.0,2496228891,0,2,15
13968.0,cluster_12013799527_12013799528_2190601967,0,0,15
13968.0,cluster_12013799529_12013799530_473195061,0,2,15
13969.0,2496228891,0,2,15
13969.0,cluster_12013799527_12013799528_2190601967,0,0,15
13969.0,cluster_12013799529_12013799530_473195061,0,2,15
13970.0,2496228891,0,2,15
13970.0,cluster_12013799527_12013799528_2190601967,0,0,15
13970.0,cluster_12013799529_12013799530_473195061,0,2,15
13971.0,cluster_12013799525_12013799526_2496228894,0,2,15
13971.0,cluster_12013799527_12013799528_2190601967,0,0,15
13971.0,cluster_12013799529_12013799530_473195061,0,2,15
13972.0,cluster_12013799525_12013799526_2496228894,0,2,15
13972.0,cluster_12013799527_12013799528_2190601967,0,0,15
13972.0,cluster_12013799529_12013799530_473195061,1,2,15
13973.0,cluster_12013799525_12013799526_2496228894,0,2,15
13973.0,cluster_12013799527_12013799528_2190601967,0,0,15
13973.0,cluster_12013799529_12013799530_473195061,1,2,15
13974.0,2496228891,4,0,21
13974.0,cluster_12013799525_12013799526_2496228894,0,2,15
13974.0,cluster_12013799527_12013799528_2190601967,0,0,15
13974.0,cluster_12013799529_12013799530_473195061,1,2,15
13975.0,2496228891,4,0,21
13975.0,cluster_12013799525_12013799526_2496228894,0,2,15
13975.0,cluster_12013799527_12013799528_2190601967,0,0,15
13975.0,cluster_12013799529_12013799530_473195061,1,2,15
13976.0,2496228891,4,0,23
13976.0,cluster_12013799525_12013799526_2496228894,0,2,15
13976.0,cluster_12013799527_12013799528_2190601967,0,0,15
13977.0,2496228891,5,0,23
13977.0,cluster_12013799525_12013799526_2496228894,1,2,15
13977.0,cluster_12013799527_12013799528_2190601967,0,0,15
13978.0,2496228891,5,0,21
13978.0,cluster_12013799525_12013799526_2496228894,1,2,15
13978.0,cluster_12013799527_12013799528_2190601967,0,0,15
13979.0,2496228891,4,0,21
13979.0,cluster_12013799525_12013799526_2496228894,1,2,15
13979.0,cluster_12013799527_12013799528_2190601967,0,0,15
13979.0,cluster_12013799529_12013799530_473195061,0,0,15
13980.0,2496228891,4,0,23
13980.0,cluster_12013799525_12013799526_2496228894,2,2,15
13980.0,cluster_12013799527_12013799528_2190601967,0,0,15
13980.0,cluster_12013799529_12013799530_473195061,0,0,15
13981.0,2496228891,3,0,15
13981.0,cluster_12013799525_12013799526_2496228894,2,2,15
13981.0,cluster_12013799527_12013799528_2190601967,0,0,15
13981.0,cluster_12013799529_12013799530_473195061,0,0,15
13982.0,2496228891,2,0,15
13982.0,cluster_12013799525_12013799526_2496228894,2,2,15
13982.0,cluster_12013799529_12013799530_473195061,0,0,15
13983.0,2496228891,2,0,15
13983.0,cluster_12013799525_12013799526_2496228894,3,2,15
13983.0,cluster_12013799529_12013799530_473195061,0,0,15
13984.0,2496228891,1,0,15
13984.0,cluster_12013799525_12013799526_2496228894,3,2,15
13984.0,cluster_12013799529_12013799530_473195061,0,0,15
13985.0,2496228891,1,0,15
13985.0,cluster_12013799525_12013799526_2496228894,3,2,15
13985.0,cluster_12013799527_12013799528_2190601967,0,2,15
13985.0,cluster_12013799529_12013799530_473195061,0,0,15
13986.0,2496228891,1,0,15
13986.0,cluster_12013799525_12013799526_2496228894,4,2,23
13986.0,cluster_12013799527_12013799528_2190601967,0,2,15
13986.0,cluster_12013799529_12013799530_473195061,0,0,15
13987.0,2496228891,0,0,15
13987.0,cluster_12013799527_12013799528_2190601967,0,2,15
13987.0,cluster_12013799529_12013799530_473195061,0,0,15
13988.0,2496228891,0,0,15
13988.0,cluster_12013799527_12013799528_2190601967,0,2,15
13988.0,cluster_12013799529_12013799530_473195061,0,0,15
13989.0,2496228891,0,0,15
13989.0,cluster_12013799527_12013799528_2190601967,0,2,15
13989.0,cluster_12013799529_12013799530_473195061,0,0,15
13990.0,2496228891,0,0,15
13990.0,cluster_12013799525_12013799526_2496228894,0,0,15
13990.0,cluster_12013799527_12013799528_2190601967,0,2,15
13990.0,cluster_12013799529_12013799530_473195061,0,0,15
13991.0,2496228891,0,0,15
13991.0,cluster_12013799525_12013799526_2496228894,0,0,15
13991.0,cluster_12013799527_12013799528_2190601967,0,2,15
13991.0,cluster_12013799529_12013799530_473195061,0,0,15
13992.0,2496228891,0,0,15
13992.0,cluster_12013799525_12013799526_2496228894,0,0,15
13992.0,cluster_12013799527_12013799528_2190601967,0,2,15
13992.0,cluster_12013799529_12013799530_473195061,0,0,15
13993.0,2496228891,0,0,15
13993.0,cluster_12013799525_12013799526_2496228894,0,0,15
13993.0,cluster_12013799527_12013799528_2190601967,0,2,15
13993.0,cluster_12013799529_12013799530_473195061,0,0,15
13994.0,2496228891,0,0,15
13994.0,cluster_12013799525_12013799526_2496228894,0,0,15
13994.0,cluster_12013799527_12013799528_2190601967,0,2,15
13994.0,cluster_12013799529_12013799530_473195061,0,0,15
13995.0,2496228891,0,0,15
13995.0,cluster_12013799525_12013799526_2496228894,0,0,15
13995.0,cluster_12013799527_12013799528_2190601967,0,2,15
13996.0,cluster_12013799525_12013799526_2496228894,0,0,15
13996.0,cluster_12013799527_12013799528_2190601967,0,2,15
13997.0,cluster_12013799525_12013799526_2496228894,0,0,15
13997.0,cluster_12013799527_12013799528_2190601967,0,2,15
13998.0,cluster_12013799525_12013799526_2496228894,0,0,15
13998.0,cluster_12013799527_12013799528_2190601967,0,2,15
13998.0,cluster_12013799529_12013799530_473195061,0,2,15
13999.0,2496228891,0,2,15
13999.0,cluster_12013799525_12013799526_2496228894,0,0,15
13999.0,cluster_12013799527_12013799528_2190601967,0,2,15
13999.0,cluster_12013799529_12013799530_473195061,0,2,15
14000.0,2496228891,0,2,15
14000.0,cluster_12013799525_12013799526_2496228894,0,0,15
14000.0,cluster_12013799527_12013799528_2190601967,0,2,15
14000.0,cluster_12013799529_12013799530_473195061,0,2,15
14001.0,2496228891,1,2,15
14001.0,cluster_12013799525_12013799526_2496228894,1,0,15
14001.0,cluster_12013799529_12013799530_473195061,1,2,15
14002.0,2496228891,1,2,15
14002.0,cluster_12013799525_12013799526_2496228894,1,0,15
14002.0,cluster_12013799529_12013799530_473195061,1,2,15
14003.0,2496228891,1,2,15
14003.0,cluster_12013799525_12013799526_2496228894,1,0,15
14003.0,cluster_12013799529_12013799530_473195061,1,2,15
14004.0,2496228891,1,2,15
14004.0,cluster_12013799525_12013799526_2496228894,1,0,15
14004.0,cluster_12013799527_12013799528_2190601967,1,0,15
14004.0,cluster_12013799529_12013799530_473195061,1,2,15
14005.0,2496228891,2,2,15
14005.0,cluster_12013799525_12013799526_2496228894,2,0,15
14005.0,cluster_12013799527_12013799528_2190601967,2,0,15
14005.0,cluster_12013799529_12013799530_473195061,2,2,15
14006.0,2496228891,2,2,15
14006.0,cluster_12013799527_12013799528_2190601967,2,0,15
14006.0,cluster_12013799529_12013799530_473195061,2,2,15
14007.0,2496228891,2,2,15
14007.0,cluster_12013799527_12013799528_2190601967,2,0,15
14007.0,cluster_12013799529_12013799530_473195061,2,2,15
14008.0,2496228891,2,2,15
14008.0,cluster_12013799527_12013799528_2190601967,2,0,15
14008.0,cluster_12013799529_12013799530_473195061,2,2,15
14009.0,2496228891,2,2,15
14009.0,cluster_12013799525_12013799526_2496228894,7,2,21
14009.0,cluster_12013799527_12013799528_2190601967,3,0,15
14009.0,cluster_12013799529_12013799530_473195061,3,2,15
14010.0,2496228891,3,2,15
14010.0,cluster_12013799525_12013799526_2496228894,6,2,21
14010.0,cluster_12013799527_12013799528_2190601967,3,0,15
14010.0,cluster_12013799529_12013799530_473195061,3,2,15
14011.0,2496228891,3,2,15
14011.0,cluster_12013799525_12013799526_2496228894,6,2,21
14011.0,cluster_12013799527_12013799528_2190601967,3,0,15
14011.0,cluster_12013799529_12013799530_473195061,3,2,15
14012.0,2496228891,3,2,15
14012.0,cluster_12013799525_12013799526_2496228894,6,2,21
14012.0,cluster_12013799527_12013799528_2190601967,3,0,15
14012.0,cluster_12013799529_12013799530_473195061,3,2,15
14013.0,2496228891,2,2,15
14013.0,cluster_12013799525_12013799526_2496228894,3,2,15
14013.0,cluster_12013799527_12013799528_2190601967,4,0,23
14013.0,cluster_12013799529_12013799530_473195061,4,2,21
14014.0,2496228891,3,2,15
14014.0,cluster_12013799525_12013799526_2496228894,4,2,21
14014.0,cluster_12013799527_12013799528_2190601967,4,0,21
14015.0,cluster_12013799525_12013799526_2496228894,4,2,21
14015.0,cluster_12013799527_12013799528_2190601967,4,0,21
14016.0,cluster_12013799525_12013799526_2496228894,3,2,15
14016.0,cluster_12013799527_12013799528_2190601967,4,0,21
14017.0,cluster_12013799525_12013799526_2496228894,2,2,15
14017.0,cluster_12013799527_12013799528_2190601967,5,0,23
14017.0,cluster_12013799529_12013799530_473195061,5,0,21
14018.0,2496228891,4,0,21
14018.0,cluster_12013799525_12013799526_2496228894,3,2,15
14018.0,cluster_12013799527_12013799528_2190601967,5,0,21
14018.0,cluster_12013799529_12013799530_473195061,4,0,21
14019.0,2496228891,4,0,21
14019.0,cluster_12013799525_12013799526_2496228894,3,2,15
14019.0,cluster_12013799527_12013799528_2190601967,4,0,21
14019.0,cluster_12013799529_12013799530_473195061,4,0,21
14020.0,2496228891,6,0,23
14020.0,cluster_12013799525_12013799526_2496228894,3,2,15
14020.0,cluster_12013799529_12013799530_473195061,4,0,21
14021.0,2496228891,6,0,21
14021.0,cluster_12013799525_12013799526_2496228894,3,2,15
14021.0,cluster_12013799529_12013799530_473195061,4,0,21
14022.0,2496228891,5,0,21
14022.0,cluster_12013799525_12013799526_2496228894,3,2,15
14022.0,cluster_12013799529_12013799530_473195061,3,0,15
14023.0,2496228891,5,0,21
14023.0,cluster_12013799525_12013799526_2496228894,3,2,15
14023.0,cluster_12013799527_12013799528_2190601967,5,2,21
14023.0,cluster_12013799529_12013799530_473195061,3,0,15
14024.0,2496228891,7,0,23
14024.0,cluster_12013799525_12013799526_2496228894,3,2,15
14024.0,cluster_12013799527_12013799528_2190601967,5,2,21
14024.0,cluster_12013799529_12013799530_473195061,3,0,15
14025.0,2496228891,5,0,21
14025.0,cluster_12013799525_12013799526_2496228894,3,2,15
14025.0,cluster_12013799527_12013799528_2190601967,4,2,21
14025.0,cluster_12013799529_12013799530_473195061,3,0,15
14026.0,2496228891,5,0,23
14026.0,cluster_12013799525_12013799526_2496228894,3,2,15
14026.0,cluster_12013799527_12013799528_2190601967,4,2,21
14026.0,cluster_12013799529_12013799530_473195061,2,0,15
14027.0,2496228891,5,0,21
14027.0,cluster_12013799525_12013799526_2496228894,3,2,15
14027.0,cluster_12013799527_12013799528_2190601967,4,2,21
14027.0,cluster_12013799529_12013799530_473195061,2,0,15
14028.0,2496228891,4,0,23
14028.0,cluster_12013799525_12013799526_2496228894,3,2,15
14028.0,cluster_12013799527_12013799528_2190601967,4,2,21
14028.0,cluster_12013799529_12013799530_473195061,2,0,15
14029.0,2496228891,4,0,23
14029.0,cluster_12013799525_12013799526_2496228894,3,2,15
14029.0,cluster_12013799527_12013799528_2190601967,4,2,21
14029.0,cluster_12013799529_12013799530_473195061,2,0,15
14030.0,2496228891,4,0,21
14030.0,cluster_12013799525_12013799526_2496228894,3,2,15
14030.0,cluster_12013799527_12013799528_2190601967,4,2,21
14030.0,cluster_12013799529_12013799530_473195061,2,0,15
14031.0,2496228891,3,0,15
14031.0,cluster_12013799527_12013799528_2190601967,4,2,21
14031.0,cluster_12013799529_12013799530_473195061,2,0,15
14032.0,2496228891,3,0,15
14032.0,cluster_12013799527_12013799528_2190601967,4,2,21
14032.0,cluster_12013799529_12013799530_473195061,2,0,15
14033.0,2496228891,2,0,15
14033.0,cluster_12013799527_12013799528_2190601967,4,2,21
14033.0,cluster_12013799529_12013799530_473195061,1,0,15
14034.0,2496228891,1,0,15
14034.0,cluster_12013799525_12013799526_2496228894,3,0,15
14034.0,cluster_12013799527_12013799528_2190601967,3,2,15
14034.0,cluster_12013799529_12013799530_473195061,1,0,15
14035.0,2496228891,1,0,15
14035.0,cluster_12013799525_12013799526_2496228894,3,0,15
14035.0,cluster_12013799527_12013799528_2190601967,3,2,15
14035.0,cluster_12013799529_12013799530_473195061,0,0,15
14036.0,2496228891,1,0,15
14036.0,cluster_12013799525_12013799526_2496228894,3,0,15
14036.0,cluster_12013799527_12013799528_2190601967,3,2,15
14036.0,cluster_12013799529_12013799530_473195061,0,0,15
14037.0,2496228891,1,0,15
14037.0,cluster_12013799525_12013799526_2496228894,3,0,15
14037.0,cluster_12013799527_12013799528_2190601967,3,2,15
14037.0,cluster_12013799529_12013799530_473195061,0,0,15
14038.0,2496228891,1,0,15
14038.0,cluster_12013799525_12013799526_2496228894,2,0,15
14038.0,cluster_12013799527_12013799528_2190601967,2,2,15
14038.0,cluster_12013799529_12013799530_473195061,0,0,15
14039.0,2496228891,1,0,15
14039.0,cluster_12013799525_12013799526_2496228894,2,0,15
14039.0,cluster_12013799527_12013799528_2190601967,2,2,15
14040.0,cluster_12013799525_12013799526_2496228894,2,0,15
14040.0,cluster_12013799527_12013799528_2190601967,3,2,15
14041.0,cluster_12013799525_12013799526_2496228894,1,0,15
14041.0,cluster_12013799527_12013799528_2190601967,2,2,15
14042.0,cluster_12013799525_12013799526_2496228894,1,0,15
14042.0,cluster_12013799527_12013799528_2190601967,3,2,15
14042.0,cluster_12013799529_12013799530_473195061,6,2,21
14043.0,2496228891,2,2,15
14043.0,cluster_12013799525_12013799526_2496228894,0,0,15
14043.0,cluster_12013799527_12013799528_2190601967,2,2,15
14043.0,cluster_12013799529_12013799530_473195061,6,2,21
14044.0,2496228891,2,2,15
14044.0,cluster_12013799525_12013799526_2496228894,0,0,15
14044.0,cluster_12013799527_12013799528_2190601967,3,2,15
14044.0,cluster_12013799529_12013799530_473195061,6,2,21
14045.0,2496228891,2,2,15
14045.0,cluster_12013799525_12013799526_2496228894,0,0,15
14045.0,cluster_12013799529_12013799530_473195061,6,2,21
14046.0,2496228891,2,2,15
14046.0,cluster_12013799525_12013799526_2496228894,0,0,15
14046.0,cluster_12013799529_12013799530_473195061,6,2,21
14047.0,2496228891,2,2,15
14047.0,cluster_12013799525_12013799526_2496228894,0,0,15
14047.0,cluster_12013799529_12013799530_473195061,6,2,21
14048.0,2496228891,1,2,15
14048.0,cluster_12013799525_12013799526_2496228894,0,0,15
14048.0,cluster_12013799527_12013799528_2190601967,5,0,21
14048.0,cluster_12013799529_12013799530_473195061,5,2,21
14049.0,2496228891,1,2,15
14049.0,cluster_12013799525_12013799526_2496228894,0,0,15
14049.0,cluster_12013799527_12013799528_2190601967,5,0,21
14049.0,cluster_12013799529_12013799530_473195061,5,2,21
14050.0,2496228891,1,2,15
14050.0,cluster_12013799527_12013799528_2190601967,5,0,21
14050.0,cluster_12013799529_12013799530_473195061,5,2,21
14051.0,2496228891,0,2,15
14051.0,cluster_12013799527_12013799528_2190601967,5,0,21
14051.0,cluster_12013799529_12013799530_473195061,5,2,21
14052.0,2496228891,0,2,15
14052.0,cluster_12013799527_12013799528_2190601967,5,0,21
14052.0,cluster_12013799529_12013799530_473195061,5,2,21
14053.0,2496228891,0,2,15
14053.0,cluster_12013799525_12013799526_2496228894,3,2,15
14053.0,cluster_12013799527_12013799528_2190601967,4,0,21
14053.0,cluster_12013799529_12013799530_473195061,5,2,23
14054.0,2496228891,0,2,15
14054.0,cluster_12013799525_12013799526_2496228894,3,2,15
14054.0,cluster_12013799527_12013799528_2190601967,4,0,21
14054.0,cluster_12013799529_12013799530_473195061,5,2,21
14055.0,2496228891,0,2,15
14055.0,cluster_12013799525_12013799526_2496228894,3,2,15
14055.0,cluster_12013799527_12013799528_2190601967,4,0,21
14055.0,cluster_12013799529_12013799530_473195061,5,2,21
14056.0,2496228891,0,2,15
14056.0,cluster_12013799525_12013799526_2496228894,3,2,15
14056.0,cluster_12013799527_12013799528_2190601967,3,0,15
14056.0,cluster_12013799529_12013799530_473195061,5,2,23
14057.0,2496228891,0,2,15
14057.0,cluster_12013799525_12013799526_2496228894,2,2,15
14057.0,cluster_12013799527_12013799528_2190601967,3,0,15
14057.0,cluster_12013799529_12013799530_473195061,5,2,21
14058.0,2496228891,0,2,15
14058.0,cluster_12013799525_12013799526_2496228894,2,2,15
14058.0,cluster_12013799527_12013799528_2190601967,2,0,15
14058.0,cluster_12013799529_12013799530_473195061,5,2,23
14059.0,cluster_12013799525_12013799526_2496228894,2,2,15
14059.0,cluster_12013799527_12013799528_2190601967,2,0,15
14059.0,cluster_12013799529_12013799530_473195061,5,2,21
14060.0,cluster_12013799525_12013799526_2496228894,2,2,15
14060.0,cluster_12013799527_12013799528_2190601967,1,0,15
14060.0,cluster_12013799529_12013799530_473195061,5,2,23
14061.0,cluster_12013799525_12013799526_2496228894,1,2,15
14061.0,cluster_12013799527_12013799528_2190601967,1,0,15
14061.0,cluster_12013799529_12013799530_473195061,5,2,21
14062.0,2496228891,3,0,15
14062.0,cluster_12013799525_12013799526_2496228894,1,2,15
14062.0,cluster_12013799527_12013799528_2190601967,1,0,15
14062.0,cluster_12013799529_12013799530_473195061,5,2,21
14063.0,2496228891,2,0,15
14063.0,cluster_12013799525_12013799526_2496228894,1,2,15
14063.0,cluster_12013799527_12013799528_2190601967,0,0,15
14063.0,cluster_12013799529_12013799530_473195061,4,2,21
14064.0,2496228891,2,0,15
14064.0,cluster_12013799525_12013799526_2496228894,0,2,15
14064.0,cluster_12013799527_12013799528_2190601967,0,0,15
14065.0,2496228891,2,0,15
14065.0,cluster_12013799525_12013799526_2496228894,1,2,15
14065.0,cluster_12013799527_12013799528_2190601967,0,0,15
14066.0,2496228891,2,0,15
14066.0,cluster_12013799525_12013799526_2496228894,1,2,15
14066.0,cluster_12013799527_12013799528_2190601967,0,0,15
14067.0,2496228891,1,0,15
14067.0,cluster_12013799525_12013799526_2496228894,1,2,15
14067.0,cluster_12013799527_12013799528_2190601967,0,0,15
14067.0,cluster_12013799529_12013799530_473195061,0,0,15
14068.0,2496228891,1,0,15
14068.0,cluster_12013799525_12013799526_2496228894,2,2,15
14068.0,cluster_12013799527_12013799528_2190601967,0,0,15
14068.0,cluster_12013799529_12013799530_473195061,0,0,15
14069.0,2496228891,0,0,15
14069.0,cluster_12013799527_12013799528_2190601967,0,0,15
14069.0,cluster_12013799529_12013799530_473195061,0,0,15
14070.0,2496228891,0,0,15
14070.0,cluster_12013799529_12013799530_473195061,0,0,15
14071.0,2496228891,0,0,15
14071.0,cluster_12013799529_12013799530_473195061,0,0,15
14072.0,2496228891,0,0,15
14072.0,cluster_12013799525_12013799526_2496228894,0,0,15
14072.0,cluster_12013799529_12013799530_473195061,0,0,15
14073.0,2496228891,0,0,15
14073.0,cluster_12013799525_12013799526_2496228894,0,0,15
14073.0,cluster_12013799527_12013799528_2190601967,5,2,21
14073.0,cluster_12013799529_12013799530_473195061,0,0,15
14074.0,2496228891,0,0,15
14074.0,cluster_12013799525_12013799526_2496228894,0,0,15
14074.0,cluster_12013799527_12013799528_2190601967,4,2,21
14074.0,cluster_12013799529_12013799530_473195061,0,0,15
14075.0,2496228891,0,0,15
14075.0,cluster_12013799525_12013799526_2496228894,0,0,15
14075.0,cluster_12013799527_12013799528_2190601967,4,2,21
14075.0,cluster_12013799529_12013799530_473195061,0,0,15
14076.0,2496228891,0,0,15
14076.0,cluster_12013799525_12013799526_2496228894,0,0,15
14076.0,cluster_12013799527_12013799528_2190601967,4,2,21
14076.0,cluster_12013799529_12013799530_473195061,0,0,15
14077.0,2496228891,0,0,15
14077.0,cluster_12013799525_12013799526_2496228894,0,0,15
14077.0,cluster_12013799527_12013799528_2190601967,2,2,15
14077.0,cluster_12013799529_12013799530_473195061,0,0,15
14078.0,cluster_12013799525_12013799526_2496228894,0,0,15
14078.0,cluster_12013799527_12013799528_2190601967,2,2,15
14078.0,cluster_12013799529_12013799530_473195061,0,0,15
14079.0,cluster_12013799525_12013799526_2496228894,0,0,15
14079.0,cluster_12013799527_12013799528_2190601967,2,2,15
14079.0,cluster_12013799529_12013799530_473195061,0,0,15
14080.0,cluster_12013799525_12013799526_2496228894,0,0,15
14080.0,cluster_12013799527_12013799528_2190601967,1,2,15
14080.0,cluster_12013799529_12013799530_473195061,0,0,15
14081.0,2496228891,0,2,15
14081.0,cluster_12013799525_12013799526_2496228894,0,0,15
14081.0,cluster_12013799527_12013799528_2190601967,1,2,15
14081.0,cluster_12013799529_12013799530_473195061,0,0,15
14082.0,2496228891,0,2,15
14082.0,cluster_12013799525_12013799526_2496228894,0,0,15
14082.0,cluster_12013799527_12013799528_2190601967,1,2,15
14082.0,cluster_12013799529_12013799530_473195061,0,0,15
14083.0,2496228891,0,2,15
14083.0,cluster_12013799525_12013799526_2496228894,0,0,15
14083.0,cluster_12013799527_12013799528_2190601967,0,2,15
14084.0,2496228891,0,2,15
14084.0,cluster_12013799525_12013799526_2496228894,0,0,15
14084.0,cluster_12013799527_12013799528_2190601967,0,2,15
14085.0,2496228891,0,2,15
14085.0,cluster_12013799525_12013799526_2496228894,0,0,15
14085.0,cluster_12013799527_12013799528_2190601967,0,2,15
14086.0,2496228891,0,2,15
14086.0,cluster_12013799525_12013799526_2496228894,0,0,15
14086.0,cluster_12013799527_12013799528_2190601967,0,2,15
14086.0,cluster_12013799529_12013799530_473195061,8,2,21
14087.0,2496228891,0,2,15
14087.0,cluster_12013799525_12013799526_2496228894,0,0,15
14087.0,cluster_12013799527_12013799528_2190601967,0,2,15
14087.0,cluster_12013799529_12013799530_473195061,7,2,21
14088.0,2496228891,0,2,15
14088.0,cluster_12013799527_12013799528_2190601967,0,2,15
14088.0,cluster_12013799529_12013799530_473195061,7,2,21
14089.0,2496228891,0,2,15
14089.0,cluster_12013799527_12013799528_2190601967,0,2,15
14089.0,cluster_12013799529_12013799530_473195061,7,2,21
14090.0,2496228891,0,2,15
14090.0,cluster_12013799527_12013799528_2190601967,0,2,15
14090.0,cluster_12013799529_12013799530_473195061,6,2,21
14091.0,2496228891,0,2,15
14091.0,cluster_12013799525_12013799526_2496228894,1,2,15
14091.0,cluster_12013799527_12013799528_2190601967,0,2,15
14091.0,cluster_12013799529_12013799530_473195061,5,2,21
14092.0,2496228891,0,2,15
14092.0,cluster_12013799525_12013799526_2496228894,0,2,15
14092.0,cluster_12013799527_12013799528_2190601967,0,2,15
14092.0,cluster_12013799529_12013799530_473195061,5,2,21
14093.0,2496228891,0,2,15
14093.0,cluster_12013799525_12013799526_2496228894,0,2,15
14093.0,cluster_12013799527_12013799528_2190601967,0,2,15
14093.0,cluster_12013799529_12013799530_473195061,4,2,21
14094.0,2496228891,0,2,15
14094.0,cluster_12013799525_12013799526_2496228894,0,2,15
14094.0,cluster_12013799527_12013799528_2190601967,0,2,15
14094.0,cluster_12013799529_12013799530_473195061,4,2,23
14095.0,2496228891,0,2,15
14095.0,cluster_12013799525_12013799526_2496228894,0,2,15
14095.0,cluster_12013799529_12013799530_473195061,4,2,21
14096.0,2496228891,0,2,15
14096.0,cluster_12013799525_12013799526_2496228894,0,2,15
14096.0,cluster_12013799529_12013799530_473195061,3,2,15
14097.0,cluster_12013799525_12013799526_2496228894,0,2,15
14097.0,cluster_12013799529_12013799530_473195061,3,2,15
14098.0,cluster_12013799525_12013799526_2496228894,0,2,15
14098.0,cluster_12013799527_12013799528_2190601967,0,0,15
14098.0,cluster_12013799529_12013799530_473195061,2,2,15
14099.0,cluster_12013799525_12013799526_2496228894,0,2,15
14099.0,cluster_12013799527_12013799528_2190601967,0,0,15
14099.0,cluster_12013799529_12013799530_473195061,2,2,15
14100.0,2496228891,4,0,21
14100.0,cluster_12013799525_12013799526_2496228894,0,2,15
14100.0,cluster_12013799527_12013799528_2190601967,0,0,15
14100.0,cluster_12013799529_12013799530_473195061,2,2,15
14101.0,2496228891,5,0,23
14101.0,cluster_12013799525_12013799526_2496228894,1,2,15
14101.0,cluster_12013799527_12013799528_2190601967,1,0,15
14101.0,cluster_12013799529_12013799530_473195061,2,2,15
14102.0,2496228891,6,0,23
14102.0,cluster_12013799525_12013799526_2496228894,1,2,15
14102.0,cluster_12013799527_12013799528_2190601967,1,0,15
14102.0,cluster_12013799529_12013799530_473195061,1,2,15
14103.0,2496228891,5,0,21
14103.0,cluster_12013799525_12013799526_2496228894,1,2,15
14103.0,cluster_12013799527_12013799528_2190601967,1,0,15
14103.0,cluster_12013799529_12013799530_473195061,1,2,15
14104.0,2496228891,3,0,15
14104.0,cluster_12013799525_12013799526_2496228894,1,2,15
14104.0,cluster_12013799527_12013799528_2190601967,1,0,15
14104.0,cluster_12013799529_12013799530_473195061,1,2,15
14105.0,2496228891,5,0,23
14105.0,cluster_12013799525_12013799526_2496228894,2,2,15
14105.0,cluster_12013799527_12013799528_2190601967,2,0,15
14105.0,cluster_12013799529_12013799530_473195061,2,2,15
14106.0,2496228891,5,0,21
14106.0,cluster_12013799525_12013799526_2496228894,2,2,15
14106.0,cluster_12013799527_12013799528_2190601967,2,0,15
14106.0,cluster_12013799529_12013799530_473195061,2,2,15
14107.0,2496228891,4,0,21
14107.0,cluster_12013799527_12013799528_2190601967,2,0,15
14107.0,cluster_12013799529_12013799530_473195061,2,2,15
14108.0,2496228891,4,0,23
14108.0,cluster_12013799527_12013799528_2190601967,2,0,15
14109.0,2496228891,5,0,23
14109.0,cluster_12013799527_12013799528_2190601967,3,0,15
14110.0,2496228891,4,0,21
14110.0,cluster_12013799525_12013799526_2496228894,3,0,15
14110.0,cluster_12013799527_12013799528_2190601967,3,0,15
14111.0,2496228891,4,0,21
14111.0,cluster_12013799525_12013799526_2496228894,2,0,15
14111.0,cluster_12013799527_12013799528_2190601967,3,0,15
14111.0,cluster_12013799529_12013799530_473195061,3,0,15
14112.0,2496228891,4,0,21
14112.0,cluster_12013799525_12013799526_2496228894,2,0,15
14112.0,cluster_12013799527_12013799528_2190601967,3,0,15
14112.0,cluster_12013799529_12013799530_473195061,3,0,15
14113.0,2496228891,5,0,23
14113.0,cluster_12013799525_12013799526_2496228894,3,0,15
14113.0,cluster_12013799527_12013799528_2190601967,4,0,23
14113.0,cluster_12013799529_12013799530_473195061,4,0,21
14114.0,2496228891,5,0,23
14114.0,cluster_12013799525_12013799526_2496228894,3,0,15
14114.0,cluster_12013799529_12013799530_473195061,4,0,21
14115.0,2496228891,4,0,21
14115.0,cluster_12013799525_12013799526_2496228894,2,0,15
14115.0,cluster_12013799529_12013799530_473195061,4,0,21
14116.0,2496228891,4,0,21
14116.0,cluster_12013799525_12013799526_2496228894,2,0,15
14116.0,cluster_12013799529_12013799530_473195061,4,0,21
14117.0,2496228891,5,0,23
14117.0,cluster_12013799525_12013799526_2496228894,2,0,15
14117.0,cluster_12013799527_12013799528_2190601967,5,2,21
14117.0,cluster_12013799529_12013799530_473195061,5,0,21
14118.0,2496228891,4,0,21
14118.0,cluster_12013799525_12013799526_2496228894,1,0,15
14118.0,cluster_12013799527_12013799528_2190601967,3,2,15
14118.0,cluster_12013799529_12013799530_473195061,4,0,21
14119.0,2496228891,4,0,21
14119.0,cluster_12013799525_12013799526_2496228894,1,0,15
14119.0,cluster_12013799527_12013799528_2190601967,3,2,15
14119.0,cluster_12013799529_12013799530_473195061,4,0,21
14120.0,2496228891,6,0,23
14120.0,cluster_12013799525_12013799526_2496228894,1,0,15
14120.0,cluster_12013799527_12013799528_2190601967,3,2,15
14120.0,cluster_12013799529_12013799530_473195061,4,0,21
14121.0,2496228891,6,0,21
14121.0,cluster_12013799525_12013799526_2496228894,1,0,15
14121.0,cluster_12013799527_12013799528_2190601967,4,2,23
14121.0,cluster_12013799529_12013799530_473195061,4,0,21
14122.0,cluster_12013799525_12013799526_2496228894,0,0,15
14122.0,cluster_12013799527_12013799528_2190601967,3,2,15
14122.0,cluster_12013799529_12013799530_473195061,3,0,15
14123.0,cluster_12013799525_12013799526_2496228894,0,0,15
14123.0,cluster_12013799527_12013799528_2190601967,3,2,15
14123.0,cluster_12013799529_12013799530_473195061,3,0,15
14124.0,cluster_12013799525_12013799526_2496228894,0,0,15
14124.0,cluster_12013799527_12013799528_2190601967,2,2,15
14124.0,cluster_12013799529_12013799530_473195061,3,0,15
14125.0,2496228891,3,2,15
14125.0,cluster_12013799525_12013799526_2496228894,0,0,15
14125.0,cluster_12013799527_12013799528_2190601967,3,2,15
14125.0,cluster_12013799529_12013799530_473195061,3,0,15
14126.0,2496228891,2,2,15
14126.0,cluster_12013799527_12013799528_2190601967,3,2,15
14126.0,cluster_12013799529_12013799530_473195061,2,0,15
14127.0,2496228891,2,2,15
14127.0,cluster_12013799527_12013799528_2190601967,3,2,15
14128.0,2496228891,2,2,15
14128.0,cluster_12013799527_12013799528_2190601967,2,2,15
14129.0,2496228891,2,2,15
14129.0,cluster_12013799525_12013799526_2496228894,3,2,15
14129.0,cluster_12013799527_12013799528_2190601967,2,2,15
14130.0,2496228891,1,2,15
14130.0,cluster_12013799525_12013799526_2496228894,2,2,15
14130.0,cluster_12013799527_12013799528_2190601967,2,2,15
14130.0,cluster_12013799529_12013799530_473195061,8,2,21
14131.0,2496228891,1,2,15
14131.0,cluster_12013799525_12013799526_2496228894,2,2,15
14131.0,cluster_12013799527_12013799528_2190601967,1,2,15
14131.0,cluster_12013799529_12013799530_473195061,8,2,21
14132.0,2496228891,1,2,15
14132.0,cluster_12013799525_12013799526_2496228894,3,2,15
14132.0,cluster_12013799527_12013799528_2190601967,1,2,15
14132.0,cluster_12013799529_12013799530_473195061,9,2,25
14133.0,2496228891,0,2,15
14133.0,cluster_12013799525_12013799526_2496228894,2,2,15
14133.0,cluster_12013799527_12013799528_2190601967,1,2,15
14133.0,cluster_12013799529_12013799530_473195061,9,2,22
14134.0,2496228891,0,2,15
14134.0,cluster_12013799525_12013799526_2496228894,2,2,15
14134.0,cluster_12013799527_12013799528_2190601967,1,2,15
14134.0,cluster_12013799529_12013799530_473195061,9,2,22
14135.0,2496228891,0,2,15
14135.0,cluster_12013799525_12013799526_2496228894,3,2,15
14135.0,cluster_12013799527_12013799528_2190601967,1,2,15
14135.0,cluster_12013799529_12013799530_473195061,8,2,21
14136.0,2496228891,0,2,15
14136.0,cluster_12013799525_12013799526_2496228894,3,2,15
14136.0,cluster_12013799527_12013799528_2190601967,0,2,15
14136.0,cluster_12013799529_12013799530_473195061,8,2,21
14137.0,2496228891,0,2,15
14137.0,cluster_12013799525_12013799526_2496228894,3,2,15
14137.0,cluster_12013799527_12013799528_2190601967,0,2,15
14137.0,cluster_12013799529_12013799530_473195061,8,2,21
14138.0,2496228891,0,2,15
14138.0,cluster_12013799525_12013799526_2496228894,3,2,15
14138.0,cluster_12013799527_12013799528_2190601967,0,2,15
14138.0,cluster_12013799529_12013799530_473195061,9,2,25
14139.0,2496228891,0,2,15
14139.0,cluster_12013799525_12013799526_2496228894,2,2,15
14139.0,cluster_12013799529_12013799530_473195061,9,2,22
14140.0,2496228891,0,2,15
14140.0,cluster_12013799525_12013799526_2496228894,2,2,15
14140.0,cluster_12013799529_12013799530_473195061,9,2,22
14141.0,cluster_12013799525_12013799526_2496228894,2,2,15
14141.0,cluster_12013799529_12013799530_473195061,8,2,21
14142.0,cluster_12013799525_12013799526_2496228894,2,2,15
14142.0,cluster_12013799527_12013799528_2190601967,7,0,21
14142.0,cluster_12013799529_12013799530_473195061,8,2,21
14143.0,cluster_12013799525_12013799526_2496228894,2,2,15
14143.0,cluster_12013799527_12013799528_2190601967,6,0,21
14143.0,cluster_12013799529_12013799530_473195061,7,2,21
14144.0,2496228891,6,0,21
14144.0,cluster_12013799525_12013799526_2496228894,1,2,15
14144.0,cluster_12013799527_12013799528_2190601967,6,0,21
14144.0,cluster_12013799529_12013799530_473195061,7,2,21
14145.0,2496228891,4,0,21
14145.0,cluster_12013799527_12013799528_2190601967,6,0,21
14145.0,cluster_12013799529_12013799530_473195061,7,2,21
14146.0,2496228891,4,0,21
14146.0,cluster_12013799527_12013799528_2190601967,6,0,21
14146.0,cluster_12013799529_12013799530_473195061,7,2,21
14147.0,2496228891,2,0,15
14147.0,cluster_12013799527_12013799528_2190601967,5,0,21
14147.0,cluster_12013799529_12013799530_473195061,6,2,21
14148.0,2496228891,3,0,15
14148.0,cluster_12013799525_12013799526_2496228894,0,0,15
14148.0,cluster_12013799527_12013799528_2190601967,5,0,21
14148.0,cluster_12013799529_12013799530_473195061,5,2,21
14149.0,2496228891,3,0,15
14149.0,cluster_12013799525_12013799526_2496228894,0,0,15
14149.0,cluster_12013799527_12013799528_2190601967,4,0,21
14149.0,cluster_12013799529_12013799530_473195061,4,2,21
14150.0,2496228891,3,0,15
14150.0,cluster_12013799525_12013799526_2496228894,0,0,15
14150.0,cluster_12013799527_12013799528_2190601967,4,0,21
14150.0,cluster_12013799529_12013799530_473195061,5,2,23
14151.0,2496228891,3,0,15
14151.0,cluster_12013799525_12013799526_2496228894,0,0,15
14151.0,cluster_12013799527_12013799528_2190601967,4,0,21
14151.0,cluster_12013799529_12013799530_473195061,5,2,21
14152.0,2496228891,3,0,15
14152.0,cluster_12013799525_12013799526_2496228894,0,0,15
14152.0,cluster_12013799527_12013799528_2190601967,3,0,15
14153.0,2496228891,2,0,15
14153.0,cluster_12013799525_12013799526_2496228894,0,0,15
14153.0,cluster_12013799527_12013799528_2190601967,3,0,15
14154.0,2496228891,2,0,15
14154.0,cluster_12013799525_12013799526_2496228894,0,0,15
14154.0,cluster_12013799527_12013799528_2190601967,3,0,15
14155.0,2496228891,2,0,15
14155.0,cluster_12013799525_12013799526_2496228894,0,0,15
14155.0,cluster_12013799527_12013799528_2190601967,2,0,15
14155.0,cluster_12013799529_12013799530_473195061,2,0,15
14156.0,2496228891,2,0,15
14156.0,cluster_12013799525_12013799526_2496228894,0,0,15
14156.0,cluster_12013799527_12013799528_2190601967,2,0,15
14156.0,cluster_12013799529_12013799530_473195061,1,0,15
14157.0,2496228891,2,0,15
14157.0,cluster_12013799525_12013799526_2496228894,0,0,15
14157.0,cluster_12013799527_12013799528_2190601967,1,0,15
14157.0,cluster_12013799529_12013799530_473195061,1,0,15
14158.0,2496228891,2,0,15
14158.0,cluster_12013799525_12013799526_2496228894,0,0,15
14158.0,cluster_12013799527_12013799528_2190601967,1,0,15
14158.0,cluster_12013799529_12013799530_473195061,1,0,15
14159.0,2496228891,1,0,15
14159.0,cluster_12013799525_12013799526_2496228894,0,0,15
14159.0,cluster_12013799527_12013799528_2190601967,0,0,15
14159.0,cluster_12013799529_12013799530_473195061,0,0,15
14160.0,2496228891,1,0,15
14160.0,cluster_12013799525_12013799526_2496228894,0,0,15
14160.0,cluster_12013799527_12013799528_2190601967,0,0,15
14160.0,cluster_12013799529_12013799530_473195061,0,0,15
14161.0,2496228891,1,0,15
14161.0,cluster_12013799525_12013799526_2496228894,0,0,15
14161.0,cluster_12013799527_12013799528_2190601967,0,0,15
14161.0,cluster_12013799529_12013799530_473195061,0,0,15
14162.0,2496228891,0,0,15
14162.0,cluster_12013799525_12013799526_2496228894,0,0,15
14162.0,cluster_12013799527_12013799528_2190601967,0,0,15
14162.0,cluster_12013799529_12013799530_473195061,0,0,15
14163.0,2496228891,0,0,15
14163.0,cluster_12013799525_12013799526_2496228894,0,0,15
14163.0,cluster_12013799527_12013799528_2190601967,0,0,15
14163.0,cluster_12013799529_12013799530_473195061,0,0,15
14164.0,2496228891,0,0,15
14164.0,cluster_12013799529_12013799530_473195061,0,0,15
14165.0,2496228891,0,0,15
14165.0,cluster_12013799529_12013799530_473195061,0,0,15
14166.0,cluster_12013799529_12013799530_473195061,0,0,15
14167.0,cluster_12013799525_12013799526_2496228894,2,2,15
14167.0,cluster_12013799527_12013799528_2190601967,0,2,15
14167.0,cluster_12013799529_12013799530_473195061,0,0,15
14168.0,cluster_12013799525_12013799526_2496228894,1,2,15
14168.0,cluster_12013799527_12013799528_2190601967,0,2,15
14168.0,cluster_12013799529_12013799530_473195061,0,0,15
14169.0,2496228891,0,2,15
14169.0,cluster_12013799525_12013799526_2496228894,1,2,15
14169.0,cluster_12013799527_12013799528_2190601967,0,2,15
14169.0,cluster_12013799529_12013799530_473195061,0,0,15
14170.0,2496228891,0,2,15
14170.0,cluster_12013799525_12013799526_2496228894,1,2,15
14170.0,cluster_12013799527_12013799528_2190601967,0,2,15
14170.0,cluster_12013799529_12013799530_473195061,0,0,15
14171.0,2496228891,0,2,15
14171.0,cluster_12013799525_12013799526_2496228894,1,2,15
14171.0,cluster_12013799527_12013799528_2190601967,0,2,15
14172.0,2496228891,0,2,15
14172.0,cluster_12013799525_12013799526_2496228894,1,2,15
14172.0,cluster_12013799527_12013799528_2190601967,1,2,15
14173.0,2496228891,0,2,15
14173.0,cluster_12013799525_12013799526_2496228894,1,2,15
14173.0,cluster_12013799527_12013799528_2190601967,1,2,15
14174.0,2496228891,0,2,15
14174.0,cluster_12013799525_12013799526_2496228894,0,2,15
14174.0,cluster_12013799527_12013799528_2190601967,1,2,15
14174.0,cluster_12013799529_12013799530_473195061,5,2,21
14175.0,2496228891,0,2,15
14175.0,cluster_12013799525_12013799526_2496228894,0,2,15
14175.0,cluster_12013799527_12013799528_2190601967,1,2,15
14175.0,cluster_12013799529_12013799530_473195061,4,2,21
14176.0,2496228891,0,2,15
14176.0,cluster_12013799525_12013799526_2496228894,0,2,15
14176.0,cluster_12013799527_12013799528_2190601967,1,2,15
14176.0,cluster_12013799529_12013799530_473195061,4,2,21
14177.0,2496228891,0,2,15
14177.0,cluster_12013799525_12013799526_2496228894,0,2,15
14177.0,cluster_12013799527_12013799528_2190601967,1,2,15
14177.0,cluster_12013799529_12013799530_473195061,4,2,21
14178.0,2496228891,0,2,15
14178.0,cluster_12013799525_12013799526_2496228894,0,2,15
14178.0,cluster_12013799527_12013799528_2190601967,0,2,15
14178.0,cluster_12013799529_12013799530_473195061,3,2,15
14179.0,2496228891,0,2,15
14179.0,cluster_12013799525_12013799526_2496228894,0,2,15
14179.0,cluster_12013799527_12013799528_2190601967,1,2,15
14179.0,cluster_12013799529_12013799530_473195061,2,2,15
14180.0,2496228891,0,2,15
14180.0,cluster_12013799525_12013799526_2496228894,0,2,15
14180.0,cluster_12013799527_12013799528_2190601967,1,2,15
14180.0,cluster_12013799529_12013799530_473195061,2,2,15
14181.0,2496228891,0,2,15
14181.0,cluster_12013799525_12013799526_2496228894,0,2,15
14181.0,cluster_12013799527_12013799528_2190601967,1,2,15
14181.0,cluster_12013799529_12013799530_473195061,1,2,15
14182.0,2496228891,0,2,15
14182.0,cluster_12013799525_12013799526_2496228894,0,2,15
14182.0,cluster_12013799527_12013799528_2190601967,1,2,15
14182.0,cluster_12013799529_12013799530_473195061,1,2,15
14183.0,2496228891,0,2,15
14183.0,cluster_12013799529_12013799530_473195061,0,2,15
14184.0,2496228891,0,2,15
14184.0,cluster_12013799529_12013799530_473195061,0,2,15
14185.0,cluster_12013799529_12013799530_473195061,0,2,15
14186.0,cluster_12013799525_12013799526_2496228894,0,0,15
14186.0,cluster_12013799527_12013799528_2190601967,0,0,15
14186.0,cluster_12013799529_12013799530_473195061,0,2,15
14187.0,cluster_12013799525_12013799526_2496228894,0,0,15
14187.0,cluster_12013799527_12013799528_2190601967,0,0,15
14187.0,cluster_12013799529_12013799530_473195061,0,2,15
14188.0,2496228891,3,0,15
14188.0,cluster_12013799525_12013799526_2496228894,0,0,15
14188.0,cluster_12013799527_12013799528_2190601967,0,0,15
14188.0,cluster_12013799529_12013799530_473195061,0,2,15
14189.0,2496228891,2,0,15
14189.0,cluster_12013799525_12013799526_2496228894,0,0,15
14189.0,cluster_12013799527_12013799528_2190601967,0,0,15
14189.0,cluster_12013799529_12013799530_473195061,0,2,15
14190.0,2496228891,3,0,15
14190.0,cluster_12013799525_12013799526_2496228894,0,0,15
14190.0,cluster_12013799527_12013799528_2190601967,0,0,15
14190.0,cluster_12013799529_12013799530_473195061,0,2,15
14191.0,2496228891,3,0,15
14191.0,cluster_12013799525_12013799526_2496228894,0,0,15
14191.0,cluster_12013799527_12013799528_2190601967,0,0,15
14191.0,cluster_12013799529_12013799530_473195061,0,2,15
14192.0,2496228891,3,0,15
14192.0,cluster_12013799525_12013799526_2496228894,0,0,15
14192.0,cluster_12013799527_12013799528_2190601967,0,0,15
14192.0,cluster_12013799529_12013799530_473195061,0,2,15
14193.0,2496228891,2,0,15
14193.0,cluster_12013799525_12013799526_2496228894,0,0,15
14193.0,cluster_12013799527_12013799528_2190601967,0,0,15
14193.0,cluster_12013799529_12013799530_473195061,0,2,15
14194.0,2496228891,2,0,15
14194.0,cluster_12013799525_12013799526_2496228894,0,0,15
14194.0,cluster_12013799527_12013799528_2190601967,0,0,15
14194.0,cluster_12013799529_12013799530_473195061,0,2,15
14195.0,2496228891,1,0,15
14195.0,cluster_12013799525_12013799526_2496228894,0,0,15
14195.0,cluster_12013799527_12013799528_2190601967,0,0,15
14195.0,cluster_12013799529_12013799530_473195061,0,2,15
14196.0,2496228891,1,0,15
14196.0,cluster_12013799525_12013799526_2496228894,0,0,15
14196.0,cluster_12013799527_12013799528_2190601967,0,0,15
14197.0,2496228891,1,0,15
14197.0,cluster_12013799525_12013799526_2496228894,0,0,15
14197.0,cluster_12013799527_12013799528_2190601967,0,0,15
14198.0,2496228891,0,0,15
14198.0,cluster_12013799525_12013799526_2496228894,0,0,15
14198.0,cluster_12013799527_12013799528_2190601967,0,0,15
14199.0,2496228891,0,0,15
14199.0,cluster_12013799525_12013799526_2496228894,0,0,15
14199.0,cluster_12013799527_12013799528_2190601967,0,0,15
14199.0,cluster_12013799529_12013799530_473195061,0,0,15
14200.0,2496228891,0,0,15
14200.0,cluster_12013799525_12013799526_2496228894,0,0,15
14200.0,cluster_12013799527_12013799528_2190601967,0,0,15
14200.0,cluster_12013799529_12013799530_473195061,0,0,15
14201.0,2496228891,1,0,15
14201.0,cluster_12013799525_12013799526_2496228894,1,0,15
14201.0,cluster_12013799527_12013799528_2190601967,1,0,15
14201.0,cluster_12013799529_12013799530_473195061,1,0,15
14202.0,2496228891,1,0,15
14202.0,cluster_12013799529_12013799530_473195061,1,0,15
14203.0,2496228891,1,0,15
14203.0,cluster_12013799529_12013799530_473195061,1,0,15
14204.0,cluster_12013799529_12013799530_473195061,1,0,15
14205.0,cluster_12013799525_12013799526_2496228894,4,2,21
14205.0,cluster_12013799527_12013799528_2190601967,3,2,15
14205.0,cluster_12013799529_12013799530_473195061,2,0,15
14206.0,cluster_12013799525_12013799526_2496228894,4,2,21
14206.0,cluster_12013799527_12013799528_2190601967,2,2,15
14206.0,cluster_12013799529_12013799530_473195061,2,0,15
14207.0,2496228891,2,2,15
14207.0,cluster_12013799525_12013799526_2496228894,4,2,21
14207.0,cluster_12013799527_12013799528_2190601967,3,2,15
14207.0,cluster_12013799529_12013799530_473195061,2,0,15
14208.0,2496228891,2,2,15
14208.0,cluster_12013799525_12013799526_2496228894,3,2,15
14208.0,cluster_12013799527_12013799528_2190601967,3,2,15
14208.0,cluster_12013799529_12013799530_473195061,2,0,15
14209.0,2496228891,2,2,15
14209.0,cluster_12013799525_12013799526_2496228894,3,2,15
14209.0,cluster_12013799527_12013799528_2190601967,4,2,23
14209.0,cluster_12013799529_12013799530_473195061,3,0,15
14210.0,2496228891,3,2,15
14210.0,cluster_12013799525_12013799526_2496228894,4,2,21
14210.0,cluster_12013799527_12013799528_2190601967,4,2,21
14210.0,cluster_12013799529_12013799530_473195061,3,0,15
14211.0,2496228891,3,2,15
14211.0,cluster_12013799525_12013799526_2496228894,3,2,15
14211.0,cluster_12013799527_12013799528_2190601967,4,2,21
14211.0,cluster_12013799529_12013799530_473195061,3,0,15
14212.0,2496228891,3,2,15
14212.0,cluster_12013799525_12013799526_2496228894,3,2,15
14212.0,cluster_12013799527_12013799528_2190601967,4,2,21
14212.0,cluster_12013799529_12013799530_473195061,3,0,15
14213.0,2496228891,2,2,15
14213.0,cluster_12013799525_12013799526_2496228894,2,2,15
14213.0,cluster_12013799527_12013799528_2190601967,4,2,23
14213.0,cluster_12013799529_12013799530_473195061,4,0,23
14214.0,2496228891,3,2,15
14214.0,cluster_12013799525_12013799526_2496228894,3,2,15
14214.0,cluster_12013799527_12013799528_2190601967,5,2,23
14214.0,cluster_12013799529_12013799530_473195061,4,0,21
14215.0,2496228891,3,2,15
14215.0,cluster_12013799525_12013799526_2496228894,3,2,15
14215.0,cluster_12013799527_12013799528_2190601967,5,2,21
14216.0,2496228891,3,2,15
14216.0,cluster_12013799525_12013799526_2496228894,3,2,15
14216.0,cluster_12013799527_12013799528_2190601967,5,2,21
14217.0,2496228891,2,2,15
14217.0,cluster_12013799525_12013799526_2496228894,2,2,15
14217.0,cluster_12013799527_12013799528_2190601967,5,2,21
14218.0,2496228891,2,2,15
14218.0,cluster_12013799525_12013799526_2496228894,2,2,15
14218.0,cluster_12013799527_12013799528_2190601967,5,2,21
14218.0,cluster_12013799529_12013799530_473195061,6,2,21
14219.0,2496228891,2,2,15
14219.0,cluster_12013799525_12013799526_2496228894,3,2,15
14219.0,cluster_12013799527_12013799528_2190601967,4,2,21
14219.0,cluster_12013799529_12013799530_473195061,6,2,21
14220.0,2496228891,2,2,15
14220.0,cluster_12013799525_12013799526_2496228894,3,2,15
14220.0,cluster_12013799527_12013799528_2190601967,4,2,21
14220.0,cluster_12013799529_12013799530_473195061,6,2,23
14221.0,2496228891,2,2,15
14221.0,cluster_12013799525_12013799526_2496228894,3,2,15
14221.0,cluster_12013799529_12013799530_473195061,6,2,23
14222.0,2496228891,2,2,15
14222.0,cluster_12013799525_12013799526_2496228894,3,2,15
14222.0,cluster_12013799529_12013799530_473195061,6,2,21
14223.0,cluster_12013799525_12013799526_2496228894,3,2,15
14223.0,cluster_12013799529_12013799530_473195061,6,2,21
14224.0,cluster_12013799525_12013799526_2496228894,3,2,15
14224.0,cluster_12013799527_12013799528_2190601967,6,0,21
14224.0,cluster_12013799529_12013799530_473195061,6,2,21
14225.0,cluster_12013799525_12013799526_2496228894,3,2,15
14225.0,cluster_12013799527_12013799528_2190601967,6,0,21
14225.0,cluster_12013799529_12013799530_473195061,6,2,21
14226.0,2496228891,5,0,21
14226.0,cluster_12013799525_12013799526_2496228894,3,2,15
14226.0,cluster_12013799527_12013799528_2190601967,6,0,21
14226.0,cluster_12013799529_12013799530_473195061,6,2,21
14227.0,2496228891,5,0,21
14227.0,cluster_12013799527_12013799528_2190601967,6,0,21
14227.0,cluster_12013799529_12013799530_473195061,6,2,21
14228.0,2496228891,5,0,21
14228.0,cluster_12013799527_12013799528_2190601967,6,0,21
14228.0,cluster_12013799529_12013799530_473195061,6,2,21
14229.0,2496228891,5,0,21
14229.0,cluster_12013799527_12013799528_2190601967,5,0,21
14229.0,cluster_12013799529_12013799530_473195061,5,2,21
14230.0,2496228891,5,0,21
14230.0,cluster_12013799525_12013799526_2496228894,4,0,21
14230.0,cluster_12013799527_12013799528_2190601967,5,0,21
14230.0,cluster_12013799529_12013799530_473195061,5,2,21
14231.0,2496228891,5,0,21
14231.0,cluster_12013799525_12013799526_2496228894,3,0,15
14231.0,cluster_12013799527_12013799528_2190601967,4,0,21
14231.0,cluster_12013799529_12013799530_473195061,4,2,21
14232.0,2496228891,5,0,21
14232.0,cluster_12013799525_12013799526_2496228894,3,0,15
14232.0,cluster_12013799527_12013799528_2190601967,4,0,21
14232.0,cluster_12013799529_12013799530_473195061,5,2,23
14233.0,2496228891,5,0,21
14233.0,cluster_12013799525_12013799526_2496228894,3,0,15
14233.0,cluster_12013799527_12013799528_2190601967,4,0,21
14233.0,cluster_12013799529_12013799530_473195061,5,2,21
14234.0,2496228891,5,0,21
14234.0,cluster_12013799525_12013799526_2496228894,2,0,15
14234.0,cluster_12013799527_12013799528_2190601967,3,0,15
14234.0,cluster_12013799529_12013799530_473195061,5,2,23
14235.0,2496228891,5,0,21
14235.0,cluster_12013799525_12013799526_2496228894,2,0,15
14235.0,cluster_12013799527_12013799528_2190601967,3,0,15
14235.0,cluster_12013799529_12013799530_473195061,5,2,21
14236.0,2496228891,5,0,21
14236.0,cluster_12013799525_12013799526_2496228894,2,0,15
14236.0,cluster_12013799527_12013799528_2190601967,2,0,15
14236.0,cluster_12013799529_12013799530_473195061,5,2,23
14237.0,2496228891,5,0,21
14237.0,cluster_12013799525_12013799526_2496228894,1,0,15
14237.0,cluster_12013799527_12013799528_2190601967,2,0,15
14237.0,cluster_12013799529_12013799530_473195061,5,2,21
14238.0,2496228891,5,0,21
14238.0,cluster_12013799525_12013799526_2496228894,1,0,15
14238.0,cluster_12013799527_12013799528_2190601967,2,0,15
14238.0,cluster_12013799529_12013799530_473195061,6,2,23
14239.0,2496228891,5,0,21
14239.0,cluster_12013799525_12013799526_2496228894,1,0,15
14239.0,cluster_12013799527_12013799528_2190601967,2,0,15
14239.0,cluster_12013799529_12013799530_473195061,6,2,21
14240.0,2496228891,5,0,21
14240.0,cluster_12013799525_12013799526_2496228894,0,0,15
14240.0,cluster_12013799527_12013799528_2190601967,1,0,15
14241.0,2496228891,5,0,21
14241.0,cluster_12013799525_12013799526_2496228894,0,0,15
14241.0,cluster_12013799527_12013799528_2190601967,1,0,15
14242.0,2496228891,5,0,21
14242.0,cluster_12013799525_12013799526_2496228894,0,0,15
14242.0,cluster_12013799527_12013799528_2190601967,1,0,15
14243.0,2496228891,4,0,21
14243.0,cluster_12013799525_12013799526_2496228894,0,0,15
14243.0,cluster_12013799527_12013799528_2190601967,0,0,15
14243.0,cluster_12013799529_12013799530_473195061,4,0,21
14244.0,2496228891,4,0,21
14244.0,cluster_12013799525_12013799526_2496228894,0,0,15
14244.0,cluster_12013799527_12013799528_2190601967,0,0,15
14244.0,cluster_12013799529_12013799530_473195061,4,0,21
14245.0,2496228891,4,0,21
14245.0,cluster_12013799525_12013799526_2496228894,0,0,15
14245.0,cluster_12013799527_12013799528_2190601967,0,0,15
14245.0,cluster_12013799529_12013799530_473195061,4,0,21
14246.0,2496228891,4,0,21
14246.0,cluster_12013799525_12013799526_2496228894,0,0,15
14246.0,cluster_12013799529_12013799530_473195061,4,0,21
14247.0,2496228891,3,0,15
14247.0,cluster_12013799525_12013799526_2496228894,0,0,15
14247.0,cluster_12013799529_12013799530_473195061,3,0,15
14248.0,cluster_12013799525_12013799526_2496228894,0,0,15
14248.0,cluster_12013799529_12013799530_473195061,3,0,15
14249.0,cluster_12013799525_12013799526_2496228894,0,0,15
14249.0,cluster_12013799527_12013799528_2190601967,2,2,15
14249.0,cluster_12013799529_12013799530_473195061,3,0,15
14250.0,cluster_12013799525_12013799526_2496228894,0,0,15
14250.0,cluster_12013799527_12013799528_2190601967,2,2,15
14250.0,cluster_12013799529_12013799530_473195061,2,0,15
14251.0,2496228891,2,2,15
14251.0,cluster_12013799525_12013799526_2496228894,0,0,15
14251.0,cluster_12013799527_12013799528_2190601967,2,2,15
14251.0,cluster_12013799529_12013799530_473195061,2,0,15
14252.0,2496228891,1,2,15
14252.0,cluster_12013799527_12013799528_2190601967,2,2,15
14252.0,cluster_12013799529_12013799530_473195061,2,0,15
14253.0,2496228891,1,2,15
14253.0,cluster_12013799527_12013799528_2190601967,1,2,15
14253.0,cluster_12013799529_12013799530_473195061,1,0,15
14254.0,2496228891,1,2,15
14254.0,cluster_12013799527_12013799528_2190601967,1,2,15
14254.0,cluster_12013799529_12013799530_473195061,1,0,15
14255.0,2496228891,1,2,15
14255.0,cluster_12013799525_12013799526_2496228894,2,2,15
14255.0,cluster_12013799527_12013799528_2190601967,0,2,15
14255.0,cluster_12013799529_12013799530_473195061,0,0,15
14256.0,2496228891,0,2,15
14256.0,cluster_12013799525_12013799526_2496228894,1,2,15
14256.0,cluster_12013799527_12013799528_2190601967,0,2,15
14256.0,cluster_12013799529_12013799530_473195061,0,0,15
14257.0,2496228891,0,2,15
14257.0,cluster_12013799525_12013799526_2496228894,1,2,15
14257.0,cluster_12013799527_12013799528_2190601967,0,2,15
14257.0,cluster_12013799529_12013799530_473195061,0,0,15
14258.0,2496228891,0,2,15
14258.0,cluster_12013799525_12013799526_2496228894,1,2,15
14258.0,cluster_12013799527_12013799528_2190601967,0,2,15
14258.0,cluster_12013799529_12013799530_473195061,0,0,15
14259.0,2496228891,0,2,15
14259.0,cluster_12013799525_12013799526_2496228894,2,2,15
14259.0,cluster_12013799527_12013799528_2190601967,0,2,15
14259.0,cluster_12013799529_12013799530_473195061,0,0,15
14260.0,2496228891,0,2,15
14260.0,cluster_12013799525_12013799526_2496228894,2,2,15
14260.0,cluster_12013799527_12013799528_2190601967,0,2,15
14260.0,cluster_12013799529_12013799530_473195061,0,0,15
14261.0,2496228891,0,2,15
14261.0,cluster_12013799525_12013799526_2496228894,2,2,15
14261.0,cluster_12013799527_12013799528_2190601967,0,2,15
14261.0,cluster_12013799529_12013799530_473195061,0,0,15
14262.0,2496228891,0,2,15
14262.0,cluster_12013799525_12013799526_2496228894,2,2,15
14262.0,cluster_12013799527_12013799528_2190601967,0,2,15
14262.0,cluster_12013799529_12013799530_473195061,0,0,15
14263.0,2496228891,0,2,15
14263.0,cluster_12013799525_12013799526_2496228894,2,2,15
14263.0,cluster_12013799527_12013799528_2190601967,0,2,15
14263.0,cluster_12013799529_12013799530_473195061,0,0,15
14264.0,2496228891,0,2,15
14264.0,cluster_12013799525_12013799526_2496228894,2,2,15
14264.0,cluster_12013799527_12013799528_2190601967,0,2,15
14264.0,cluster_12013799529_12013799530_473195061,0,0,15
14265.0,2496228891,0,2,15
14265.0,cluster_12013799525_12013799526_2496228894,2,2,15
14266.0,2496228891,0,2,15
14266.0,cluster_12013799525_12013799526_2496228894,2,2,15
14267.0,cluster_12013799525_12013799526_2496228894,2,2,15
14268.0,cluster_12013799525_12013799526_2496228894,1,2,15
14268.0,cluster_12013799527_12013799528_2190601967,0,0,15
14268.0,cluster_12013799529_12013799530_473195061,9,2,22
14269.0,cluster_12013799525_12013799526_2496228894,1,2,15
14269.0,cluster_12013799527_12013799528_2190601967,0,0,15
14269.0,cluster_12013799529_12013799530_473195061,7,2,21
14270.0,2496228891,3,0,15
14270.0,cluster_12013799525_12013799526_2496228894,0,2,15
14270.0,cluster_12013799527_12013799528_2190601967,0,0,15
14270.0,cluster_12013799529_12013799530_473195061,7,2,21
14271.0,2496228891,2,0,15
14271.0,cluster_12013799527_12013799528_2190601967,0,0,15
14271.0,cluster_12013799529_12013799530_473195061,7,2,21
14272.0,2496228891,2,0,15
14272.0,cluster_12013799527_12013799528_2190601967,0,0,15
14272.0,cluster_12013799529_12013799530_473195061,5,2,21
14273.0,2496228891,2,0,15
14273.0,cluster_12013799527_12013799528_2190601967,0,0,15
14273.0,cluster_12013799529_12013799530_473195061,5,2,21
14274.0,2496228891,4,0,23
14274.0,cluster_12013799525_12013799526_2496228894,0,0,15
14274.0,cluster_12013799527_12013799528_2190601967,0,0,15
14274.0,cluster_12013799529_12013799530_473195061,5,2,21
14275.0,2496228891,3,0,15
14275.0,cluster_12013799525_12013799526_2496228894,0,0,15
14275.0,cluster_12013799527_12013799528_2190601967,0,0,15
14275.0,cluster_12013799529_12013799530_473195061,3,2,15
14276.0,2496228891,3,0,15
14276.0,cluster_12013799525_12013799526_2496228894,0,0,15
14276.0,cluster_12013799527_12013799528_2190601967,0,0,15
14276.0,cluster_12013799529_12013799530_473195061,3,2,15
14277.0,2496228891,0,0,15
14277.0,cluster_12013799525_12013799526_2496228894,0,0,15
14277.0,cluster_12013799527_12013799528_2190601967,0,0,15
14277.0,cluster_12013799529_12013799530_473195061,3,2,15
14278.0,2496228891,0,0,15
14278.0,cluster_12013799525_12013799526_2496228894,0,0,15
14278.0,cluster_12013799527_12013799528_2190601967,0,0,15
14278.0,cluster_12013799529_12013799530_473195061,2,2,15
14279.0,2496228891,1,0,15
14279.0,cluster_12013799525_12013799526_2496228894,0,0,15
14279.0,cluster_12013799527_12013799528_2190601967,0,0,15
14279.0,cluster_12013799529_12013799530_473195061,2,2,15
14280.0,2496228891,2,0,15
14280.0,cluster_12013799525_12013799526_2496228894,0,0,15
14280.0,cluster_12013799527_12013799528_2190601967,0,0,15
14280.0,cluster_12013799529_12013799530_473195061,1,2,15
14281.0,2496228891,2,0,15
14281.0,cluster_12013799525_12013799526_2496228894,0,0,15
14281.0,cluster_12013799527_12013799528_2190601967,0,0,15
14281.0,cluster_12013799529_12013799530_473195061,1,2,15
14282.0,2496228891,4,0,23
14282.0,cluster_12013799525_12013799526_2496228894,0,0,15
14282.0,cluster_12013799527_12013799528_2190601967,0,0,15
14282.0,cluster_12013799529_12013799530_473195061,1,2,15
14283.0,2496228891,4,0,21
14283.0,cluster_12013799525_12013799526_2496228894,0,0,15
14283.0,cluster_12013799527_12013799528_2190601967,0,0,15
14283.0,cluster_12013799529_12013799530_473195061,0,2,15
14284.0,2496228891,4,0,23
14284.0,cluster_12013799525_12013799526_2496228894,0,0,15
14284.0,cluster_12013799529_12013799530_473195061,0,2,15
14285.0,2496228891,3,0,15
14285.0,cluster_12013799525_12013799526_2496228894,0,0,15
14285.0,cluster_12013799529_12013799530_473195061,0,2,15
14286.0,cluster_12013799525_12013799526_2496228894,0,0,15
14286.0,cluster_12013799529_12013799530_473195061,0,2,15
14287.0,cluster_12013799525_12013799526_2496228894,0,0,15
14287.0,cluster_12013799527_12013799528_2190601967,2,2,15
14287.0,cluster_12013799529_12013799530_473195061,0,2,15
14288.0,cluster_12013799525_12013799526_2496228894,0,0,15
14288.0,cluster_12013799527_12013799528_2190601967,0,2,15
14288.0,cluster_12013799529_12013799530_473195061,0,2,15
14289.0,2496228891,0,2,15
14289.0,cluster_12013799525_12013799526_2496228894,0,0,15
14289.0,cluster_12013799527_12013799528_2190601967,0,2,15
14289.0,cluster_12013799529_12013799530_473195061,0,2,15
14290.0,2496228891,0,2,15
14290.0,cluster_12013799527_12013799528_2190601967,0,2,15
14290.0,cluster_12013799529_12013799530_473195061,0,2,15
14291.0,2496228891,0,2,15
14291.0,cluster_12013799527_12013799528_2190601967,0,2,15
14292.0,2496228891,0,2,15
14292.0,cluster_12013799527_12013799528_2190601967,0,2,15
14293.0,2496228891,0,2,15
14293.0,cluster_12013799525_12013799526_2496228894,2,2,15
14293.0,cluster_12013799527_12013799528_2190601967,0,2,15
14294.0,2496228891,0,2,15
14294.0,cluster_12013799525_12013799526_2496228894,1,2,15
14294.0,cluster_12013799527_12013799528_2190601967,0,2,15
14294.0,cluster_12013799529_12013799530_473195061,0,0,15
14295.0,2496228891,0,2,15
14295.0,cluster_12013799525_12013799526_2496228894,1,2,15
14295.0,cluster_12013799527_12013799528_2190601967,0,2,15
14295.0,cluster_12013799529_12013799530_473195061,0,0,15
14296.0,2496228891,0,2,15
14296.0,cluster_12013799525_12013799526_2496228894,1,2,15
14296.0,cluster_12013799527_12013799528_2190601967,0,2,15
14296.0,cluster_12013799529_12013799530_473195061,0,0,15
14297.0,2496228891,0,2,15
14297.0,cluster_12013799525_12013799526_2496228894,0,2,15
14297.0,cluster_12013799527_12013799528_2190601967,1,2,15
14297.0,cluster_12013799529_12013799530_473195061,0,0,15
14298.0,2496228891,0,2,15
14298.0,cluster_12013799525_12013799526_2496228894,0,2,15
14298.0,cluster_12013799527_12013799528_2190601967,1,2,15
14298.0,cluster_12013799529_12013799530_473195061,0,0,15
14299.0,2496228891,0,2,15
14299.0,cluster_12013799525_12013799526_2496228894,0,2,15
14299.0,cluster_12013799527_12013799528_2190601967,1,2,15
14299.0,cluster_12013799529_12013799530_473195061,0,0,15
14300.0,2496228891,0,2,15
14300.0,cluster_12013799525_12013799526_2496228894,0,2,15
14300.0,cluster_12013799527_12013799528_2190601967,1,2,15
14300.0,cluster_12013799529_12013799530_473195061,0,0,15
14301.0,2496228891,1,2,15
14301.0,cluster_12013799525_12013799526_2496228894,1,2,15
14301.0,cluster_12013799527_12013799528_2190601967,2,2,15
14301.0,cluster_12013799529_12013799530_473195061,1,0,15
14302.0,2496228891,1,2,15
14302.0,cluster_12013799525_12013799526_2496228894,1,2,15
14302.0,cluster_12013799527_12013799528_2190601967,2,2,15
14302.0,cluster_12013799529_12013799530_473195061,1,0,15
14303.0,2496228891,1,2,15
14303.0,cluster_12013799525_12013799526_2496228894,1,2,15
14303.0,cluster_12013799529_12013799530_473195061,1,0,15
14304.0,2496228891,1,2,15
14304.0,cluster_12013799525_12013799526_2496228894,1,2,15
14304.0,cluster_12013799529_12013799530_473195061,1,0,15
14305.0,cluster_12013799525_12013799526_2496228894,2,2,15
14305.0,cluster_12013799529_12013799530_473195061,2,0,15
14306.0,cluster_12013799525_12013799526_2496228894,2,2,15
14306.0,cluster_12013799527_12013799528_2190601967,2,0,15
14306.0,cluster_12013799529_12013799530_473195061,2,0,15
14307.0,cluster_12013799525_12013799526_2496228894,2,2,15
14307.0,cluster_12013799527_12013799528_2190601967,2,0,15
14307.0,cluster_12013799529_12013799530_473195061,2,0,15
14308.0,2496228891,4,0,21
14308.0,cluster_12013799525_12013799526_2496228894,2,2,15
14308.0,cluster_12013799527_12013799528_2190601967,2,0,15
14308.0,cluster_12013799529_12013799530_473195061,2,0,15
14309.0,2496228891,4,0,23
14309.0,cluster_12013799527_12013799528_2190601967,3,0,15
14309.0,cluster_12013799529_12013799530_473195061,3,0,15
14310.0,2496228891,4,0,23
14310.0,cluster_12013799527_12013799528_2190601967,3,0,15
14311.0,2496228891,4,0,21
14311.0,cluster_12013799527_12013799528_2190601967,3,0,15
14312.0,2496228891,4,0,23
14312.0,cluster_12013799525_12013799526_2496228894,2,0,15
14312.0,cluster_12013799527_12013799528_2190601967,3,0,15
14313.0,2496228891,4,0,21
14313.0,cluster_12013799525_12013799526_2496228894,3,0,15
14313.0,cluster_12013799527_12013799528_2190601967,4,0,23
14313.0,cluster_12013799529_12013799530_473195061,4,2,21
14314.0,2496228891,4,0,21
14314.0,cluster_12013799525_12013799526_2496228894,3,0,15
14314.0,cluster_12013799527_12013799528_2190601967,4,0,21
14314.0,cluster_12013799529_12013799530_473195061,4,2,21
14315.0,2496228891,4,0,21
14315.0,cluster_12013799525_12013799526_2496228894,3,0,15
14315.0,cluster_12013799527_12013799528_2190601967,4,0,21
14315.0,cluster_12013799529_12013799530_473195061,4,2,21
14316.0,2496228891,5,0,23
14316.0,cluster_12013799525_12013799526_2496228894,2,0,15
14316.0,cluster_12013799527_12013799528_2190601967,4,0,21
14316.0,cluster_12013799529_12013799530_473195061,4,2,21
14317.0,2496228891,5,0,21
14317.0,cluster_12013799525_12013799526_2496228894,2,0,15
14317.0,cluster_12013799527_12013799528_2190601967,4,0,21
14317.0,cluster_12013799529_12013799530_473195061,4,2,21
14318.0,2496228891,5,0,21
14318.0,cluster_12013799525_12013799526_2496228894,2,0,15
14318.0,cluster_12013799527_12013799528_2190601967,4,0,21
14318.0,cluster_12013799529_12013799530_473195061,4,2,21
14319.0,2496228891,5,0,21
14319.0,cluster_12013799525_12013799526_2496228894,1,0,15
14319.0,cluster_12013799527_12013799528_2190601967,4,0,21
14319.0,cluster_12013799529_12013799530_473195061,4,2,21
14320.0,2496228891,5,0,21
14320.0,cluster_12013799525_12013799526_2496228894,1,0,15
14320.0,cluster_12013799527_12013799528_2190601967,4,0,21
14320.0,cluster_12013799529_12013799530_473195061,4,2,21
14321.0,2496228891,5,0,21
14321.0,cluster_12013799525_12013799526_2496228894,1,0,15
14321.0,cluster_12013799527_12013799528_2190601967,4,0,21
14321.0,cluster_12013799529_12013799530_473195061,4,2,21
14322.0,2496228891,5,0,21
14322.0,cluster_12013799525_12013799526_2496228894,1,0,15
14322.0,cluster_12013799529_12013799530_473195061,5,2,23
14323.0,2496228891,5,0,21
14323.0,cluster_12013799525_12013799526_2496228894,0,0,15
14323.0,cluster_12013799529_12013799530_473195061,5,2,21
14324.0,2496228891,5,0,21
14324.0,cluster_12013799525_12013799526_2496228894,0,0,15
14324.0,cluster_12013799529_12013799530_473195061,5,2,21
14325.0,2496228891,5,0,21
14325.0,cluster_12013799525_12013799526_2496228894,0,0,15
14325.0,cluster_12013799527_12013799528_2190601967,4,2,21
14325.0,cluster_12013799529_12013799530_473195061,5,2,21
14326.0,2496228891,5,0,21
14326.0,cluster_12013799525_12013799526_2496228894,0,0,15
14326.0,cluster_12013799527_12013799528_2190601967,2,2,15
14326.0,cluster_12013799529_12013799530_473195061,6,2,23
14327.0,2496228891,5,0,21
14327.0,cluster_12013799525_12013799526_2496228894,0,0,15
14327.0,cluster_12013799527_12013799528_2190601967,4,2,23
14327.0,cluster_12013799529_12013799530_473195061,6,2,21
14328.0,2496228891,5,0,21
14328.0,cluster_12013799527_12013799528_2190601967,3,2,15
14328.0,cluster_12013799529_12013799530_473195061,6,2,21
14329.0,2496228891,5,0,21
14329.0,cluster_12013799527_12013799528_2190601967,3,2,15
14329.0,cluster_12013799529_12013799530_473195061,6,2,21
14330.0,cluster_12013799527_12013799528_2190601967,3,2,15
14330.0,cluster_12013799529_12013799530_473195061,7,2,23
14331.0,cluster_12013799525_12013799526_2496228894,3,2,15
14331.0,cluster_12013799527_12013799528_2190601967,2,2,15
14331.0,cluster_12013799529_12013799530_473195061,7,2,21
14332.0,cluster_12013799525_12013799526_2496228894,3,2,15
14332.0,cluster_12013799527_12013799528_2190601967,2,2,15
14332.0,cluster_12013799529_12013799530_473195061,7,2,21
14333.0,2496228891,3,2,15
14333.0,cluster_12013799525_12013799526_2496228894,3,2,15
14333.0,cluster_12013799527_12013799528_2190601967,1,2,15
14333.0,cluster_12013799529_12013799530_473195061,8,2,24
14334.0,2496228891,2,2,15
14334.0,cluster_12013799525_12013799526_2496228894,2,2,15
14334.0,cluster_12013799527_12013799528_2190601967,1,2,15
14334.0,cluster_12013799529_12013799530_473195061,8,2,21
14335.0,2496228891,2,2,15
14335.0,cluster_12013799525_12013799526_2496228894,2,2,15
14335.0,cluster_12013799527_12013799528_2190601967,1,2,15
14336.0,2496228891,2,2,15
14336.0,cluster_12013799525_12013799526_2496228894,2,2,15
14336.0,cluster_12013799527_12013799528_2190601967,0,2,15
14337.0,2496228891,1,2,15
14337.0,cluster_12013799525_12013799526_2496228894,1,2,15
14337.0,cluster_12013799527_12013799528_2190601967,0,2,15
14338.0,2496228891,1,2,15
14338.0,cluster_12013799525_12013799526_2496228894,2,2,15
14338.0,cluster_12013799527_12013799528_2190601967,0,2,15
14338.0,cluster_12013799529_12013799530_473195061,5,0,21
14339.0,2496228891,1,2,15
14339.0,cluster_12013799525_12013799526_2496228894,2,2,15
14339.0,cluster_12013799527_12013799528_2190601967,0,2,15
14339.0,cluster_12013799529_12013799530_473195061,4,0,21
14340.0,2496228891,0,2,15
14340.0,cluster_12013799525_12013799526_2496228894,2,2,15
14340.0,cluster_12013799527_12013799528_2190601967,0,2,15
14340.0,cluster_12013799529_12013799530_473195061,4,0,21
14341.0,2496228891,0,2,15
14341.0,cluster_12013799525_12013799526_2496228894,2,2,15
14341.0,cluster_12013799527_12013799528_2190601967,0,2,15
14341.0,cluster_12013799529_12013799530_473195061,4,0,21
14342.0,2496228891,0,2,15
14342.0,cluster_12013799525_12013799526_2496228894,3,2,15
14342.0,cluster_12013799527_12013799528_2190601967,0,2,15
14342.0,cluster_12013799529_12013799530_473195061,3,0,15
14343.0,2496228891,0,2,15
14343.0,cluster_12013799525_12013799526_2496228894,3,2,15
14343.0,cluster_12013799527_12013799528_2190601967,0,2,15
14343.0,cluster_12013799529_12013799530_473195061,3,0,15
14344.0,2496228891,0,2,15
14344.0,cluster_12013799525_12013799526_2496228894,3,2,15
14344.0,cluster_12013799527_12013799528_2190601967,0,2,15
14344.0,cluster_12013799529_12013799530_473195061,3,0,15
14345.0,2496228891,0,2,15
14345.0,cluster_12013799525_12013799526_2496228894,3,2,15
14345.0,cluster_12013799527_12013799528_2190601967,0,2,15
14345.0,cluster_12013799529_12013799530_473195061,2,0,15
14346.0,2496228891,0,2,15
14346.0,cluster_12013799525_12013799526_2496228894,3,2,15
14346.0,cluster_12013799527_12013799528_2190601967,0,2,15
14346.0,cluster_12013799529_12013799530_473195061,2,0,15
14347.0,2496228891,0,2,15
14347.0,cluster_12013799529_12013799530_473195061,2,0,15
14348.0,2496228891,0,2,15
14348.0,cluster_12013799529_12013799530_473195061,1,0,15
14349.0,cluster_12013799529_12013799530_473195061,1,0,15
14350.0,cluster_12013799525_12013799526_2496228894,0,0,15
14350.0,cluster_12013799527_12013799528_2190601967,6,0,21
14350.0,cluster_12013799529_12013799530_473195061,0,0,15
14351.0,cluster_12013799525_12013799526_2496228894,0,0,15
14351.0,cluster_12013799527_12013799528_2190601967,5,0,21
14351.0,cluster_12013799529_12013799530_473195061,0,0,15
14352.0,2496228891,2,0,15
14352.0,cluster_12013799525_12013799526_2496228894,0,0,15
14352.0,cluster_12013799527_12013799528_2190601967,5,0,21
14352.0,cluster_12013799529_12013799530_473195061,0,0,15
14353.0,2496228891,2,0,15
14353.0,cluster_12013799525_12013799526_2496228894,0,0,15
14353.0,cluster_12013799527_12013799528_2190601967,5,0,21
14353.0,cluster_12013799529_12013799530_473195061,0,0,15
14354.0,2496228891,3,0,15
14354.0,cluster_12013799525_12013799526_2496228894,0,0,15
14354.0,cluster_12013799527_12013799528_2190601967,5,0,21
14354.0,cluster_12013799529_12013799530_473195061,0,0,15
14355.0,2496228891,2,0,15
14355.0,cluster_12013799525_12013799526_2496228894,0,0,15
14355.0,cluster_12013799527_12013799528_2190601967,4,0,21
14355.0,cluster_12013799529_12013799530_473195061,0,0,15
14356.0,2496228891,3,0,15
14356.0,cluster_12013799525_12013799526_2496228894,0,0,15
14356.0,cluster_12013799527_12013799528_2190601967,4,0,21
14356.0,cluster_12013799529_12013799530_473195061,0,0,15
14357.0,2496228891,3,0,15
14357.0,cluster_12013799525_12013799526_2496228894,0,0,15
14357.0,cluster_12013799527_12013799528_2190601967,4,0,21
14357.0,cluster_12013799529_12013799530_473195061,0,0,15
14358.0,2496228891,3,0,15
14358.0,cluster_12013799525_12013799526_2496228894,0,0,15
14358.0,cluster_12013799527_12013799528_2190601967,3,0,15
14358.0,cluster_12013799529_12013799530_473195061,0,0,15
14359.0,2496228891,3,0,15
14359.0,cluster_12013799525_12013799526_2496228894,0,0,15
14359.0,cluster_12013799527_12013799528_2190601967,3,0,15
14359.0,cluster_12013799529_12013799530_473195061,0,0,15
14360.0,2496228891,2,0,15
14360.0,cluster_12013799525_12013799526_2496228894,0,0,15
14360.0,cluster_12013799527_12013799528_2190601967,2,0,15
14361.0,2496228891,2,0,15
14361.0,cluster_12013799525_12013799526_2496228894,0,0,15
14361.0,cluster_12013799527_12013799528_2190601967,2,0,15
14362.0,2496228891,1,0,15
14362.0,cluster_12013799525_12013799526_2496228894,0,0,15
14362.0,cluster_12013799527_12013799528_2190601967,2,0,15
14363.0,2496228891,1,0,15
14363.0,cluster_12013799525_12013799526_2496228894,0,0,15
14363.0,cluster_12013799527_12013799528_2190601967,1,0,15
14363.0,cluster_12013799529_12013799530_473195061,8,2,21
14364.0,2496228891,0,0,15
14364.0,cluster_12013799525_12013799526_2496228894,0,0,15
14364.0,cluster_12013799527_12013799528_2190601967,1,0,15
14364.0,cluster_12013799529_12013799530_473195061,6,2,21
14365.0,2496228891,0,0,15
14365.0,cluster_12013799525_12013799526_2496228894,0,0,15
14365.0,cluster_12013799527_12013799528_2190601967,0,0,15
14365.0,cluster_12013799529_12013799530_473195061,6,2,23
14366.0,2496228891,0,0,15
14366.0,cluster_12013799527_12013799528_2190601967,0,0,15
14366.0,cluster_12013799529_12013799530_473195061,6,2,21
14367.0,2496228891,0,0,15
14367.0,cluster_12013799527_12013799528_2190601967,0,0,15
14367.0,cluster_12013799529_12013799530_473195061,6,2,21
14368.0,cluster_12013799527_12013799528_2190601967,0,0,15
14368.0,cluster_12013799529_12013799530_473195061,5,2,21
14369.0,cluster_12013799525_12013799526_2496228894,5,2,21
14369.0,cluster_12013799527_12013799528_2190601967,0,0,15
14369.0,cluster_12013799529_12013799530_473195061,5,2,21
14370.0,cluster_12013799525_12013799526_2496228894,4,2,21
14370.0,cluster_12013799527_12013799528_2190601967,0,0,15
14370.0,cluster_12013799529_12013799530_473195061,4,2,21
14371.0,2496228891,0,2,15
14371.0,cluster_12013799525_12013799526_2496228894,4,2,21
14371.0,cluster_12013799527_12013799528_2190601967,0,0,15
14371.0,cluster_12013799529_12013799530_473195061,4,2,21
14372.0,2496228891,0,2,15
14372.0,cluster_12013799525_12013799526_2496228894,4,2,23
14372.0,cluster_12013799529_12013799530_473195061,4,2,21
14373.0,2496228891,0,2,15
14373.0,cluster_12013799525_12013799526_2496228894,4,2,21
14373.0,cluster_12013799529_12013799530_473195061,2,2,15
14374.0,2496228891,0,2,15
14374.0,cluster_12013799525_12013799526_2496228894,3,2,15
14374.0,cluster_12013799529_12013799530_473195061,2,2,15
14375.0,2496228891,0,2,15
14375.0,cluster_12013799525_12013799526_2496228894,3,2,15
14375.0,cluster_12013799527_12013799528_2190601967,1,2,15
14375.0,cluster_12013799529_12013799530_473195061,1,2,15
14376.0,2496228891,0,2,15
14376.0,cluster_12013799525_12013799526_2496228894,3,2,15
14376.0,cluster_12013799527_12013799528_2190601967,1,2,15
14376.0,cluster_12013799529_12013799530_473195061,1,2,15
14377.0,2496228891,0,2,15
14377.0,cluster_12013799525_12013799526_2496228894,1,2,15
14377.0,cluster_12013799527_12013799528_2190601967,2,2,15
14377.0,cluster_12013799529_12013799530_473195061,0,2,15
14378.0,2496228891,0,2,15
14378.0,cluster_12013799525_12013799526_2496228894,1,2,15
14378.0,cluster_12013799527_12013799528_2190601967,2,2,15
14378.0,cluster_12013799529_12013799530_473195061,0,2,15
14379.0,2496228891,0,2,15
14379.0,cluster_12013799525_12013799526_2496228894,0,2,15
14379.0,cluster_12013799527_12013799528_2190601967,2,2,15
14379.0,cluster_12013799529_12013799530_473195061,0,2,15
14380.0,2496228891,0,2,15
14380.0,cluster_12013799525_12013799526_2496228894,0,2,15
14380.0,cluster_12013799527_12013799528_2190601967,2,2,15
14380.0,cluster_12013799529_12013799530_473195061,0,2,15
14381.0,2496228891,0,2,15
14381.0,cluster_12013799525_12013799526_2496228894,0,2,15
14381.0,cluster_12013799527_12013799528_2190601967,2,2,15
14381.0,cluster_12013799529_12013799530_473195061,0,2,15
14382.0,2496228891,0,2,15
14382.0,cluster_12013799525_12013799526_2496228894,0,2,15
14382.0,cluster_12013799527_12013799528_2190601967,3,2,15
14382.0,cluster_12013799529_12013799530_473195061,0,2,15
14383.0,2496228891,0,2,15
14383.0,cluster_12013799525_12013799526_2496228894,0,2,15
14383.0,cluster_12013799527_12013799528_2190601967,2,2,15
14383.0,cluster_12013799529_12013799530_473195061,0,2,15
14384.0,2496228891,0,2,15
14384.0,cluster_12013799525_12013799526_2496228894,0,2,15
14384.0,cluster_12013799527_12013799528_2190601967,3,2,15
14384.0,cluster_12013799529_12013799530_473195061,0,2,15
14385.0,2496228891,0,2,15
14385.0,cluster_12013799525_12013799526_2496228894,0,2,15
14385.0,cluster_12013799527_12013799528_2190601967,3,2,15
14386.0,2496228891,0,2,15
14386.0,cluster_12013799525_12013799526_2496228894,0,2,15
14386.0,cluster_12013799527_12013799528_2190601967,3,2,15
14387.0,cluster_12013799525_12013799526_2496228894,0,2,15
14387.0,cluster_12013799527_12013799528_2190601967,2,2,15
14388.0,cluster_12013799525_12013799526_2496228894,0,2,15
14388.0,cluster_12013799527_12013799528_2190601967,2,2,15
14388.0,cluster_12013799529_12013799530_473195061,0,0,15
14389.0,cluster_12013799525_12013799526_2496228894,0,2,15
14389.0,cluster_12013799527_12013799528_2190601967,1,2,15
14389.0,cluster_12013799529_12013799530_473195061,0,0,15
14390.0,2496228891,4,0,21
14390.0,cluster_12013799525_12013799526_2496228894,0,2,15
14390.0,cluster_12013799527_12013799528_2190601967,1,2,15
14390.0,cluster_12013799529_12013799530_473195061,0,0,15
14391.0,2496228891,3,0,15
14391.0,cluster_12013799529_12013799530_473195061,0,0,15
14392.0,2496228891,3,0,15
14392.0,cluster_12013799529_12013799530_473195061,0,0,15
14393.0,2496228891,3,0,15
14393.0,cluster_12013799529_12013799530_473195061,0,0,15
14394.0,2496228891,2,0,15
14394.0,cluster_12013799525_12013799526_2496228894,0,0,15
14394.0,cluster_12013799527_12013799528_2190601967,0,0,15
14394.0,cluster_12013799529_12013799530_473195061,0,0,15
14395.0,2496228891,1,0,15
14395.0,cluster_12013799525_12013799526_2496228894,0,0,15
14395.0,cluster_12013799527_12013799528_2190601967,0,0,15
14395.0,cluster_12013799529_12013799530_473195061,0,0,15
14396.0,2496228891,1,0,15
14396.0,cluster_12013799525_12013799526_2496228894,0,0,15
14396.0,cluster_12013799527_12013799528_2190601967,0,0,15
14396.0,cluster_12013799529_12013799530_473195061,0,0,15
14397.0,2496228891,1,0,15
14397.0,cluster_12013799525_12013799526_2496228894,0,0,15
14397.0,cluster_12013799527_12013799528_2190601967,0,0,15
14397.0,cluster_12013799529_12013799530_473195061,0,0,15
14398.0,2496228891,0,0,15
14398.0,cluster_12013799525_12013799526_2496228894,0,0,15
14398.0,cluster_12013799527_12013799528_2190601967,0,0,15
14398.0,cluster_12013799529_12013799530_473195061,0,0,15
14399.0,2496228891,0,0,15
14399.0,cluster_12013799525_12013799526_2496228894,0,0,15
14399.0,cluster_12013799527_12013799528_2190601967,0,0,15
14399.0,cluster_12013799529_12013799530_473195061,0,0,15
14400.0,2496228891,0,0,15
14400.0,cluster_12013799525_12013799526_2496228894,0,0,15
14400.0,cluster_12013799527_12013799528_2190601967,0,0,15
14400.0,cluster_12013799529_12013799530_473195061,0,0,15
14401.0,2496228891,0,0,15
14401.0,cluster_12013799525_12013799526_2496228894,0,0,15
14401.0,cluster_12013799527_12013799528_2190601967,0,0,15
14401.0,cluster_12013799529_12013799530_473195061,0,0,15
14402.0,2496228891,0,0,15
14402.0,cluster_12013799525_12013799526_2496228894,0,0,15
14402.0,cluster_12013799527_12013799528_2190601967,0,0,15
14402.0,cluster_12013799529_12013799530_473195061,0,0,15
14403.0,2496228891,0,0,15
14403.0,cluster_12013799525_12013799526_2496228894,0,0,15
14403.0,cluster_12013799527_12013799528_2190601967,0,0,15
14403.0,cluster_12013799529_12013799530_473195061,0,0,15
14404.0,2496228891,0,0,15
14404.0,cluster_12013799525_12013799526_2496228894,0,0,15
14404.0,cluster_12013799527_12013799528_2190601967,0,0,15
14405.0,2496228891,0,0,15
14405.0,cluster_12013799525_12013799526_2496228894,0,0,15
14405.0,cluster_12013799527_12013799528_2190601967,0,0,15
14406.0,2496228891,0,0,15
14406.0,cluster_12013799525_12013799526_2496228894,0,0,15
14406.0,cluster_12013799527_12013799528_2190601967,0,0,15
14407.0,2496228891,0,0,15
14407.0,cluster_12013799525_12013799526_2496228894,0,0,15
14407.0,cluster_12013799527_12013799528_2190601967,0,0,15
14407.0,cluster_12013799529_12013799530_473195061,1,2,15
14408.0,2496228891,0,0,15
14408.0,cluster_12013799525_12013799526_2496228894,0,0,15
14408.0,cluster_12013799527_12013799528_2190601967,0,0,15
14408.0,cluster_12013799529_12013799530_473195061,0,2,15
14409.0,2496228891,0,0,15
14409.0,cluster_12013799525_12013799526_2496228894,0,0,15
14409.0,cluster_12013799527_12013799528_2190601967,0,0,15
14409.0,cluster_12013799529_12013799530_473195061,0,2,15
14410.0,2496228891,0,0,15
14410.0,cluster_12013799529_12013799530_473195061,0,2,15
14411.0,2496228891,0,0,15
14411.0,cluster_12013799529_12013799530_473195061,0,2,15
14412.0,cluster_12013799529_12013799530_473195061,0,2,15
14413.0,cluster_12013799525_12013799526_2496228894,1,2,15
14413.0,cluster_12013799527_12013799528_2190601967,1,2,15
14413.0,cluster_12013799529_12013799530_473195061,0,2,15
14414.0,cluster_12013799525_12013799526_2496228894,0,2,15
14414.0,cluster_12013799527_12013799528_2190601967,0,2,15
14414.0,cluster_12013799529_12013799530_473195061,0,2,15
14415.0,2496228891,0,2,15
14415.0,cluster_12013799525_12013799526_2496228894,0,2,15
14415.0,cluster_12013799527_12013799528_2190601967,0,2,15
14415.0,cluster_12013799529_12013799530_473195061,0,2,15
14416.0,2496228891,0,2,15
14416.0,cluster_12013799525_12013799526_2496228894,0,2,15
14416.0,cluster_12013799527_12013799528_2190601967,0,2,15
14416.0,cluster_12013799529_12013799530_473195061,0,2,15
14417.0,2496228891,0,2,15
14417.0,cluster_12013799525_12013799526_2496228894,0,2,15
14417.0,cluster_12013799527_12013799528_2190601967,0,2,15
14417.0,cluster_12013799529_12013799530_473195061,0,2,15
14418.0,2496228891,0,2,15
14418.0,cluster_12013799525_12013799526_2496228894,0,2,15
14418.0,cluster_12013799527_12013799528_2190601967,0,2,15
14418.0,cluster_12013799529_12013799530_473195061,0,2,15
14419.0,2496228891,0,2,15
14419.0,cluster_12013799525_12013799526_2496228894,0,2,15
14419.0,cluster_12013799527_12013799528_2190601967,0,2,15
14419.0,cluster_12013799529_12013799530_473195061,0,2,15
14420.0,2496228891,0,2,15
14420.0,cluster_12013799525_12013799526_2496228894,0,2,15
14420.0,cluster_12013799527_12013799528_2190601967,0,2,15
14420.0,cluster_12013799529_12013799530_473195061,0,2,15
14421.0,2496228891,0,2,15
14421.0,cluster_12013799525_12013799526_2496228894,0,2,15
14421.0,cluster_12013799527_12013799528_2190601967,0,2,15
14421.0,cluster_12013799529_12013799530_473195061,0,2,15
14422.0,2496228891,0,2,15
14422.0,cluster_12013799525_12013799526_2496228894,0,2,15
14422.0,cluster_12013799527_12013799528_2190601967,0,2,15
14422.0,cluster_12013799529_12013799530_473195061,0,2,15
14423.0,2496228891,0,2,15
14423.0,cluster_12013799525_12013799526_2496228894,0,2,15
14423.0,cluster_12013799527_12013799528_2190601967,0,2,15
14424.0,2496228891,0,2,15
14424.0,cluster_12013799525_12013799526_2496228894,0,2,15
14424.0,cluster_12013799527_12013799528_2190601967,0,2,15
14425.0,2496228891,0,2,15
14425.0,cluster_12013799525_12013799526_2496228894,0,2,15
14425.0,cluster_12013799527_12013799528_2190601967,0,2,15
14426.0,2496228891,0,2,15
14426.0,cluster_12013799525_12013799526_2496228894,0,2,15
14426.0,cluster_12013799527_12013799528_2190601967,0,2,15
14426.0,cluster_12013799529_12013799530_473195061,0,0,15
14427.0,2496228891,0,2,15
14427.0,cluster_12013799525_12013799526_2496228894,0,2,15
14427.0,cluster_12013799527_12013799528_2190601967,0,2,15
14427.0,cluster_12013799529_12013799530_473195061,0,0,15
14428.0,2496228891,0,2,15
14428.0,cluster_12013799525_12013799526_2496228894,0,2,15
14428.0,cluster_12013799527_12013799528_2190601967,0,2,15
14428.0,cluster_12013799529_12013799530_473195061,0,0,15
14429.0,2496228891,0,2,15
14429.0,cluster_12013799529_12013799530_473195061,0,0,15
14430.0,2496228891,0,2,15
14430.0,cluster_12013799529_12013799530_473195061,0,0,15
14431.0,cluster_12013799529_12013799530_473195061,0,0,15
